0.000237322705
0.000534088535
0.016800817325
0.000241049309
0.012104666754
0.04655833814
0.000852508238
0.021387730914
0.000245526173
0.000239649698
0.000245862551
0.000240593602
0.001112718422
0.030644547323
0.005166263537
0.016295921646
0.000239334682
0.000239760099
0.000244865875
0.005258079467
0.046560521923
0.01141949635
0.094708939211
0.10211505794
0.00052745964
0.000239839318
0.022478587831
0.052178598566
0.000242557612
0.006398348323
0.000243417569
0.000237291028
0.043508234625
0.057938176488
0.004296443003
0.000242507909
0.020783178605
0.025369145625
0.008325344142
0.004964363886
0.000242814294
0.005191850842
0.012908443101
0.009537915208
0.003624609291
0.018345359553
0.017789367293
0.027791701016
0.034739816834
0.000243290906
0.000247095995
0.008581840075
0.000234217419
0.000240379691
0.000242748445
0.000244858052
0.049026046627
0.058540450272
0.065932866121
0.00024373603
0.009776172525
0.012399705586
0.000240133112
0.013875801105
0.007297244186
0.000245619643
0.002771935654
0.021343655362
0.000239879147
0.031762645381
0.062109446967
0.06537972506
0.000242681127
0.00831464385
0.003171728866
0.006621223485
0.009291665769
0.01365925666
0.044186582967
0.000235238927
0.00024162311
0.009430911092
0.000240656772
0.000533386994
0.033331884074
0.039775123059
0.083575390211
0.090493885532
0.000241188061
0.003648198964
0.000235335399
0.000236717585
0.002973808533
0.013283019865
0.000236372049
0.000529523859
0.011737749257
0.000237272074
0.000529356025
0.0002360049
0.006579340138
0.000240825832
0.021399665947
0.035749467856
0.069625529336
0.010482043944
0.000238043914
0.006369514992
0.009152566821
0.003775212967
0.008192277586
0.033577683192
0.003791354004
0.009927323566
0.028598701143
0.003731991091
0.011130738753
0.000528294892
0.012675856441
0.017296424748
0.000239306065
0.015330949624
0.016498749404
0.067187376475
0.000241997473
0.008975693454
0.023330257748
0.024506094823
0.063892001622
0.000235720783
0.013483846252
0.020715679751
0.000244301463
0.000238281709
0.00052683407
0.000235924824
0.043022949176
0.062382231358
0.064129366046
0.009925565256
0.013922893837
0.039678393009
0.012941420531
0.000246592867
0.00305765879
0.042719399279
0.080415605702
0.01041536609
0.007035107098
0.012451168958
0.006419876228
0.00955230174
0.010135767148
0.007295026346
0.040105697661
0.000235344672
0.001423941752
0.011098704942
0.015240492448
0.018816589223
0.000238883774
0.000538451378
0.004171461517
0.000242785901
0.000535122553
0.000235929713
0.000239840584
0.062039989343
0.067826271834
0.000245450811
0.000235110941
0.000528065222
0.005966218571
0.007077833868
0.000237359917
0.009108956192
0.016148082322
0.071392826214
0.001983691086
0.01916248135
0.039617502976
0.043858110093
0.002998722206
0.005726669904
0.000236099382
0.00691663638
0.00851304678
0.010632830214
0.065163657908
0.000245684684
0.002383662079
0.001708845666
0.01477826121
0.019573557426
0.074642702478
0.000236414391
0.000529259936
0.004545773621
0.000534280925
0.009641317191
0.008630686157
0.000235631677
0.002106993358
0.006129738001
0.001111937782
0.000824574327
0.000240361218
0.004693147389
0.013846639125
0.002333712379
0.000245003013
0.002018704943
0.00871261667
0.000234431774
0.002087146005
0.000533825352
0.001115258655
0.034779813288
0.04264042856
0.00024557521
0.006370856667
0.001406742686
0.028825917509
0.000235234518
0.004480953497
0.062665011372
0.000528420091
0.00052934535
0.000234435453
0.008724897082
0.000240336427
0.007704848334
0.071621079152
0.000237951349
0.000238340563
0.000531593376
0.005905613944
0.000239541162
0.011448853774
0.038119047508
0.008611708523
0.015362367645
0.025159942554
0.062887674835
0.072238590003
0.000238335351
0.001456571598
0.000817488197
0.000527844882
0.013702887234
0.000529470435
0.0014438506
0.009866030131
0.015873825864
0.00024043516
0.000243816123
0.000240621308
0.00406072055
0.006582802842
0.003692663681
0.000246563297
0.003543609073
0.000235499062
0.000235987587
0.001719859207
0.011117670778
0.000533492501
0.000533780976
0.005814081164
0.000235184798
0.013852670368
0.07127454105
0.008805402868
0.000241886908
0.010128789718
0.003593910128
0.001712087843
0.021179235388
0.027201692129
0.000235731374
0.004094643266
0.000235504512
0.001134708888
0.013846163624
0.00023473529
0.000236590912
0.002366921064
0.002895923702
0.016150543973
0.064929574162
0.002062195324
0.005295166253
0.035487220694
0.000237858516
0.000831165683
0.0016342499
0.000243763643
0.000238613774
0.025767253795
0.032767393412
0.035390493416
0.000235271339
0.001758166609
0.002084179355
0.00024566277
0.00989796813
0.038596788373
0.053757213264
0.00023411435
0.000240652755
0.000242703766
0.001133069627
0.012782479952
0.000240096469
0.002041101924
0.033181333372
0.000239836801
0.000238144235
0.00810258198
0.068878616321
0.078215431756
0.005152709126
0.003156398782
0.076481979891
0.000860581121
0.000827364728
0.003658564943
0.001139444747
0.013020282637
0.000531882849
0.001129481708
0.014909832571
0.019871993379
0.001139870967
0.000243410039
0.007121753059
0.007412864829
0.059501666118
0.000246949367
0.001467382869
0.001121669438
0.000241338535
0.000534556011
0.004779424735
0.000234402783
0.003744281564
0.000246377175
0.004077576323
0.001112157876
0.015027725168
0.000245527499
0.000239219988
0.007241970591
0.015570259285
0.00024524097
0.000245995543
0.005197066221
0.022562996554
0.024018840238
0.000237862216
0.015248909458
0.019033422116
0.028637820739
0.00083954785
0.006735845177
0.005245201004
0.000245446041
0.066924496766
0.071271467493
0.000236840209
0.000530028663
0.000234122829
0.001109560174
0.00974824743
0.000241520234
0.000533299342
0.000245496221
0.005715262815
0.000241214142
0.005524839213
0.00082613836
0.000239273921
0.006996353066
0.00024262161
0.000241780742
0.006916432872
0.008497396963
0.000526667597
0.001412469205
0.000241544672
0.001445189641
0.001416824072
0.020590710075
0.033819778888
0.002714601504
0.006988462072
0.000238156361
0.003940559142
0.000243408576
0.000526701874
0.002049313952
0.00420598145
0.006271977088
0.000245721509
0.002072802553
0.000247322475
0.005893197978
0.001719477807
0.010175736871
0.000819786153
0.001111509313
0.004485784374
0.001424084296
0.000245164981
0.007821541513
0.01025712987
0.032012198259
0.050728595331
0.000241183342
0.000533668831
0.000824150671
0.006715538459
0.000235541449
0.000528508808
0.00877969414
0.026187622805
0.000234424555
0.007023148984
0.009517880199
0.000535418789
0.007409282912
0.00052785818
0.006655691746
0.008112498252
0.000244443743
0.000534538769
0.000824927292
0.000240665929
0.000237409204
0.003770803805
0.000235900072
0.007725666761
0.0257675274
0.009458942188
0.000242407588
0.00173654822
0.005891825812
0.01417782014
0.000238002592
0.000820695515
0.001403993819
0.014767986294
0.000234540273
0.007015704262
0.000235570919
0.001413294133
0.00404575277
0.000234394258
0.000526056601
0.000526890318
0.00024080679
0.001114869537
0.005421277581
0.015400313654
0.00023531853
0.000527364389
0.00694933085
0.013222312004
0.010729028325
0.011603308928
0.002907151863
0.009271421089
0.000245345924
0.003769398915
0.000236026055
0.000526597022
0.001453776995
0.002618154789
0.000820630722
0.000245139423
0.000535374776
0.001126607379
0.01481666083
0.000531110767
0.012423816383
0.013880729627
0.022034009534
0.000235494728
0.003945427545
0.000239200131
0.00083536657
0.000238999134
0.000530864917
0.005873455295
0.000527755964
0.001121962068
0.001122665536
0.008960696175
0.000234639041
0.000242701828
0.000527306797
0.000239870096
0.003170469155
0.000239555329
0.000528857024
0.00170805681
0.000242402352
0.002567323719
0.008417807998
0.00053855425
0.011918061202
0.024605390819
0.030717592346
0.010636007858
0.011800455395
0.022452511532
0.025945408342
0.000235077742
0.000244386038
0.000236910026
0.004482163213
0.009762266562
0.000533766588
0.002801085753
0.000239687939
0.001142887832
0.004754073663
0.004962666107
0.029693361496
0.000235311257
0.001149059202
0.007879276889
0.00599565341
0.048929274317
0.005157184189
0.003608960989
0.00140116166
0.006672972926
0.003284739905
0.00251150515
0.012731853527
0.013898497347
0.000237600772
0.002583515801
0.003167656095
0.000242513941
0.006850046943
0.000529078093
0.014213650504
0.000237960513
0.000243962267
0.000526144009
0.001110065399
0.003226901494
0.001403956716
0.002569237745
0.000527010751
0.00175683295
0.014031095649
0.004202482914
0.005498026994
0.004850154155
0.0008529395
0.006791986329
0.000239967804
0.002319673449
0.012288113341
0.014327610979
0.008414532948
0.018879649449
0.026326305307
0.000235199976
0.000836050262
0.005229455869
0.006723548651
0.000236915798
0.006342650334
0.009013836702
0.000241118373
0.009835882746
0.00265430389
0.000241480833
0.000244677497
0.002045749484
0.00052638391
0.000818130134
0.000235526297
0.000528223822
0.012218418046
0.002766981803
0.0032672066
0.003245393394
0.004766001626
0.003606334119
0.019141833054
0.000525336004
0.003027323447
0.043594259632
0.000233831197
0.000817039205
0.000239073019
0.008935544822
0.000238727159
0.000531928008
0.000242946025
0.003217480659
0.004548283163
0.000236851033
0.002024371272
0.000240015304
0.000531103395
0.000531708326
0.000235965311
0.008759959607
0.002073458375
0.000242628493
0.001144725815
0.018176163222
0.000240053382
0.006194955526
0.000236295664
0.004589689036
0.005173713679
0.002619081406
0.00789906258
0.000236081816
0.01275293047
0.004150135178
0.000527206039
0.018726783916
0.000243027227
0.002008050734
0.004377638556
0.000245470946
0.000236248318
0.001174223028
0.006490406076
0.000235314997
0.004422505248
0.016004796207
0.000820685195
0.00914354241
0.000241028533
0.020922054032
0.000532072585
0.003373268677
0.002810050198
0.018891934311
0.003008466053
0.000861587173
0.000526604214
0.027326993794
0.000240379155
0.000241466254
0.000246655742
0.000827690312
0.000237875962
0.004469722583
0.000243913252
0.000820395715
0.017931664132
0.004108759627
0.021434977259
0.011453688822
0.032422807559
0.000238399952
0.002937700683
0.008245053203
0.000242012512
0.00024597947
0.000243738109
0.000529638519
0.001151825857
0.00024393741
0.001794774267
0.007557754816
0.000245129222
0.0048233981
0.000531069646
0.009893960295
0.002929930656
0.006147620049
0.010516106387
0.013736533639
0.001112287797
0.004077484164
0.000244834694
0.001142282789
0.000246260832
0.001419717313
0.00234396761
0.000239379392
0.00115234063
0.001764305961
0.00023995315
0.000234364466
0.010256575702
0.00024623819
0.004234075922
0.000821691365
0.003202711981
0.008892628017
0.012944086124
0.017210335968
0.000235789493
0.007569744161
0.012584532352
0.017989537268
0.002838787442
0.000867272572
0.000242102251
0.007606813746
0.025994292408
0.000236929512
0.001175316747
0.000246776909
0.001758330548
0.003549365989
0.000241954831
0.0023707958
0.000238422024
0.000535851066
0.001734193328
0.010919658445
0.000243031527
0.005014902259
0.00677868464
0.001405534184
0.004053091848
0.003126820443
0.000235968533
0.001117174232
0.004907263724
0.013849415423
0.000840661559
0.000238735775
0.000240782435
0.003592224536
0.000242202953
0.003640908864
0.000237930782
0.002710404652
0.000241180175
0.000836564933
0.001463996423
0.00236358495
0.006215721985
0.000237525086
0.002569462588
0.006075844509
0.012316215354
0.003560006774
0.007086776891
0.000234174424
0.000527126424
0.002421475822
0.000236708746
0.000243310549
0.005749453262
0.009580626883
0.00053761824
0.000239967877
0.019916380061
0.000537190384
0.001706441396
0.000236735366
0.001138471555
0.002327929151
0.000245198592
0.000245804453
0.009276216911
0.027045635083
0.00086422836
0.000236023121
0.000244923802
0.000528677952
0.003214990395
0.000851565674
0.001719821755
0.002899984043
0.013038338098
0.006604335517
0.000828780517
0.001720802462
0.006184617678
0.000235554197
0.02118152282
0.001180085679
0.001141533637
0.000244805939
0.000534769418
0.000839328348
0.001435076763
0.00112543486
0.000820900073
0.000243554245
0.000246882434
0.00115939366
0.000235632449
0.000528070601
0.001152012681
0.000245426815
0.001775244585
0.000842828666
0.001425596678
0.002282550439
0.008160467867
0.008742515177
0.00948925029
0.000839419312
0.000247015431
0.000820862066
0.000822578275
0.000238526847
0.01040188401
0.000244949364
0.000526634704
0.000242834707
0.000537834251
0.002001197981
0.004335965285
0.000530417546
0.004987629071
0.029437734972
0.005470639244
0.002357528634
0.000236029961
0.000237507517
0.000243440543
0.000242734481
0.000238008711
0.000235553651
0.000854505629
0.000865679527
0.000234835049
0.001110277676
0.003763100834
0.000240461794
0.00024445518
0.000243941273
0.000244196323
0.000526952063
0.00083136345
0.000236125716
0.00177028431
0.015617248066
0.05366594997
0.091611870238
0.000236106923
0.000237585751
0.000240244425
0.000234310472
0.000840384008
0.000234976804
0.000528108219
0.00024316358
0.000246322847
