0.00023963104
0.005020002203
0.00477117665
0.000242266741
0.000234789388
0.000243537669
0.000239620535
0.005155150063
0.000240781739
0.005172439334
0.000241507748
0.001464342596
0.000235858267
0.000244884136
0.003602520583
0.000246788524
0.000833561243
0.001708947278
0.00535742825
0.002340245054
0.025269823015
0.006258637302
0.009562882814
0.000246671761
0.001478774719
0.000236129334
0.000527388222
0.003265293179
0.002324099286
0.0097604761
0.00024585537
0.005174169795
0.000245262874
0.001772239432
0.000244757797
0.000246849813
0.000235323014
0.000820603102
0.002073592641
0.000237302101
0.004433230911
0.000244667516
0.005092092553
0.000241575018
0.000241962616
0.000244660159
0.000240696827
0.000235170984
0.000235312548
0.000233981802
0.000526092647
0.001123755762
0.000234631847
0.000246246893
0.000246533959
0.000246002753
0.000245805966
0.000239544724
0.00487959338
0.000245373827
0.000235214892
0.000845560183
0.0002425365
0.00024091804
0.000533081572
0.000527826666
0.003493224387
0.000238052437
0.000532218951
0.002723385052
0.000246142691
0.000822295436
0.001155246519
0.000234281796
0.000817489424
0.000237534843
0.000234177623
0.000237354386
0.000831544615
0.004276199465
0.000533614127
0.006299430179
0.000238552042
0.000822324959
0.009758499794
0.000237095804
0.000237823113
0.004184134903
0.000531073043
0.000233565341
0.00052554185
0.000829633148
0.000238699039
0.000529055445
0.000242824936
0.000237377809
0.001759442577
0.000236734339
0.000240744013
0.000845514423
0.003838417432
0.00024077019
0.021754846175
0.000235191901
0.000239361281
0.000843883374
0.000240842275
0.000242960772
0.000241180557
0.000863228504
0.000537048078
0.000237735819
0.000243449205
0.000244409187
0.000827221192
0.000245449735
0.00024230822
0.000243590062
0.000866120478
0.001465077913
0.000236252973
0.001439332726
0.000246479847
0.000246882423
0.000243639952
0.000239720898
0.000849274189
0.000234086271
0.000534509339
0.000244871001
0.000854748598
0.000238333341
0.000239244704
0.0041220291
0.001747060472
0.000241173105
0.001167854954
0.000236635067
0.000239407991
0.00084009846
0.002427303332
0.000235369169
0.000852805565
0.000246242829
0.000237469987
0.000240703866
0.000240740326
0.002697359213
0.001114735091
0.001481268341
0.001136993834
0.000238493752
0.000236743653
0.010973636691
0.000855826308
0.000244809925
0.000238474201
0.000866206214
0.013786868336
0.000239183631
0.000245514026
0.001750677
0.000242164936
0.000236019054
