0.000237322705
0.000534088535
0.016800817325
0.000241049309
0.012104666754
0.04655833814
0.000852508238
0.021387730914
0.000245526173
0.000239649698
0.000245862551
0.000240593602
0.001112718422
0.030644547323
0.005166263537
0.016295921646
0.000239334682
0.000239760099
0.000244865875
0.005258079467
0.046560521923
0.01141949635
0.094708939211
0.10211505794
0.00052745964
0.000239839318
0.022478587831
0.052178598566
0.000242557612
0.006398348323
0.000243417569
0.000237291028
0.043508234625
0.057938176488
0.004296443003
0.000242507909
0.020783178605
0.025369145625
0.023150884162
0.00703238
0.000243983092
0.005075749014
0.008891120406
0.000235806448
0.002027172924
0.005276786246
0.009875476767
0.001730589194
0.021922539138
0.02512677171
0.000241794745
0.000244798925
0.007768613067
0.000243146017
0.000245359065
0.000243031181
0.000529755371
0.006179834306
0.017208690855
0.067822653213
0.000239379305
0.013818122452
0.036758114687
0.000237792268
0.01533449052
0.00741554054
0.000234995775
0.000244974446
0.002313610493
0.006456887947
0.000234409264
0.007035600626
0.019895846213
0.042169842495
0.096238338534
0.00024059045
0.008748653029
0.001112280988
0.006805503473
0.007388755429
0.018550014347
0.021171139595
0.000233878917
0.000238473361
0.009835822739
0.000240836596
0.000531659312
0.041964683213
0.063631780909
0.065690161676
0.000243977439
0.003637391498
0.000243457948
0.00052840306
0.003297749846
0.015936260383
0.000237151908
0.000238189307
0.008898748548
0.000238856491
0.00053164057
0.000236805305
0.002698022699
0.000239005517
0.005659584368
0.017062301864
0.041816480762
0.007721681603
0.000238276533
0.010761967623
0.017851176174
0.017183046732
0.026159684475
0.06212412544
0.003800488689
0.009085493734
0.021581843131
0.002819492166
0.019332911463
0.000525624306
0.000529273936
0.006401291269
0.013234667638
0.000526790737
0.022297746027
0.04598291248
0.000240278072
0.008804000279
0.000236924274
0.002998933206
0.014714592619
0.082647379356
0.000527991233
0.015380314718
0.000235550655
0.000528685705
0.000235541781
0.000526610141
0.000236775156
0.064122657922
0.065581322204
0.068232524713
0.006871460594
0.000532179151
0.007207609252
0.04910827631
0.004418751594
0.000242962263
0.002982322508
0.020084014417
0.040905504644
0.002253086775
0.004229600215
0.012876212899
0.004519957006
0.01347382918
0.047973055274
0.017596238781
0.055215974795
0.000236256988
0.003274334213
0.005440798319
0.009924844631
0.019146365395
0.000235445721
0.000531966423
0.004015233266
0.000237775152
0.000234991583
0.000240986319
0.007832802809
0.023051700902
0.023581874226
0.00024332127
0.000240333277
0.000532547394
0.006071584208
0.006639392542
0.000242648452
0.004059300943
0.085682833546
0.000531645907
0.002015965477
0.015787662855
0.041758847474
0.074214599336
0.004398057736
0.010415197784
0.009828383756
0.01790148482
0.009955922458
0.021280506418
0.097181436351
0.000237286252
0.002353548349
0.000817741542
0.007276263781
0.028165482567
0.04549840356
0.000239616965
0.011182664378
0.00052792205
0.02149742048
0.000239022033
0.004991800394
0.000245459481
0.002110309782
0.001467187306
0.000235074663
0.000525918257
0.001730673413
0.000864172502
0.00024527077
0.004806733635
0.021973133961
0.002861509204
0.000244900039
0.002512836423
0.005609612476
0.001482565763
0.001997133678
0.022428335618
0.035440646056
0.000238417154
0.007723002106
0.001449584102
0.041209943112
0.000243052247
0.005998714335
0.057067780167
0.000532471108
0.000533396367
0.00023695955
0.006075305651
0.000236982176
0.000246655246
0.002936651523
0.008885119133
0.000241662385
0.000234333467
0.000527015058
0.006517384882
0.000240366882
0.003619773346
0.068188596241
0.002290086531
0.006684421786
0.024326872549
0.068890119912
0.000241106419
0.001485465493
0.000844454683
0.002010629565
0.010020008042
0.000233591519
0.002008910505
0.014219589721
0.016906068286
0.000240464
0.000243389731
0.000526278678
0.003492769784
0.00518814736
0.000529425007
0.002378810357
0.000235099967
0.006171563189
0.000236589514
0.007664246015
0.005418636984
0.00052876516
0.000529053635
0.003290503534
0.000238879994
0.011198006373
0.011810239932
0.082999784168
0.005130256622
0.000236965986
0.012560116876
0.000240772412
0.000243177744
0.003891079607
0.000244777764
0.000529850821
0.002567525014
0.014898679482
0.028908353991
0.000244823657
0.002988330263
0.000240202488
0.000822378236
0.021014667391
0.000238649011
0.000528823511
0.002368153663
0.002788288265
0.047843022065
0.049009256216
0.000241369246
0.002309145286
0.011811485038
0.030435190484
0.000241609029
0.000527744808
0.001123802687
0.000854486728
0.000241839146
0.000239489176
0.008520250278
0.019063803331
0.035073510845
0.000528342873
0.001453188319
0.00023696332
0.001417448779
0.000241491238
0.000533898536
0.020168473679
0.065617722297
0.000235499699
0.000244575488
0.000234930663
0.000529199086
0.001403968499
0.011004972173
0.000235082311
0.001113929761
0.003459566463
0.000238632911
0.000245844903
0.011817477359
0.000531702568
0.016591263863
0.045835125075
0.081268036798
0.005047175183
0.003448038296
0.05986216158
0.000850218469
0.000824634977
0.005465930409
0.000823981956
0.007020485075
0.000242775452
0.000827058909
0.015282240734
0.029714397805
0.000824000589
0.000234856286
0.000527602305
0.004921123987
0.06740419212
0.00023855557
0.001136028944
0.001155293931
0.000238755277
0.000530342797
0.004407220942
0.000241182069
0.004278695227
0.000242231983
0.004455420239
0.000823156328
0.011484015957
0.000239381666
0.000240835156
0.002900080257
0.023304208163
0.00023463666
0.000233662464
0.001703880814
0.019994858954
0.021615674857
0.000245738433
0.016041420608
0.031533777884
0.039257224381
0.000537892434
0.012840791458
0.005567865293
0.000234886001
0.006653113156
0.067801131017
0.07316858505
0.07753885605
0.00024490812
0.000245049371
0.000237591769
0.000239023436
0.000835053327
0.007181404028
0.000243785636
0.000535447959
0.000238706324
0.007678390242
0.000238325814
0.004891307499
0.013114810794
0.000237558
0.000241250059
0.000534143708
0.005639712183
0.000241833699
0.000235106871
0.006687278754
0.003233842356
0.000241481354
0.001751044638
0.000235274554
0.001160919523
0.001707007872
0.013329332503
0.01698763683
0.008970912057
0.012118399818
0.000240392509
0.006382232091
0.00052984671
0.007477327217
0.004407223143
0.009163750588
0.000238191257
0.002764217656
0.0002373585
0.004977574704
0.000818138394
0.001983452085
0.000833752809
0.003626392383
0.003918323585
0.00144410388
0.000240869227
0.009908218518
0.012796908688
0.036531491037
0.03856782727
0.000234901822
0.000527319431
0.000855268637
0.006784643021
0.000237678496
0.000529318637
0.010666428528
0.012703682215
0.000245759565
0.005283678923
0.00763999391
0.000242389398
0.007238086664
0.000530519348
0.007781664941
0.010570442782
0.000818215777
0.000240501406
0.000243620544
0.005515839938
0.000528261593
0.006370921768
0.054237042656
0.007245205861
0.000234896671
0.00770928711
0.008584211145
0.041169469832
0.001401403438
0.001692557824
0.009470351179
0.000528389411
0.002289943811
0.000237022847
0.003808333492
0.005858820019
0.00023769658
0.000530547724
0.000246273897
0.004978636348
0.0058531642
0.037406910637
0.000234383036
0.004885211409
0.019468947579
0.002025432295
0.009758248748
0.010926094243
0.002350670849
0.004771812323
0.000240596751
0.003764649742
0.000234663797
0.002923156815
0.003505753749
0.000240834328
0.000827071199
0.000241100149
0.000533024286
0.010298653354
0.01606339248
0.000236332797
0.007004075634
0.016850579583
0.020588693271
0.000241535034
0.007245289832
0.000240618286
0.000823784725
0.000531101426
0.00330012366
0.000529924852
0.001137118524
0.000526898884
0.000819400853
0.010525246169
0.000239390413
0.000244600243
0.000532058169
0.000245183937
0.003041766794
0.000237951991
0.000528737309
0.005217236504
0.000245901208
0.002579075329
0.011363578469
0.000527512748
0.003443420735
0.008564555558
0.022560078428
0.011215362389
0.016457459897
0.048468386253
0.000236939509
0.000246247805
0.000240073159
0.005053464424
0.007977577635
0.00023705609
0.009143957254
0.000234825556
0.000819110039
0.005238915575
0.010525938775
0.012865900919
0.000530403453
0.003510628582
0.009114118347
0.006411040486
0.015733597034
0.068629864185
0.004910608851
0.003624955816
0.001110698987
0.005266714543
0.007325542649
0.002415470331
0.014150597714
0.02189889659
0.002606644195
0.005853425842
0.000234296077
0.006043511683
0.000241177927
0.010938089961
0.000234366985
0.000245815639
0.000529994904
0.001126885302
0.001709016629
0.000820058561
0.006128824511
0.002354081596
0.011142334374
0.002985086688
0.006500229182
0.006553699031
0.00084563564
0.005875414727
0.000238494873
0.002010148583
0.008539074845
0.028476864019
0.01310846889
0.012710264537
0.000241504765
0.001699931243
0.006689108673
0.007271503899
0.000236151638
0.000526645084
0.008517127224
0.010872049766
0.022796829009
0.002673462512
0.00023886245
0.000247318102
0.002098814556
0.001724245422
0.003484583783
0.000234724057
0.000234830267
0.011694165256
0.004015998137
0.006500783426
0.0032190564
0.007033679905
0.000528332687
0.003658945643
0.034537135805
0.000235459929
0.003920018177
0.000526541055
0.000240034992
0.014600746667
0.000234993254
0.000528609262
0.000243277034
0.003229035771
0.005861440679
0.000528144913
0.00173212207
0.0002427711
0.000533859191
0.000239069323
0.01096857065
0.003568975482
0.000238984704
0.000818565595
0.006476341971
0.000239910205
0.006116812349
0.000238652149
0.004667922391
0.004960282158
0.003479733638
0.007888634756
0.00023498155
0.008093072589
0.003845625741
0.000824608009
0.020230679046
0.000236231505
0.002626037181
0.008229716549
0.000235260471
0.000239088019
0.00111027461
0.018512226266
0.000235460806
0.000234767074
0.006019663272
0.006894783967
0.001144048955
0.008281109883
0.000246757599
0.016049790981
0.000528711279
0.003026930097
0.002644533189
0.032242331666
0.002653722585
0.000854659616
0.000525863258
0.029698941752
0.000234773101
0.0002358602
0.000236479837
0.000826241852
0.000246727999
0.010970697895
0.000235495573
0.00113178592
0.004364854871
0.003047539147
0.003372257169
0.010029683943
0.000239821549
0.002000945111
0.015455773229
0.0002449334
0.000235857342
0.000240679678
0.000526580088
0.001177535107
0.000246956576
0.00177972535
0.005107485433
0.000239507786
0.010833448693
0.000526903264
0.006191315498
0.003720233276
0.006029247855
0.010339406868
0.001111149311
0.010884979096
0.000238876939
0.001148236854
0.000242817454
0.000824462725
0.001422677317
0.000238993599
0.001138954837
0.002432594697
0.00023760106
0.00023673443
0.004439977694
0.000243208222
0.002633052181
0.000842051205
0.006923640287
0.009454616057
0.011291690582
0.013668625447
0.000234923312
0.010472489387
0.011055074106
0.011930628327
0.001132184561
0.000859159824
0.009608038254
0.010522092385
0.000244205788
0.001182593023
0.000242979482
0.002338403098
0.002045969877
0.0002367605
0.002515801619
0.000246066891
0.000530495933
0.000845581475
0.006250421517
0.000242173197
0.00349151946
0.004391952835
0.001416469262
0.003481941529
0.003398188336
0.000236093494
0.000818748957
0.002034340943
0.012755098385
0.000828019374
0.000239178257
0.000245847084
0.003559936519
0.000246394238
0.0030606664
0.000243385517
0.002711533718
0.00023459155
0.000818416773
0.001138686617
0.002398370577
0.003560661278
0.000530318032
0.005523674291
0.007579010231
0.007765774238
0.010440406946
0.000236248543
0.000527923005
0.002426576172
0.000236018143
0.00024548026
0.013337769429
0.004924226807
0.000531406596
0.000238416735
0.05061096957
0.000529318453
0.001724586724
0.000531562509
0.001115395783
0.001700497785
0.000245130469
0.000245521379
0.009646277198
0.000856842606
0.000240574838
0.000247503668
0.000536025832
0.004437561667
0.000838111336
0.001399954093
0.001982879356
0.005390340944
0.01000907298
0.00206708128
0.004240757357
0.005731125758
0.000237276672
0.045205277444
0.001149028807
0.001151210474
0.000245012081
0.00053497556
0.00112899259
0.004081148088
0.001125645003
0.000830494395
0.000242559092
0.050237571222
0.000243254533
0.001181765759
0.000235964246
0.000539300389
0.001147978052
0.000235342109
0.001771303563
0.001113897987
0.001710365275
0.004039961212
0.006888120597
0.008689180467
0.010729069639
0.000852096727
0.00024449719
0.000818343825
0.00086070877
0.000235769226
0.043849332274
0.000239110209
0.000527377186
0.000238989234
0.000533988778
0.003530845005
0.006471571565
0.000234860872
0.003224959719
0.003807335687
0.003966309015
0.002046247517
0.042105891938
0.000245017516
0.000246495072
0.000234791173
0.000245914061
0.000241172231
0.000236240846
0.000820183773
0.000847995918
0.000528065322
0.001111377863
0.001403021087
0.000240598904
0.0002408297
0.000242431026
0.00023965511
0.000526424411
0.000849147021
0.000245042709
0.001766201303
0.023479796149
0.057459256022
0.063779952368
0.000245296066
0.000243297779
0.000236610022
0.000240331279
0.00086163719
0.000239624578
0.000532755993
0.000244344366
0.000243694255
