0.000244759153
0.004891533307
0.000240482719
0.000238239491
0.000243008321
0.003018074376
0.000237494159
0.012295599085
0.000245791534
0.012050320064
0.005585733973
0.000841639335
0.02238074009
0.001795248151
0.000822811669
0.004495328574
0.022132365554
0.050815468671
0.005313113246
0.000531323807
0.008260688307
0.073680137636
0.009437324195
0.007704711996
0.00023576798
0.003037829914
0.000234950291
0.000242458029
0.004300053307
0.000239491503
0.000239657163
0.000240772012
0.000242285246
0.005268463588
0.011887691133
0.020796494629
0.004636226511
0.011819820958
0.000242058142
0.000236374698
0.00883472328
0.00024691773
0.001739473465
0.007052777675
0.000240329016
0.000527484778
0.016493733231
0.02228761935
0.070310153219
0.006009783475
0.014325413389
0.023011091876
0.027745846986
0.005169885821
0.000526092148
0.002350157313
0.005858297452
0.012182003449
0.000530416987
0.005784687994
0.000242064499
0.003634308525
0.000243628413
0.000238546155
0.010057275758
0.005193151288
0.000834841895
0.019497987666
0.03814319154
0.004092311545
0.008566222658
0.000234774276
0.000243079663
0.004315049478
0.017538721504
0.000234649572
0.004883509364
0.000239231332
0.00023798373
0.004220452157
0.000238370869
0.002689710728
0.000236043577
0.001112282076
0.014138844194
0.000535393769
0.003872677141
0.015245367702
0.000244383037
0.000526150839
0.00232801099
0.009139789127
0.000243814454
0.006477378524
0.004910142645
0.006698855164
0.003890484879
0.013037863128
0.004175486291
0.002933438036
0.007305488059
0.020998973777
0.000239981141
0.000848885826
0.000527555094
0.002404602191
0.000234694348
0.005192348806
0.004773321148
0.014413603527
0.035420066179
0.000238831354
0.000529775366
0.006109043569
0.00024046028
0.006339631092
0.012220137527
0.076870475323
0.000241917249
0.001774466882
0.000239239053
0.006488390393
0.0002438326
0.006350867779
0.000236121997
0.003522880718
0.030192557225
0.003898791199
0.000234841363
0.000859111211
0.000245841086
0.020141256488
0.000234609351
0.000526945205
0.000526639458
0.001137271003
0.0068403067
0.043751159637
0.00379902843
0.007659502637
0.000238172617
0.000239568551
0.012121494398
0.059348188575
0.000239385823
0.008029316127
0.000239037883
0.000855485794
0.000530391959
0.001759968831
0.002973826811
0.000235303278
0.000528498262
0.000820704981
0.000242357846
0.000534858131
0.000246409777
0.005480252903
0.000236917111
0.0018441647
0.000244189839
0.000241851398
0.006069094397
0.05992553487
0.004889075038
0.000243614168
0.003314899988
0.004101651552
0.000238015521
0.009966399454
0.012046499666
0.028350096859
0.096260557657
0.00024347241
0.000246944487
0.006840663094
0.001163882889
0.00053175632
0.001128155145
0.009109222725
0.000234772583
0.000234846146
0.000242171494
0.000825938531
0.007295977402
0.009043364117
0.000243155242
0.00143687154
0.011760989764
0.000235457093
0.00053337621
0.003536486971
0.007853441505
0.000527926955
0.000244799383
0.000236281601
0.004853407202
0.015405228514
0.000240737403
0.003265440514
0.000236292754
0.000528473922
0.009524758136
0.000244073671
0.000240010913
0.001482579205
0.002568154487
0.026444587768
0.000237184589
0.000528712651
0.001435163414
0.008110122909
0.001114572577
0.0055252649
0.013192925122
0.000236914693
0.005238644382
0.011963852409
0.021472225093
0.000531880994
0.000236466797
0.000246747089
0.003252696553
0.01328160392
0.000244508608
0.003776246105
0.003920592776
0.003770491369
0.000236287506
0.00052815916
0.001125288606
0.002002612016
0.001127593566
0.013043707365
0.002042563587
0.009040813516
0.000241308779
0.000825596639
0.001407731765
0.000245291411
0.000531213323
0.001115142173
0.000238110834
0.000235745629
0.009820297399
0.000244454345
0.005584838836
0.036965936972
0.011408635087
0.027856663282
0.000236390504
0.002329865044
0.007048416764
0.010051425448
0.000239307096
0.000239881984
0.000530524843
0.001127960919
0.000246333254
0.000244739447
0.001405589272
0.002887809804
0.00024045136
0.000529275969
0.004366356832
0.005177463446
0.021597674733
0.000527116955
0.022276953184
0.023296063864
0.004247191754
0.000237681518
0.000238072124
0.000528741915
0.007895327502
0.064591487851
0.000239830009
0.000533047318
0.000824980325
0.026605547352
0.00672044176
0.000237287875
0.001137860207
0.001400129261
0.007029185834
0.014691101793
0.005834516758
0.016417413086
0.016999649894
0.009878427453
0.014088160952
0.002697088335
0.000242248367
0.000244321121
0.005693748507
0.000238179993
0.003495154151
0.010268457873
0.000236603683
0.000527042426
0.000533444827
0.000825360531
0.003619166067
0.000236592939
0.0005291213
0.002202125133
0.021989750281
0.00230476694
0.010292382934
0.005108508104
0.000527937157
0.001996267254
0.000235505538
0.009793336698
0.000234644424
0.00023877669
0.000236411928
0.000233801063
0.007819650429
0.033901393601
0.039304124476
0.000247233002
0.000533866139
0.000234774209
0.000240467369
0.000527539529
0.000528250438
0.004204732687
0.000241777738
0.00053354499
0.001177311849
0.000240088013
0.000531481162
0.006575366303
0.000246654303
0.000527638142
0.003584428297
0.000235097557
0.001136028276
0.000236656487
0.000242702072
0.00351381414
0.008287044911
0.000244319149
0.008936247029
0.000242770852
0.000529358146
0.00023550625
0.000823862007
0.00205187518
0.003217271058
0.000235498061
0.000235853223
0.000530639336
0.000244093765
0.000820133228
0.000237079062
0.00115023679
0.000246249282
0.000241238091
0.00429776171
0.000245049213
0.000237354138
0.002336215924
0.009317027365
0.000233897434
0.000239241724
0.000528255838
0.002935670467
0.006164868945
0.000241199777
0.000533197522
0.000529298599
0.004491353185
0.005146815813
0.002393457476
0.000528962447
0.001415300112
0.005394914931
0.014116213573
0.000529824028
0.002012649269
0.001181801152
0.000247289045
0.00189196242
0.00633724168
0.00863590476
0.00111974679
0.004069940842
0.026360755607
0.000239421201
0.007751185424
0.000236081876
0.000236091101
0.000527811089
0.000828948829
0.000237184386
0.000528620789
0.00084117583
0.003489005448
0.000239651945
0.007641762224
0.012433837175
0.000240804911
0.000238574807
0.000832878967
0.002886527627
0.002612694999
0.000243051835
0.000239326905
0.011735343119
0.000239076521
0.000839197177
0.001421251816
0.00023930077
0.003575914708
0.00024040381
0.00053208035
0.001698582913
0.000827626822
0.000237408959
0.000237438983
0.000234684577
0.000843807784
0.000240346398
0.006628327837
0.000246238607
0.000817871873
0.000246432157
0.000829924169
0.001169001713
0.004572248956
0.012638523244
0.000235757221
0.001423338667
0.003462063255
0.000239304566
0.004102286021
0.00201656365
0.011554016429
0.004189550966
0.000245940219
0.008303758033
0.002674490382
0.004295643748
0.002637722455
0.012553993551
0.000238828645
0.000234948772
0.000821390964
0.00382722458
0.0002372138
0.005181887188
0.000534372895
0.005033989761
0.015814409838
0.000865719613
0.007412679511
0.00024039005
0.010288115864
0.000238296049
0.001109834575
0.002276154696
0.000828206213
0.013512868989
0.000236884231
0.000816796369
0.003160778252
0.013672104135
0.000235319401
0.0002363614
0.001127279247
0.00408169744
0.008442070924
0.03028067556
0.000235346484
0.004531385028
0.008272374885
0.000240152605
0.000245749561
0.000243709537
0.00118243316
0.002449336625
0.000238163635
0.001418167825
0.000241360366
0.000241654908
0.000535089236
0.000238838127
0.014571061735
0.000239804044
0.01224273316
0.039347649644
0.003236701399
0.009333533374
0.000527635559
0.009075829696
0.013955193475
0.015478279614
0.000837202158
0.009256463465
0.00024623984
0.00024713118
0.000243867021
0.000243885717
0.000236217558
0.000238778975
0.000531508775
0.000823502402
0.003872839247
0.045087952082
0.000237135982
0.000234436565
0.003201513444
0.007749515279
0.003424734246
0.031556423
0.001147566487
0.00629943071
0.001126565353
0.000845210882
0.000238051636
0.010892609016
0.000240529342
0.000532462278
0.001142914082
0.000236431191
0.000535781481
0.000241322774
0.00024561267
0.06073769304
0.000235941861
0.000242524351
0.000234194741
0.00024077036
0.000527480553
0.000837729081
0.000236354636
0.000242499167
0.000234836654
0.000244247837
0.000526624753
0.001136545666
0.004620852853
0.00024172641
0.003341176853
0.011903255817
0.006104930132
0.000246990398
0.000850459789
0.000241697868
0.000528898156
0.001126790327
0.000841925173
0.000235574744
0.000245237249
0.000240008032
0.000236409238
0.000527140726
0.001454953737
0.000534150317
0.000845433545
0.005273754859
0.010214658213
0.006258543044
0.004196717733
0.011242313813
0.000238394043
0.00024161423
0.000239491816
0.000530800286
0.005981984503
0.000235034243
0.000239604997
0.000239494628
0.004891312402
0.001181980093
0.000529098277
0.000529387495
0.000235037427
0.001130525184
0.00287682892
0.010268490087
0.000233941934
0.000244555091
0.003333069769
0.009641863505
0.000243809323
0.002673206961
0.000242448167
0.000236567386
0.002695578549
0.000245408961
0.000242625013
0.000237209032
0.006117293109
0.006872396719
0.002383862764
0.00588299356
0.000236259803
0.000529338455
0.003558657998
0.002690590028
0.000237679865
0.000245064422
0.003975147401
0.000235116155
0.006343962486
0.009715241527
0.000236327938
0.000244183531
0.00427179636
0.000236093697
0.000840952185
0.002339800481
0.000529631309
0.001132752111
0.005197797925
0.001160266839
0.000838638947
0.000241244226
0.005734898002
0.000238602986
0.000243025169
0.000235328371
0.000531384693
0.001146473648
0.006391112802
0.050636586633
0.000535486043
0.000238106867
0.002093507599
0.001122213911
0.000236478694
0.009734052772
0.000238601074
0.000234537891
0.00235502507
0.00293770368
0.000235244162
0.000240467677
0.000528836344
0.003338767344
0.000235882395
0.000244269298
0.006420992024
0.000238794249
0.002732408158
0.000240284728
0.000235647781
0.000246268178
0.000242423341
0.000864408441
0.005242049788
0.000238894354
0.000240511304
0.002542288187
0.00498041535
0.007696262312
0.009354658666
0.000239155949
0.001751351035
0.000239537101
0.000240259573
0.000242384877
0.000560414941
0.000237535089
0.004944649633
0.000235087911
0.004778065116
0.000237919421
0.001756696688
0.012214828349
0.00053170047
0.000239116048
0.000247113892
0.000239191639
0.000239450531
0.000239856701
0.001165544625
0.000241003725
0.000849094233
0.007731787499
0.000239074879
0.000240657655
0.000236768038
0.000536808958
0.000243681208
0.000246767514
0.000245737925
0.000841824639
0.001444219884
0.007020767513
0.000239021973
0.0017641341
0.000245740098
0.000245020049
0.000236914349
0.000241897923
