0.021317857528
0.000534795582
0.010948766468
0.012100206804
0.000239038302
0.000533583403
0.000531174514
0.008910291931
0.000234199807
0.000245845051
0.020052978733
0.00023837588
0.000243054227
0.004573680196
0.000530518712
0.002937573129
0.000236874582
0.001505542034
0.000527126919
0.000244986576
0.012240987273
0.002629035393
0.012347010405
0.027719051327
0.002383122699
0.00543191088
0.007016529267
0.000239816893
0.001751870427
0.000238065031
0.003633239998
0.000234196915
0.000529166431
0.010118955749
0.003801558331
0.010482350029
0.000235693408
0.000244727823
0.000240764511
0.006667240552
0.004219084526
0.000233943108
0.009054913745
0.038417962884
0.017838596991
0.032428944259
0.001126178903
0.000826695076
0.005580663195
0.006438514576
0.009364901913
0.000236586996
0.007298343289
0.053657338327
0.004709314495
0.011923012962
0.021133653818
0.009207424422
0.000235202092
0.000238772357
0.004208952478
0.002085677573
0.004829631087
0.017811704672
0.000238279105
0.000242448572
0.00023610399
0.00456649644
0.000861958299
0.000233377694
0.000242425434
0.000244062682
0.000239153486
0.001448522068
0.001493182269
0.003334601559
0.011929977657
0.000236416063
0.00024365707
0.000238556257
0.000244910467
0.005895043222
0.045836734857
0.000242116575
0.0017688399
0.001805210784
0.005761208128
0.000528395692
0.005422278367
0.000236520721
0.000244525878
0.003247102629
0.000237968677
0.000839886147
0.000536916352
0.041893507126
0.000238540937
0.000531187848
0.000243527222
0.000536186884
0.000235754271
0.000237029528
0.000245377505
0.000854109212
0.00023434888
0.002339008362
0.000234380224
0.006096825568
0.000235956086
0.000528801479
0.005746653112
0.002960561686
0.000233765484
0.000240040369
0.000526810723
0.00222651338
0.000240207213
0.010199553398
0.000242661353
0.000243084899
0.00024374932
0.002081843741
0.000244886283
0.000245057295
0.000235945599
0.004915778032
0.007905403757
0.000246356589
0.002667371943
0.00921916118
0.0002420545
0.002779193544
0.007331888612
0.025565209063
0.000243392232
0.00275410389
0.000237545835
0.000240373809
0.000240950365
0.002979081549
0.000235139941
0.000246871347
0.000856597231
0.000237744532
0.003483251451
0.00024540469
0.000239947376
0.000240047229
0.002467169727
0.005144645498
0.000234788836
0.000235104747
0.000246020604
0.000246760137
0.000245267469
0.000822871108
0.000244249725
0.000244265138
0.000244800374
0.002214200399
0.000236926296
0.002979514566
0.000242969611
0.000241590409
0.001933819728
0.000234713048
0.000527306902
0.002091795677
0.000245025388
0.000238307219
0.000245046802
0.000245211147
0.00023646242
0.00399723641
0.000237216331
0.004574099636
0.000244604766
0.006677330647
0.000241476475
0.001129246924
0.00413426568
0.001405845118
0.008862239896
0.000526214667
0.005229218747
0.000862235364
0.001734718266
0.000529181928
0.000234264921
0.002528636682
0.00023495439
0.000817857629
0.000237825287
0.003214220303
0.002016054186
0.011861839813
0.000241620368
0.004973404678
0.000247131355
0.000235129334
0.000838909749
0.000239352128
0.000531672634
0.000238371064
0.000241016666
0.004328098212
0.009947117955
0.000236955659
0.00023708612
0.002418788981
0.000534371072
0.000242357658
0.00024671438
0.004116436374
0.007070492827
0.005451508828
0.000532335918
0.000242724998
0.00514117722
0.001695138887
0.005396039495
0.003369013502
0.001149590406
0.004250378264
0.0040072724
0.000817608038
0.002607700827
0.000242865124
0.001154782058
0.000234745749
0.001121954284
0.006531016727
0.00276577795
0.009144601925
0.000848233552
0.000242211418
0.003039665626
0.000825091348
0.003210620039
0.000236520122
0.000528817741
0.000830358376
0.000237622128
0.000243528697
0.001790265544
0.000236758604
0.000241306002
0.000841825656
0.000241491745
0.00086567722
0.000537490403
0.000235466941
0.000241167247
0.009616592164
0.000238350717
0.003293411244
0.000236857001
0.00024246542
0.004560091007
0.000239244043
0.001746646945
0.000244370791
0.000235830431
0.005829328133
0.000239460489
0.001458646203
0.000537909989
0.000241048883
0.000236416854
0.004544118833
0.000235406607
0.00024308186
0.000243336924
0.00024132404
0.000533825722
0.000852916392
0.00024365429
0.001428262818
0.003810899737
0.014792550974
0.00053340534
0.004436241824
0.002057522966
0.000246538504
0.001142505332
0.000244455588
0.000245892153
0.000533322275
0.00410774949
0.000238097686
0.000538466424
0.001407743777
0.000233413545
0.001915711301
0.040657574282
0.002540470848
0.000241209593
0.001140348178
0.001146558296
0.004833936642
0.000236878139
0.000539262892
0.000526793082
0.001432787503
0.000236554866
0.000526813101
0.000246041784
0.000240499619
0.000529177372
0.003232146591
0.002014218985
0.005308622848
0.000240466524
0.004272539952
0.000832655108
0.001456604054
0.003851789564
0.001143150625
0.00024346104
0.000245042589
0.001312754209
0.002890215678
0.000244332019
0.000528988379
0.000240680416
0.002237149524
0.00023982904
0.001789848477
0.003919400206
0.000243212509
0.000235573349
0.002225187688
0.000527341939
0.000238475258
0.000533668567
0.002203514221
0.01076710475
0.003000338208
0.00023787128
0.000242077217
0.000233862454
0.000234838714
0.000239387438
0.000235601717
0.003534722976
0.00024562634
0.000245502859
0.000243506248
0.000243063519
0.000234917082
0.00024375527
0.000243123456
0.000240857695
0.000237937949
0.000246811496
0.000236553803
0.000241152147
0.000237277114
0.000238295496
0.000238310899
0.000243871114
0.000238505346
0.000238187166
0.000239056393
0.000239732567
0.000240480819
0.00023505254
0.000241818602
0.000236802552
0.00023692893
