0.000244759153
0.004891533307
0.000240482719
0.000238239491
0.000243008321
0.003018074376
0.000237494159
0.012295599085
0.000245791534
0.012050320064
0.005585733973
0.000841639335
0.02238074009
0.001795248151
0.000822811669
0.004495328574
0.022132365554
0.050815468671
0.005313113246
0.000536681842
0.011453419175
0.057768884905
0.019110495171
0.005902001816
0.00023961792
0.002647694027
0.000244730246
0.000241213686
0.010122930814
0.000245468307
0.000245633967
0.000235743356
0.000242018366
0.007231701785
0.009287290753
0.011326068346
0.020274907911
0.028725125964
0.029602129398
0.000236166765
0.000237477124
0.015420909037
0.00024025164
0.000234820007
0.002331786453
0.006791202223
0.000243383786
0.000240208629
0.01262309138
0.05729435465
0.063597837643
0.002679840756
0.011507910212
0.021128116946
0.031236249652
0.000235528866
0.004002615638
0.000531937747
0.003563906193
0.00269563448
0.018605849887
0.000535013952
0.006852317416
0.000239669677
0.003739821988
0.000245669624
0.000242223079
0.007448688665
0.006182914967
0.000862888144
0.014818562523
0.055769827296
0.003921619749
0.064518623042
0.000240838667
0.000531213783
0.008402085194
0.009212372942
0.00024317651
0.005002853526
0.00024700615
0.000237700594
0.004285255113
0.000238919709
0.002658345285
0.000533260981
0.001989687597
0.002866863593
0.007824960955
0.00053293328
0.004856025538
0.016255863067
0.000234691792
0.000240447295
0.002587706112
0.014852839127
0.000241343435
0.006564481807
0.004509490453
0.010199078579
0.004829357774
0.008231657318
0.007665336622
0.003234080434
0.008177939648
0.017021257032
0.000241482372
0.000850387057
0.000241627939
0.000534337131
0.00507170635
0.000239521747
0.003507694765
0.004948751251
0.005835220759
0.007000338282
0.000235788339
0.000528227292
0.006731188904
0.000241530749
0.006894203042
0.009513414704
0.060540048276
0.000246242587
0.006280725463
0.000236460242
0.00601065459
0.000242150409
0.004264529404
0.000234425343
0.000236360838
0.003241927306
0.020649121439
0.005516876288
0.000241781901
0.000865353653
0.000243629219
0.014399713273
0.000239629375
0.00111407662
0.000843323233
0.00962780883
0.066772552094
0.003678700696
0.000245149482
0.00397063502
0.000237683338
0.000239291021
0.005159152372
0.006338657895
0.000242442184
0.0098549845
0.000237214866
0.000846662777
0.000537058844
0.001770060329
0.002451000558
0.000242696749
0.000535891733
0.000828098452
0.00024532348
0.005095576092
0.000237212025
0.001785448097
0.000235883927
0.007846580096
0.00930303415
0.003607281046
0.000244415583
0.003599983492
0.022805765492
0.000234088115
0.007047446329
0.000528196841
0.002931291396
0.004692265301
0.037300351088
0.000245838487
0.000241313613
0.006843760424
0.00118836483
0.000526948792
0.001136354699
0.022354558554
0.000238217684
0.000238291247
0.000238074707
0.001138856365
0.00350705687
0.004963082342
0.000238517097
0.001432233395
0.011012954279
0.000240983482
0.000532194854
0.00395488104
0.010371712124
0.000527263037
0.000240096756
0.000238488989
0.003962629204
0.01679444492
0.000242245906
0.003994876898
0.000240195184
0.000532376352
0.003712413678
0.000245752787
0.000242096934
0.001471665226
0.006189551985
0.024878385921
0.000238285617
0.000529813679
0.001707448047
0.016303972686
0.001734492629
0.002914557651
0.004082897996
0.000244732489
0.007303910845
0.01707855521
0.029583353343
0.000525774048
0.000235730465
0.000238562726
0.003477651033
0.004669325491
0.000238427915
0.003618773697
0.00459463686
0.003595977495
0.000233778939
0.000525778967
0.001108908389
0.005350929154
0.001137899915
0.029791155337
0.002036078143
0.01221432452
0.000238446542
0.000822734402
0.002585185395
0.000236389036
0.000820345105
0.000243827869
0.00024179465
0.005536319048
0.00023561209
0.032002221864
0.04732768189
0.003593548694
0.056720639308
0.000239061769
0.001697780289
0.009143227462
0.007810278409
0.000236080903
0.000236655791
0.00052729865
0.001111823184
0.000234728123
0.000245938277
0.001114068758
0.002875283684
0.000238162137
0.000527228624
0.005812012451
0.007128538019
0.012793284515
0.001724003911
0.00817740704
0.022728153835
0.002465496728
0.000241903127
0.000247061821
0.000526879589
0.005609968787
0.065872078957
0.000234454109
0.000533656083
0.000530755391
0.00082309752
0.025741867871
0.007280442169
0.000529278099
0.001112850431
0.00140026925
0.004996703866
0.014519171165
0.000238922592
0.007739787271
0.015976981548
0.036066240345
0.016591653254
0.019997177058
0.002342554787
0.000240696335
0.000246423217
0.008984033597
0.000242307459
0.004394845099
0.015744798797
0.00023670128
0.000530372962
0.00024062275
0.000824218564
0.001115485721
0.003669332636
0.000240039979
0.00053256834
0.001433278192
0.016183251114
0.00233717807
0.010796167172
0.000525658627
0.005088074827
0.000532269049
0.001114375573
0.000236898385
0.003952903908
0.000233994351
0.000235293274
0.000235781517
0.00023510586
0.011350154196
0.023000889024
0.000242391577
0.000526226587
0.000235844116
0.000245077727
0.000528033239
0.003554020956
0.000238316787
0.000530084039
0.001150829652
0.000237823618
0.000529216767
0.008920356799
0.000237385706
0.002863811467
0.000238217771
0.001139142937
0.000246446045
0.00024657077
0.003404100692
0.006267325661
0.000234492354
0.003857180272
0.000242165729
0.000531907626
0.000234825461
0.000526084751
0.000526628871
0.000820819128
0.002030208944
0.003805455205
0.000240554694
0.000240909856
0.00052801461
0.000246463043
0.000817680504
0.000235309862
0.00113546759
0.000245315332
0.000240217922
0.005926301358
0.00023455299
0.000246264606
0.002011173847
0.010180451907
0.000238036006
0.000241810253
0.000237131876
0.000529279187
0.003265070562
0.006026076373
0.000236240356
0.000528583735
0.000535098979
0.003699802722
0.004989308855
0.003830221917
0.000235469895
0.00169307556
0.004872358925
0.008675210214
0.001123140697
0.004531214153
0.001159635926
0.000235367945
0.002299036051
0.004958045416
0.00653014506
0.003072825482
0.015854597681
0.018974912404
0.000239199211
0.006121075599
0.000243506754
0.000525543779
0.00081698518
0.000240359071
0.000531795474
0.001136140583
0.004376901902
0.000242562053
0.005830910757
0.025916768587
0.00024453551
0.000532121286
0.003182807385
0.003763924379
0.002016513452
0.000240507163
0.000245727471
0.009695247728
0.000237963129
0.000828768957
0.001426013123
0.000236022086
0.002677321823
0.000238639599
0.000530311885
0.002318638642
0.000829897557
0.000236099096
0.000528683337
0.000243442648
0.000865565855
0.000237749531
0.008552160133
0.00023380467
0.001127206634
0.000242833325
0.000838652969
0.001140320849
0.005381164562
0.006721213445
0.00024209197
0.002022988369
0.002619562495
0.000238200143
0.004012520526
0.002608426456
0.013549055468
0.005910704844
0.000242965148
0.013294216401
0.003019012697
0.005271825402
0.000833702886
0.012257123463
0.000239540174
0.000240255149
0.000823708129
0.004296875453
0.000243294468
0.005067972516
0.000233862262
0.002872882311
0.013537976228
0.000830325186
0.007910995836
0.000246340508
0.007463673082
0.000235008948
0.000239728888
0.000824220106
0.004655127628
0.000534753002
0.006917544163
0.000242002483
0.000527996433
0.003160724862
0.009025175115
0.000243783172
0.00024700911
0.000846927246
0.007030927217
0.002667969036
0.00800296003
0.000530442913
0.007212065217
0.008976157207
0.000234020022
0.000244071897
0.000241251357
0.00114097498
0.002471622749
0.000526413043
0.001428465983
0.000236170453
0.000240466432
0.000536663455
0.000243225583
0.00840682506
0.000240322654
0.009422298492
0.00667307646
0.010487352948
0.000531976789
0.016624538643
0.025116282947
0.000822768988
0.00570424297
0.000240035753
0.000240927093
0.000246196216
0.000238235198
0.000237699873
0.000241770457
0.00052964475
0.00908446126
0.000234980439
0.000239857687
0.003115910586
0.007049801894
0.00334260083
0.04457110021
0.00148201562
0.006457563557
0.00176295139
0.000855511464
0.000246547098
0.008343306945
0.000238149649
0.000238965392
0.001140417196
0.000243914663
0.000538398893
0.000233919162
0.0002347608
0.011923402428
0.053608173357
0.000239885263
0.000246302773
0.000237435728
0.000528747438
0.000831575048
0.000238513974
0.000243989948
0.000236077832
0.000244988033
0.000527364949
0.001111285862
0.033703643127
0.000240737851
0.003287680322
0.006136606868
0.007111327942
0.000245537384
0.000836006775
0.000242212066
0.000529412354
0.001127304525
0.000837464804
0.000238753965
0.000240071692
0.000246063187
0.000237607446
0.000239830592
0.000533365422
0.001419714599
0.000530090754
0.001120397239
0.003617087153
0.005683632272
0.01094031774
0.008723642743
0.046727863502
0.000237210049
0.000246989862
0.000237834559
0.000529143029
0.00562254714
0.000240046721
0.000235516105
0.000246373998
0.005011870494
0.001152833237
0.00023434776
0.000819119298
0.000244846093
0.000823291777
0.00431840807
0.004902262459
0.000246408829
0.000239841397
0.003299844774
0.008351487069
0.002635474596
0.00023474545
0.000234511956
0.002389523119
0.000236520645
0.000238338145
0.000246206725
0.00654024169
0.008857000539
0.002402711247
0.005978591457
0.000234926693
0.000528005345
0.003824769933
0.04528067033
0.002693508377
0.000241393654
0.000238490546
0.00363972533
0.00023838504
0.004457418531
0.006645363561
0.000242137048
0.000242532875
0.00458680211
0.000234814131
0.000865672619
0.002416520915
0.000528651877
0.001459984544
0.005159910701
0.00115220437
0.000236109268
0.000827733569
0.000243688889
0.007748730273
0.000234765752
0.00023972648
0.000245819493
0.000528875815
0.001133647367
0.00573857343
0.000527492223
0.000243639576
0.002008040308
0.001180363539
0.000245964744
0.037786653986
0.000246946692
0.000239064581
0.002318668578
0.004664238971
0.000239281456
0.000240883227
0.000538314649
0.003309245649
0.000240031396
0.000244644493
0.004209284431
0.000237770295
0.004568924466
0.00023879821
0.000242576952
0.000244916646
0.000236253127
0.000845238227
0.00753187453
0.000240981366
0.000234965225
0.00738145761
0.00268863925
0.006675623121
0.005762165444
0.00024545881
0.001744653896
0.000236012507
0.000238901052
0.000239017506
0.00023907662
0.000531106684
0.000240997603
0.005767695588
0.000239703336
0.004676906143
0.000236700859
0.002663992553
0.005189951676
0.000534414954
0.000234849407
0.000236143984
0.000243829846
0.000244088738
0.000244494908
0.001157182832
0.000246732912
0.000868514209
0.003556481618
0.000246518316
0.000235457817
0.000240577288
0.000537020888
0.000237141965
0.000245012292
0.000239752396
0.000826977427
0.00084883911
0.008152544851
0.00023861762
0.001769737255
0.000240637205
0.000234819021
0.000242418292
0.000236647829
