0.021317857528
0.000534795582
0.010948766468
0.012100206804
0.000239038302
0.000533583403
0.000531174514
0.008910291931
0.000234199807
0.000245845051
0.020052978733
0.00023837588
0.000243054227
0.004573680196
0.000530518712
0.002937573129
0.000236874582
0.001505542034
0.000527126919
0.000244986576
0.012240987273
0.002629035393
0.012347010405
0.027719051327
0.002383122699
0.00543191088
0.007016529267
0.000239816893
0.001751870427
0.000238065031
0.003633239998
0.000234196915
0.000529166431
0.010118955749
0.003801558331
0.010482350029
0.000235693408
0.000244727823
0.000240764511
0.006667240552
0.004219084526
0.000233943108
0.009054913745
0.038417962884
0.017838596991
0.032428944259
0.001126178903
0.000826695076
0.005580663195
0.006438514576
0.009364901913
0.000236586996
0.007298343289
0.053657338327
0.00883831158
0.012104807143
0.024781898132
0.008646223678
0.000238702527
0.000242272792
0.005979915126
0.00454191787
0.012111737976
0.04532268999
0.000236071833
0.0002402413
0.004910029446
0.000846044106
0.000237544183
0.000241496443
0.00024431871
0.000246650074
0.001482018656
0.001453603836
0.021541232391
0.031002488154
0.000234745441
0.000241986448
0.00024324957
0.000236839213
0.00490198303
0.048452763531
0.000236687985
0.00178941131
0.001807650022
0.006471589866
0.000233616962
0.004835582984
0.000235992912
0.000243998069
0.002312161084
0.000235400431
0.000850317901
0.000535887707
0.012360450345
0.000239563877
0.000532210788
0.000240889105
0.000533548767
0.000234781284
0.000245493339
0.000239509548
0.000861241255
0.002698522873
0.000238517967
0.004884950851
0.000235348954
0.000528194347
0.001161974335
0.007955054798
0.005223321799
0.000239246763
0.000245971878
0.000234295544
0.001826995839
0.000238762055
0.003332282173
0.000238857571
0.00023499275
0.000238381408
0.002050475829
0.000240748552
0.000240919564
0.000242975206
0.005291121018
0.004732184573
0.000241738156
0.005312055796
0.004008232661
0.000237976282
0.002697115326
0.0087936382
0.009958659775
0.000243361961
0.002676073619
0.00023533635
0.000235146199
0.000234321991
0.002988427635
0.000239304369
0.000239882033
0.000852747377
0.000242931973
0.00300609476
0.000237502249
0.000243837242
0.000243937095
0.003169678647
0.013156037427
0.000239379473
0.000239695384
0.00024019848
0.000240938013
0.000246473404
0.000234126218
0.000524774547
0.001147523981
0.000235562316
0.000245684582
0.000246219818
0.00023652941
0.006231463789
0.000240456022
0.006075029275
0.000246468794
0.000245409967
0.001824228124
0.000237218543
0.000239067802
0.000529096513
0.001481451116
0.00023588945
0.000234249857
0.000235801147
0.000235965492
0.000235730265
0.003803419785
0.000234196424
0.005800038536
0.000239917378
0.006025747479
0.000245410966
0.000826066534
0.002917910876
0.000236403405
0.000820872473
0.001999556559
0.000532050701
0.004357093081
0.000853486727
0.004855705228
0.00053176403
0.000241059167
0.002371872916
0.000832267419
0.000244378078
0.009516620372
0.003514486918
0.01138424404
0.000237587668
0.005283726297
0.000236015106
0.000242612714
0.000859393129
0.000238512007
0.000530832513
0.000239162937
0.000241148807
0.005158139215
0.010106554193
0.000240979181
0.000241109642
0.002331812503
0.000529896527
0.000238082474
0.004105487966
0.004979882774
0.006543418369
0.000527356845
0.000245050531
0.005320553299
0.002622356718
0.004396380827
0.006869604568
0.001164634929
0.004263519656
0.003882210148
0.000819484659
0.003764289662
0.000245889947
0.001183806881
0.000242031244
0.000825367377
0.003473616243
0.002714306485
0.008790568787
0.000862685215
0.000238252794
0.002783707002
0.000820371479
0.013177598185
0.000241722146
0.000534019765
0.000863410921
0.000241694467
0.000243017039
0.001737753886
0.000241719669
0.000235684046
0.0008232037
0.000237670862
0.000861856337
0.000532382189
0.000235687016
0.000242140257
0.00544666939
0.000530273445
0.004471493681
0.000243803859
0.000244845455
0.00368249483
0.000240693733
0.001722096635
0.000247334088
0.000236315528
0.005861493507
0.000235685241
0.001428870955
0.000537515132
0.000235537338
0.000243890945
0.008823914449
0.000234669807
0.00024234506
0.000240386341
0.000526104829
0.000568223804
0.000247423928
0.000530686704
0.001988888503
0.002022745782
0.00407713846
0.00053764103
0.005137587177
0.002396725102
0.000242749945
0.005319874484
0.000233874674
0.000235311239
0.000536800815
0.003320722809
0.000241765125
0.000534739032
0.001415666744
0.000243052248
0.003910155108
0.037750255604
0.002360786559
0.000240786156
0.001140702747
0.002028028338
0.005277963869
0.000236795952
0.000531224765
0.00052630252
0.000840491739
0.000245162016
0.000536519881
0.000242413204
0.000245291324
0.000532104333
0.003522649387
0.002043844312
0.005772504696
0.000236654477
0.003279506205
0.000862027382
0.000842338312
0.003654933909
0.035817784948
0.000244705677
0.000234679744
0.001194610894
0.003614565839
0.000242870798
0.000534859159
0.000244356116
0.002074774395
0.000243655905
0.002059354277
0.003575981231
0.000245235111
0.000243950636
0.002095711945
0.000527598896
0.000243075497
0.00053348913
0.003310886767
0.010603313758
0.002999840661
0.000241439208
0.000243387429
0.000236722318
0.000237698578
0.000243154128
0.000240009443
0.003615382456
0.00024438876
0.000244020702
0.000242150427
0.00024570066
0.000243116824
0.000241195683
0.000245115601
0.000244024519
0.00023723651
0.000235384735
0.000234283816
0.000244559784
0.000242900906
0.000236116427
0.00023613183
0.00024655956
0.000245128803
0.000242482954
0.000243352181
0.000243305325
0.000243104221
0.000236497291
0.000242819623
0.000237440854
0.000237305143
