86
82
64
90
77
95
50
84
87
68
90
68
62
53
69
77
69
82
93
71
111
73
123
99
111
124
129
144
145
168
80
61
218
176
94
148
169
151
150
67
174
219
99
64
65
64
301
345
129
96
123
150
117
132
107
107
102
121
150
99
126
122
122
113
145
126
136
108
121
90
124
94
107
234
257
359
134
293
143
115
130
159
136
86
89
204
285
200
303
271
139
137
130
508
372
146
88
78
446
306
109
160
320
81
392
72
98
80
483
404
157
147
78
84
127
124
105
97
101
89
89
90
83
393
343
72
372
296
69
238
359
64
210
317
47
199
52
243
317
244
289
354
46
44
32
26
17
15
2
5
