31
176
197
187
190
174
193
21
26
30
34
32
94
84
66
59
58
54
38
35
41
33
73
55
71
75
81
81
72
70
73
58
63
70
60
68
69
67
150
196
63
73
115
169
57
76
66
76
80
141
191
135
221
87
116
177
119
195
132
75
104
106
109
159
100
87
128
108
79
107
109
83
106
99
95
79
108
89
103
94
106
106
73
124
116
138
125
130
109
123
124
129
141
213
85
193
154
264
248
128
72
142
139
86
147
115
131
99
156
144
165
126
171
154
169
154
176
179
178
177
177
185
169
176
189
141
272
527
379
264
204
172
225
224
500
177
288
381
154
127
218
134
161
128
151
200
199
186
246
194
306
281
220
248
411
589
210
141
493
304
262
310
315
354
471
228
471
279
409
333
253
328
221
238
294
267
231
292
217
280
81
285
301
58
312
161
122
155
302
300
327
147
331
356
358
47
85
357
49
113
