35
200
198
201
182
197
210
30
37
37
38
32
91
87
58
55
52
54
39
40
54
42
71
76
73
76
84
70
95
85
97
84
79
55
71
80
71
85
167
200
59
73
111
189
61
78
60
78
80
158
194
120
210
55
116
171
115
176
129
69
87
77
111
148
108
81
107
90
84
107
111
71
109
120
104
76
106
77
108
58
108
104
80
118
111
125
110
111
102
129
119
145
143
238
64
226
149
293
271
131
70
148
123
83
157
134
130
110
131
170
132
117
142
163
152
164
155
193
179
164
201
205
156
203
179
171
217
542
419
245
197
175
205
214
507
179
295
375
160
122
178
121
145
126
153
176
148
231
256
256
281
275
226
224
415
615
210
119
522
290
271
283
366
394
388
210
437
287
389
323
262
342
277
231
315
279
241
316
235
281
78
290
289
61
306
169
117
147
317
305
322
144
327
336
356
42
69
339
50
93
