35
200
198
201
182
197
210
30
37
37
38
32
91
87
58
55
52
54
39
40
54
42
71
76
73
76
84
70
95
85
97
84
79
55
71
80
71
85
167
200
59
73
111
189
61
78
60
78
80
158
194
120
210
55
116
171
115
176
129
69
87
77
111
148
108
81
107
90
84
107
111
71
109
120
104
76
106
77
108
58
108
104
80
118
111
125
110
111
102
129
119
145
143
238
64
226
149
293
271
131
70
148
123
83
157
134
130
110
131
170
132
117
142
163
152
164
155
193
179
164
201
205
156
203
179
171
217
542
419
245
197
175
205
214
506
179
295
375
160
122
178
121
145
126
153
177
148
231
257
257
281
275
216
212
422
615
196
115
535
288
254
284
367
394
386
199
448
322
402
348
255
349
284
232
319
275
252
319
238
281
71
282
284
61
310
162
119
146
315
308
328
148
336
345
356
40
76
347
50
93
