89
91
66
83
67
87
40
73
88
87
92
64
83
77
78
66
70
86
85
65
101
59
101
68
96
93
103
125
131
173
91
75
223
168
96
140
207
157
169
70
174
215
94
75
70
65
292
349
148
126
140
149
122
135
111
103
98
129
129
115
126
135
114
123
128
117
138
100
91
93
110
76
107
290
251
346
122
314
148
125
121
170
170
104
94
192
261
235
307
301
143
155
125
482
422
132
95
102
479
354
136
176
319
95
468
90
113
113
535
444
177
151
84
76
130
118
110
94
93
80
95
91
88
408
386
75
364
302
72
247
349
64
208
309
53
184
53
231
316
231
313
320
47
39
29
26
17
16
4
2
