8
20
17
21
21
29
18
7
15
7
12
10
28
30
23
12
19
23
17
24
25
21
32
27
39
32
31
25
37
29
40
29
28
18
27
22
47
27
2
2
38
38
4
1
36
27
52
49
14
88
47
34
44
18
36
37
23
33
40
24
30
29
36
31
37
29
29
29
23
37
35
27
29
40
35
29
31
18
39
23
36
38
22
42
41
37
41
38
36
41
30
76
68
1
28
11
78
8
7
75
35
78
41
33
38
26
22
28
37
52
42
41
47
46
32
32
50
25
31
26
35
33
47
29
32
16
112
26
20
101
88
58
90
104
45
50
133
32
23
33
50
32
48
29
25
49
27
42
53
34
47
51
100
94
31
62
79
59
75
51
99
64
59
39
48
84
96
44
99
92
62
101
65
61
71
66
52
58
49
55
35
50
45
29
64
64
44
49
54
55
47
42
50
57
53
20
33
56
18
52
