7
22
11
20
15
22
18
4
11
10
12
10
26
26
18
16
18
20
22
17
19
21
30
22
30
30
34
33
34
38
27
26
32
24
26
19
44
25
1
1
32
48
4
2
34
18
44
43
16
90
39
30
52
18
36
34
22
39
41
21
30
35
35
46
37
36
36
30
24
31
40
24
27
30
34
29
38
25
37
22
34
37
21
43
39
36
42
41
40
43
39
79
82
1
35
5
87
6
11
72
30
73
27
27
24
26
30
26
35
46
41
41
45
46
33
34
47
33
35
28
32
23
47
25
26
13
87
29
15
102
79
50
89
117
53
39
121
38
32
33
63
37
41
35
30
49
28
47
50
32
51
54
70
82
34
57
84
69
83
46
118
56
61
41
49
95
74
45
103
108
63
82
61
67
71
62
48
67
52
52
38
47
53
28
62
66
55
64
60
65
56
52
62
57
64
25
36
67
18
44
