0.000238788959
0.000526035748
0.015047295855
0.000242292961
0.027509743334
0.043631214591
0.000538552931
0.02177136126
0.000246962037
0.000243339374
0.000241777702
0.0005263151
0.000244307905
0.057097902394
0.01348156101
0.017305497775
0.000242487075
0.000247055333
0.000246513262
0.004997406222
0.051414486635
0.023119097737
0.060808358743
0.087967203259
0.000240900277
0.011769732019
0.177581549135
0.000237334715
0.010440372171
0.000242045113
0.000242862313
0.019176471848
0.065479857809
0.000243207614
0.03254749338
0.000234685795
0.000241229128
0.007477481246
0.019262843456
0.007291492014
0.000235289185
0.003361235711
0.000234414127
0.000246886302
0.009318554673
0.008997189631
0.011063745362
0.06370499257
0.053739168504
0.062065388475
0.000239369068
0.01143366084
0.039239265335
0.041329282271
0.011856351839
0.00023456868
0.006407539558
0.030246692443
0.034239497678
0.000537013209
0.027951630194
0.062166077973
0.000239625736
0.010985652381
0.006296488047
0.000240083043
0.003236775153
0.006340809202
0.003273356263
0.007181030762
0.026499710015
0.043629384344
0.00024453429
0.005443571681
0.006094616237
0.009591877101
0.011629105686
0.028484279753
0.027808728796
0.057511395295
0.006969547425
0.008847284355
0.000242613988
0.012857755032
0.006171070732
0.022112466258
0.063209595264
0.064932005411
0.000236806532
0.000233855692
0.007026607906
0.013674283631
0.000238931548
0.000536193012
0.012463659857
0.000234716417
0.00052677939
0.00024134044
0.007800925044
0.000243111741
0.003492963923
0.016202012382
0.02593994897
0.016198284455
0.01832337074
0.000235301989
0.012521255124
0.001413516593
0.004641288947
0.041355127273
0.072376381732
0.008308616992
0.009474586652
0.017619506048
0.000240516306
0.004691606157
0.044857796926
0.076069846989
0.002384537875
0.019468647893
0.000237467178
0.017793974368
0.054665107697
0.00634521358
0.00024685883
0.0254681567
0.049398610701
0.070398402556
0.000238317191
0.01288140071
0.000237466409
0.000530576696
0.000239461341
0.00023989616
0.003498822001
0.022332289861
0.026979134092
0.008865263347
0.028220399184
0.000531338516
0.005908382548
0.009535420609
0.000240298913
0.003599211614
0.05609798226
0.010459490739
0.040154469896
0.005362677527
0.008812403044
0.000233506433
0.00053357725
0.001504413337
0.023150085211
0.000527029979
0.025605663344
0.033164140441
0.061554514222
0.064354140711
0.000241423185
0.006457258857
0.009435322887
0.011056895345
0.000243392809
0.000527265225
0.008719880688
0.000237723532
0.000530012562
0.000240353444
0.00024707237
0.027316905164
0.055500645092
0.0643869475
0.006071679774
0.000530277144
0.007720872599
0.000240159737
0.000244733894
0.017949734798
0.114203585967
0.005530929124
0.014168997612
0.021187612058
0.00023370835
0.00023532086
0.002450030308
0.000237580682
0.000529988955
0.01156341649
0.031954328689
0.064868228321
0.000237730277
0.000533035245
0.00422201988
0.007451445972
0.01774750354
0.000240676659
0.000532654394
0.003523459921
0.008908369239
0.000237212894
0.002990725665
0.000241418346
0.001773878377
0.00236306159
0.002893378006
0.003502692289
0.000238109915
0.000245370155
0.00228549546
0.007602918761
0.019559552564
0.006956591886
0.000235051061
0.008256487379
0.000857211078
0.000235885455
0.000528546076
0.000818742329
0.013538757649
0.000233998575
0.000818452801
0.001400591966
0.007305753056
0.000526786619
0.000535738302
0.013039190693
0.095486076805
0.000818340763
0.008454045536
0.020789405646
0.000240676139
0.001446025302
0.000242875672
0.00488502113
0.000240353544
0.000244563042
0.006181421811
0.019751803343
0.000235731127
0.008121930645
0.000236207005
0.048382694426
0.069629294998
0.005648736034
0.015199022388
0.020615132518
0.081594856321
0.000528506912
0.00229963468
0.017842179658
0.002582640947
0.005231260726
0.008009026037
0.000239660687
0.000532134333
0.001116319699
0.018928599823
0.000238967038
0.001420731207
0.027717260718
0.004845365999
0.000535770475
0.007627708972
0.008665802676
0.000526744497
0.005853054119
0.000533932784
0.004232979518
0.000237311211
0.000240525482
0.009010716178
0.000246741525
0.007420500893
0.000243625639
0.000536610068
0.006923152541
0.000237620404
0.012767354613
0.01568016217
0.069519076912
0.001150487737
0.000239414958
0.008287981209
0.009288502701
0.000240878941
0.00657099238
0.000241263759
0.000534475258
0.004738938054
0.000243067633
0.00082868308
0.006378188639
0.017822603103
0.000239582105
0.000234696426
0.000817954387
0.01853018226
0.000239058084
0.000530933038
0.005071222063
0.001763150025
0.002096655186
0.076420732554
0.001432370033
0.004994130605
0.049642884832
0.000237145726
0.000241271638
0.000823053616
0.000244289008
0.000234597672
0.000237323883
0.001123575269
0.000236825607
0.004694127937
0.00527628973
0.00023761443
0.00052945324
0.001126331412
0.000242073504
0.005589822399
0.000235529226
0.000237025091
0.000834560112
0.002900565171
0.001416481941
0.009879579993
0.000862213944
0.000241227424
0.000532568313
0.00381705596
0.012549522256
0.000237046831
0.000820621265
0.002292113649
0.000234017202
0.00023667747
0.012133397207
0.000238764185
0.074981242072
0.001721285492
0.021098866706
0.001425780979
0.003441970436
0.036766544715
0.053326491439
0.000236532707
0.000857646106
0.007686572814
0.000822179626
0.020754867097
0.000822607028
0.067908632207
0.005378390131
0.007141330935
0.014981616432
0.034183720386
0.000242361512
0.000534931887
0.000826339515
0.00023756957
0.009659556106
0.020192392421
0.00023694795
0.000236307004
0.000528287889
0.000240586072
0.000533873255
0.005971477406
0.000240588607
0.000530347691
0.000244747234
0.006042449848
0.000823741769
0.019386648786
0.000241054182
0.00053318707
0.005876011463
0.036897777597
0.003494461831
0.000236171663
0.005543796085
0.009645845199
0.020405020927
0.011497694846
0.014715772057
0.001985848654
0.016741370768
0.007705012389
0.013734073678
0.000236694675
0.000237100132
0.003176316046
0.010634936358
0.000234691672
0.007075585211
0.008998641321
0.000234400851
0.000235454484
0.000819956774
0.007681435822
0.000525901627
0.000526694151
0.000245757585
0.006620572534
0.000237294692
0.002911993369
0.00052893242
0.008083220233
0.00024149004
0.000532519524
0.004995562094
0.000238842496
0.000237012414
0.00113823931
0.009848764269
0.008847232716
0.007966315926
0.000235040038
0.000235867153
0.006418569939
0.024972569672
0.000239453527
0.001419994461
0.014898250296
0.000244615368
0.000240534455
0.000529435293
0.006373420623
0.003201733006
0.004366336903
0.000238212067
0.00393116913
0.000235973667
0.003923102514
0.002903948584
0.007692557609
0.000240595321
0.006880174825
0.000240310997
0.014030014075
0.020649415971
0.001437295258
0.000240681204
0.000831500229
0.007152587582
0.010360510944
0.02511038712
0.001121744208
0.007125079747
0.003178186081
0.005534423843
0.025381514808
0.000237590689
0.007358638699
0.009104965022
0.012924349559
0.027045967047
0.057090538774
0.00023619539
0.0002366893
0.00052930666
0.001124461272
0.039445417853
0.000236545297
0.000243177566
0.000529498888
0.00024630896
0.004534554299
0.000237752694
0.000530150683
0.00023408501
0.001782746058
0.00052996562
0.007759729075
0.005572912194
0.013340062985
0.001465103992
0.000237359076
0.004753999404
0.003486617553
0.011657593113
0.040000102186
0.001428649083
0.011328161229
0.020611961321
0.000235685845
0.000527096649
0.000527935983
0.001718423574
0.000243437258
0.005536099074
0.004525983703
0.008961583475
0.024662108367
0.003847290084
0.000233257002
0.000235633358
0.011137869234
0.044757315813
0.001125322738
0.001417720987
0.000240776994
0.000235870567
0.0005278428
0.000529874685
0.004204913899
0.026143821112
0.000246231137
0.000837038629
0.011957066458
0.001475681509
0.000241399941
0.00230963966
0.002892365235
0.010345057609
0.000818274365
0.000237509339
0.000240240046
0.000530550071
0.000526878415
0.002275417482
0.004327886924
0.009878514429
0.000233335276
0.004900772037
0.000240278223
0.005916775943
0.012497523182
0.000234636489
0.000527611896
0.002595194076
0.010960770546
0.000525267417
0.000825344196
0.011421605346
0.000240553055
0.000245485695
0.000237890239
0.000530685167
0.005303698384
0.011997818026
0.000530819524
0.000821744527
0.015229329935
0.051646685815
0.064059814536
0.005539304506
0.001131799964
0.00173056487
0.007179642368
0.016755356121
0.000531963729
0.004976934698
0.017435294111
0.003772187897
0.046690001021
0.050461361562
0.004673403546
0.012554032008
0.049808767594
0.003780526432
0.004377230987
0.020952015623
0.000244954618
0.000528738185
0.002026389127
0.024796851347
0.026581526036
0.000858926016
0.000239592513
0.000236007229
0.002238454567
0.000240260525
0.00140790181
0.006722105168
0.02243869122
0.004855431429
0.000243106063
0.000820006885
0.004251041034
0.000245435614
0.004377746443
0.010127281353
0.001413300283
0.018524734304
0.049346919849
0.000530003401
0.008399276049
0.011480181424
0.000242621348
0.003870346476
0.004326623207
0.00667146733
0.011777466697
0.003924155386
0.005129520576
0.003386728918
0.000237150228
0.000820692552
0.005285960558
0.010904123575
0.02543836923
0.000532825634
0.003510553901
0.000242703184
0.00053253938
0.002764434429
0.007746477563
0.000526542047
0.000236801668
0.000826769559
0.012364825313
0.004409964103
0.004694237838
0.007432911382
0.014664537612
0.000235686902
0.001416973517
0.009556392289
0.002598452559
0.009854410275
0.000534287011
0.006758447817
0.000233222474
0.000524229715
0.00024253013
0.000533836506
0.002664994648
0.000837588901
0.005761329419
0.000537073
0.000235566422
0.000527078218
0.002731057002
0.037573258598
0.000527501733
0.000245706462
0.000836627484
0.001772810872
0.007081655533
0.000238388666
0.00140391841
0.002875697256
0.000533581715
0.002371923286
0.009403173628
0.000234264999
0.006617790735
0.006562045538
0.000859481006
0.000527734603
0.004067475934
0.000234428089
0.002653586155
0.000236368616
0.003569733516
0.000242117712
0.002311062818
0.004723262521
0.000239153647
0.000238616692
0.001155298878
0.000237974708
0.000837286988
0.012192781192
0.016877107399
0.006218611069
0.020992143038
0.001743704678
0.01283450214
0.000821670921
0.002002240182
0.000241405869
0.00024275666
0.000829202075
0.001120264873
0.00024554445
0.000853011486
0.000236283449
0.00268644269
0.000233773501
0.000526247117
0.013749998307
0.018748562133
0.021807193129
0.000527025534
0.000237930929
0.004312564305
0.000244094175
0.002086773216
0.004532763372
0.002292945766
0.007578278989
0.012555175005
0.00023637396
0.000238844693
0.000238608219
0.000246702628
0.000538062591
0.00085077033
0.000831591338
0.002024135947
0.000234716355
0.000235009909
0.000527454873
0.000240704383
0.011633230893
0.022305095082
0.00024644789
0.006170004302
0.0080839125
0.059925477656
0.000241297526
0.000246301592
0.000824497218
0.005244647227
0.004673551792
0.005839181919
0.008461809489
0.002018277236
0.007788459721
0.000243206948
0.000235292489
0.000843554839
0.000243702447
0.002439411114
0.000862914104
0.000237697724
0.003800840495
0.004384883024
0.005414821937
0.001803570321
0.000239838158
0.001408699109
0.006969814522
0.000245179327
0.002935196116
0.003517027564
0.002892219423
0.010059214795
0.013744535414
0.000242873991
0.004997063131
0.000236777948
0.001141809639
0.00528671089
0.000243981809
0.004476542648
0.000862450004
0.000237910478
0.001738240416
0.000241209357
0.000533004562
0.000233769794
0.000832699749
0.001432580934
0.00082173917
0.001405545062
0.012137219954
0.00023393311
0.001412292662
0.006153509528
0.00024243483
0.002923670342
0.009735363715
0.000236953865
0.000845130813
0.000241258444
0.00023913359
0.000836654008
0.005258943421
0.00113200266
0.003792510471
0.000234534281
0.000236774028
0.000529999608
0.014998585792
0.022794494074
0.001428523972
0.00023633933
0.002673661477
0.009453271835
0.026112796031
0.040426349385
0.002412304197
0.004949233293
0.009438113129
0.002383425009
0.002318684801
0.005272461404
0.00023754807
0.000243409561
0.0002444665
0.000240523451
0.005983367097
0.000236521746
0.00081895885
0.000828558669
0.000235016001
0.000237216013
0.005145221746
0.000237110576
0.000238770843
0.000848094304
0.000820032552
0.002568610257
0.008751273651
0.000240293307
0.000238069487
0.000237427772
0.002643575898
0.000818392362
0.002304318594
0.000245919405
0.001493788767
0.001467956383
0.001185849922
0.000240306187
0.000234056729
0.002905493671
0.015854164923
0.001464096897
0.001422109114
0.00290562001
0.001123685425
0.007049128987
0.001176712825
0.00085204014
0.000536788454
0.000819515326
0.002037082476
0.000240420984
0.000245475134
0.000238005472
0.000843246928
0.001617530732
0.000237086633
0.003844070841
0.006379297027
0.000245355428
0.001460632315
0.006835456016
0.000244089238
0.000246468463
0.000238205905
0.003617549225
0.000239902707
0.000244256125
0.000246960983
0.000234279742
0.001128400906
0.003815112407
0.000529983428
0.003475800825
0.008468586123
0.009648299761
0.000244039855
0.000865234517
0.000236885667
0.000233812435
0.004267116445
0.000236414039
0.001170601576
0.000236072119
0.000245409664
0.000532440162
0.000238701871
0.000245348731
0.000246707455
0.000242606506
0.000859685248
0.004084416851
0.008467671795
0.01371316923
0.000237594112
0.000859759088
0.00675530956
0.000238611692
0.004178121826
0.000528679155
0.000239739204
0.000245194813
0.003991695241
0.000245168661
0.000246574686
0.000236859404
0.000853723459
0.000241601059
0.000243063315
0.000238760223
0.00297599695
0.000239097776
0.00082330573
0.002709463033
0.000244410857
0.000240880356
0.002671989774
0.000817616503
0.000240287346
0.002631881772
0.005271932924
0.012408015709
0.002295424536
0.008026262156
0.002012260283
0.003179853825
0.000236471386
0.000234698711
0.00024646425
0.000838851864
0.016043008143
0.000238501364
0.00375343654
0.000241382227
0.002644491366
0.000863804031
0.000242176339
0.000533032903
0.000243037736
0.000236031278
0.000239816834
0.000236464569
0.000852827852
0.00024381659
0.001738783487
0.004552041935
0.000839918208
0.000239911159
