0.000238788959
0.000526035748
0.015047295855
0.000242292961
0.027509743334
0.043631214591
0.000538552931
0.02177136126
0.000246962037
0.000243339374
0.000241777702
0.0005263151
0.000244307905
0.057097902394
0.01348156101
0.017305497775
0.000242487075
0.000247055333
0.000246513262
0.004997406222
0.051414486635
0.023119097737
0.060808358743
0.087967203259
0.000240900277
0.011769732019
0.177581549135
0.000237334715
0.010440372171
0.000242045113
0.000242862313
0.019176471848
0.065479857809
0.000243207614
0.03254749338
0.000234685795
0.000241229128
0.007477481246
0.014752470206
0.007317821108
0.000239371617
0.000530581911
0.001724381435
0.000238099776
0.000245118389
0.008967280231
0.006328075739
0.03206751062
0.061428620822
0.000527367997
0.019067361389
0.069685930202
0.000234674948
0.000240229721
0.004023687568
0.016741726766
0.026191941883
0.010018611199
0.018180487171
0.043952593632
0.063978589582
0.000531218308
0.023251024596
0.062578796757
0.000235363865
0.011822826465
0.005881196944
0.000243331237
0.006490728402
0.027989520071
0.007636394517
0.00468534673
0.006343205395
0.015951989656
0.000238317287
0.007923513168
0.002603227231
0.015901380795
0.019398543863
0.028757250407
0.02062103995
0.027299421129
0.000528705532
0.00931176425
0.021952795853
0.000242112244
0.000242302941
0.009322659238
0.009277184657
0.011897787925
0.04962564222
0.08584472823
0.000243269764
0.000530605267
0.005299585225
0.027165767995
0.000529124594
0.000538092781
0.012149355138
0.000239322472
0.000239502685
0.000236421118
0.002974539182
0.000244495554
0.01154500561
0.019881263171
0.06409262246
0.005601658199
0.015070350896
0.00024531575
0.012343745884
0.000836302027
0.015055259598
0.015928552945
0.06252085698
0.008064525845
0.009688901123
0.02295328697
0.000238525844
0.006223705638
0.00953490723
0.012151058789
0.00052645545
0.012593442426
0.014289394869
0.000234784207
0.006861515134
0.019800648973
0.007437049342
0.037186703623
0.06569137342
0.076097444823
0.000240297065
0.01721059268
0.053874820185
0.000241480903
0.00053459119
0.000237146875
0.000242646612
0.012577241596
0.01886547266
0.051465308304
0.006362763061
0.023311147632
0.000534983692
0.00557557365
0.009482896298
0.000234880718
0.003118348046
0.040903833846
0.064118179887
0.018976481926
0.055245356375
0.004245763608
0.019264458791
0.000233989712
0.00052696373
0.001426884166
0.020393786377
0.042552540492
0.043427049277
0.058376014404
0.061576526966
0.000234536815
0.009351756032
0.023445470575
0.024587448103
0.000235295487
0.000535972943
0.007617743359
0.000236958417
0.000529247447
0.000240109338
0.000243101933
0.005489175707
0.017028323401
0.021134927887
0.061693473283
0.005394805997
0.000529241792
0.004698223827
0.00024608099
0.000246163152
0.004946905865
0.014062758102
0.076566254923
0.004264219384
0.020106404705
0.046200289848
0.000233909177
0.000235523118
0.002327986011
0.000240832706
0.000533240979
0.017753497141
0.105530972965
0.000240031614
0.000825846825
0.004562056308
0.010143815708
0.000235169709
0.000528148054
0.005037354712
0.011105516404
0.000242111614
0.004401331427
0.000237642174
0.001796088981
0.001752838379
0.001405493832
0.004222295025
0.000237760264
0.000235213961
0.001706031437
0.010201644444
0.010783852335
0.005758380056
0.003284213729
0.00082668798
0.000236757293
0.000529417914
0.00171863232
0.012091592513
0.00052740974
0.001124863674
0.005830834649
0.013686430811
0.000532937614
0.000533971429
0.018791396579
0.074618661335
0.000819237847
0.013521873627
0.064246532138
0.000234814825
0.00268231977
0.000244401262
0.002807107502
0.000234847201
0.000243624479
0.008832893899
0.056313367136
0.000244081257
0.000532733032
0.006513459572
0.000238295741
0.05993460166
0.108149072855
0.001110511321
0.03026227235
0.050269065374
0.075562190039
0.000237125408
0.002747821686
0.037528278205
0.00141643806
0.009211625888
0.009794572899
0.000238358473
0.000530832119
0.001128017485
0.014021800955
0.000233603176
0.001732389633
0.021597416535
0.003603546442
0.000533663538
0.004101059673
0.019949776412
0.000240464879
0.000824553093
0.006694692198
0.000530131954
0.005256835668
0.000235719977
0.008002838076
0.000239875855
0.002964165394
0.000241353854
0.000534338283
0.008238735255
0.00024466685
0.014231076324
0.072958471518
0.001482576954
0.000236022971
0.007627181191
0.009691113336
0.00052799822
0.005817106831
0.00024158855
0.00024175194
0.000533734471
0.007438889111
0.000235323779
0.001402049955
0.002871736413
0.00726891355
0.000235561901
0.000240132842
0.000822083216
0.017196240455
0.000243494243
0.000529607161
0.004826935444
0.00207033463
0.01687843062
0.039947759061
0.001110609067
0.005842445774
0.052515944638
0.000235568886
0.000242756669
0.000850969521
0.000245992041
0.000239798118
0.000244125997
0.000860954196
0.000246236905
0.001754603235
0.020915570264
0.000233916588
0.000525755398
0.000819012944
0.000233276048
0.003832359898
0.000237965967
0.001139319043
0.003600785724
0.000236324558
0.0014033116
0.012196502524
0.026272462666
0.000825743899
0.000238445352
0.001116031173
0.010747549489
0.000241162023
0.001427002567
0.006175340544
0.000239479932
0.000241665657
0.012500229863
0.000238637505
0.069396315179
0.078008038424
0.007699723626
0.0249355579
0.000828949766
0.005748196635
0.011367863826
0.060898095667
0.000244683951
0.000836707422
0.007369362769
0.001136933632
0.015743924036
0.001111912341
0.059674537203
0.068442726177
0.023197751593
0.032262314422
0.036501233813
0.000238334144
0.000530623103
0.001138383854
0.000533018288
0.010588405702
0.000240176319
0.00023742928
0.000235336815
0.00052693839
0.005023677233
0.000240300607
0.000825041492
0.000243894483
0.005143918601
0.001109090786
0.019916304065
0.000240982724
0.000533115612
0.000241446304
0.000533761659
0.004750906192
0.012532930331
0.004411085276
0.000241802748
0.005212142181
0.006706918227
0.022165950462
0.008449051799
0.014736451356
0.000530043129
0.001733232785
0.023070483949
0.006945689072
0.012402807246
0.000234694021
0.000528545179
0.0023290948
0.024370770569
0.000235495266
0.007393637639
0.025718316022
0.000238043836
0.000233518873
0.000236591056
0.000524874261
0.003629459475
0.011672627415
0.000237399566
0.000529978489
0.000822647145
0.000244587427
0.004700283662
0.004914843432
0.000531617462
0.012381343302
0.000239331299
0.000530360783
0.000234055011
0.008405909562
0.00023397869
0.000238445781
0.001449623146
0.005147845574
0.007323747148
0.000237603132
0.000240690446
0.005142287639
0.000240901067
0.000239689314
0.00053141996
0.012677952979
0.017550328721
0.00023874245
0.001443720809
0.011109265581
0.0002456327
0.000243751112
0.000531946337
0.003726977801
0.004645428567
0.005392518433
0.000237206211
0.006499311816
0.000530551306
0.005456907756
0.000818577906
0.001401861942
0.000240584688
0.006311654146
0.011131424833
0.014375074581
0.002035064972
0.000243083102
0.000846902127
0.003059097655
0.004758127206
0.041703474587
0.000239736886
0.000823419667
0.005305794726
0.00374841307
0.027042717084
0.048672245346
0.000234413788
0.003210701117
0.027716461794
0.000234338308
0.002898683486
0.03454301945
0.043235174852
0.000238560796
0.000235641978
0.000525990145
0.000817043245
0.018876112819
0.000233534731
0.000235240224
0.000527538607
0.000241801342
0.006393218864
0.000237091986
0.000529489975
0.000234513791
0.001731174839
0.000235259448
0.006633751906
0.006803900244
0.007551074228
0.001423338703
0.000237114
0.004624378912
0.00523956976
0.008241538397
0.026278342646
0.0028771679
0.010927250567
0.011801159838
0.000237604461
0.000530144319
0.001719906742
0.000242011069
0.004826158626
0.001126499587
0.008528585254
0.011594689093
0.003987667662
0.000236081812
0.000238458168
0.008669259597
0.010722799856
0.06433599805
0.001110098626
0.005829497384
0.00024614845
0.000235569717
0.000527394258
0.004409271295
0.010019885651
0.018931329885
0.000244153946
0.005031069988
0.010036515493
0.00149044291
0.000240092743
0.000826963063
0.003459591091
0.009600293946
0.000852050403
0.000234752836
0.000525440182
0.000526098088
0.000235196061
0.001122211831
0.00170572614
0.003746103689
0.000236407899
0.004482677964
0.000243945693
0.004161796978
0.008923798687
0.000234297743
0.000526156512
0.002605640047
0.015611817223
0.000239314929
0.000858419084
0.017298138265
0.000239132506
0.000244065146
0.000236319832
0.000527321676
0.003489995748
0.01016186531
0.017098678456
0.00023717576
0.001151884099
0.011415741547
0.029334231205
0.068723119449
0.006708816839
0.00113963418
0.008502535433
0.01055477152
0.013177149952
0.000532626849
0.004195821489
0.008334840706
0.002620122726
0.004383086679
0.033873899511
0.003178314721
0.026188038285
0.005860769522
0.0118924717
0.017806413427
0.000234572379
0.000242286003
0.000534065049
0.002311667901
0.041140914822
0.000237960027
0.000824991546
0.000239170188
0.000527705201
0.002075755675
0.0002399504
0.004081169784
0.021768904024
0.005935463316
0.000234776069
0.000837676891
0.002033312899
0.000243171166
0.005352363144
0.007670203963
0.002566692523
0.010509083076
0.013423078515
0.023207022434
0.000532964631
0.005515716462
0.008571220061
0.000237625337
0.000527103992
0.004178128825
0.006591116957
0.007771332623
0.014810648326
0.004960446704
0.008929642142
0.003020078846
0.000237993077
0.001404762302
0.004258072265
0.003947867723
0.015592171618
0.000530459803
0.00329556103
0.000242259382
0.000532095578
0.002307351133
0.008026293658
0.000528746685
0.000237120375
0.001144189022
0.010481822455
0.003885559339
0.044791788983
0.009773179219
0.034674334287
0.002275381664
0.003163693776
0.003195654507
0.004550751602
0.000531503576
0.006731161495
0.000235170638
0.000528438422
0.00236445735
0.000851620812
0.003601520702
0.000526205921
0.000237296042
0.000529518406
0.00268076718
0.010107857354
0.000533811282
0.000236971835
0.000840892857
0.001774200903
0.006943848476
0.000246119583
0.00114664144
0.003506780242
0.000237398657
0.001743582571
0.003913882061
0.00023680559
0.003630279153
0.000234239352
0.008242051789
0.000851326064
0.00169254249
0.003657596874
0.000242461866
0.002651072921
0.000234536372
0.003606901272
0.000235273913
0.001140137609
0.00585624498
0.000242696691
0.000238626581
0.001194308767
0.000246625258
0.003959516855
0.007748598818
0.020056566227
0.005128564092
0.010518912691
0.001752541158
0.01745166411
0.000527924168
0.005881903854
0.000244361065
0.000245711856
0.000845957467
0.001137094283
0.000236765638
0.000818232674
0.000236359117
0.001803155086
0.00023984678
0.000531763852
0.012368045851
0.036009676664
0.000534558846
0.000242605996
0.003460297776
0.00024419151
0.002112870551
0.004213795237
0.011059467254
0.017411945119
0.021989117719
0.000233168485
0.000235639218
0.000235974839
0.00024088043
0.00053566171
0.000863090922
0.001143218218
0.004668472022
0.000240830834
0.000238103455
0.000530548419
0.000236344124
0.003306507498
0.027314450309
0.000234624351
0.006490880887
0.007363126685
0.061804676993
0.000241925041
0.000246929107
0.000864124733
0.003800891159
0.004650006655
0.009894555086
0.025220846606
0.000827275194
0.00762482631
0.0002369204
0.00024162413
0.00086288648
0.000239282079
0.002447990746
0.000868712001
0.000236765267
0.003806092081
0.004972394821
0.01257658143
0.001809399479
0.000240903335
0.001461764286
0.004390121849
0.000243356243
0.002310292737
0.002894420093
0.003794204729
0.009608579896
0.016765300438
0.000243603871
0.007013129716
0.000241312892
0.002046293655
0.005555642443
0.000244953759
0.005189786974
0.00086472401
0.000246291644
0.001785459474
0.000237679344
0.000529474549
0.000239039695
0.00082496965
0.001464689305
0.000832648854
0.010142047941
0.000234505733
0.000830702705
0.010526851805
0.000241688338
0.002336261106
0.009571706921
0.000243753741
0.000864930689
0.000243627735
0.00023391701
0.00202691293
0.003775741894
0.001755426569
0.00351739426
0.000243998908
0.000234748473
0.000527974053
0.008189846047
0.030860041343
0.001772810951
0.000238002642
0.002358644392
0.006061370093
0.014732473586
0.035772549773
0.002087384485
0.002038756015
0.008549660751
0.002366469028
0.002080906063
0.004427070384
0.00024399308
0.000241365221
0.00024242216
0.000240385323
0.006437279995
0.000244043654
0.000839480758
0.00085024795
0.000235639028
0.000246439016
0.006333662713
0.000239199636
0.000240859903
0.000850183364
0.002014102566
0.00407959177
0.011126594149
0.000239296391
0.000237227546
0.00023760923
0.002760757356
0.000531565362
0.001723614956
0.000241644354
0.001490779476
0.001475211318
0.001140290634
0.000244632248
0.00023387309
0.010838772074
0.021680989505
0.001470659804
0.000839660825
0.001714855709
0.000831719901
0.007206785867
0.001199007111
0.000851333376
0.000537947628
0.000867021858
0.002674755673
0.000236830481
0.000234395441
0.000241678665
0.000836959299
0.005356818961
0.000236780548
0.002325600557
0.006814652753
0.000240896427
0.001404173314
0.007723609398
0.000244252699
0.000246631924
0.000244177852
0.003675521172
0.000240838097
0.000245191515
0.000240912384
0.000239119786
0.00115528332
0.005654655378
0.000527267368
0.002929666125
0.010854383205
0.011437525949
0.000244133394
0.000865328056
0.000245530473
0.000235460149
0.005378318783
0.000245175432
0.001179362969
0.000243429115
0.00024302358
0.000527540021
0.0002368926
0.00024353946
0.000244898184
0.000246574023
0.000837652765
0.002022479842
0.002897927657
0.00861316788
0.000240777967
0.000823942943
0.006942685332
0.000235444117
0.003277479756
0.000525910207
0.000239764534
0.000236332123
0.005155933956
0.000243968858
0.000245374883
0.000848545456
0.000239266844
0.0002407291
0.000242902041
0.002954138768
0.000235242576
0.00082877354
0.002666331983
0.000242235406
0.000239113151
0.002700576994
0.000845208379
0.00024312522
0.000819607494
0.009873507907
0.039033485056
0.003843607271
0.012129318719
0.003177699613
0.003760793527
0.000236788049
0.00024117412
0.000240207174
0.000852995244
0.010912421094
0.000241880902
0.002639905897
0.00024333932
0.002789448459
0.000839988482
0.00023802931
0.000533373632
0.000243585174
0.000245306715
0.000236751944
0.000246352789
0.000836716072
0.000246487166
0.001135923094
0.002591005956
0.000841095391
0.000244859532
