0.036426606831
0.000534539252
0.013275024181
0.041651278149
0.000234956952
0.000528393119
0.000529229441
0.010043045739
0.000242161513
0.000244889593
0.02243296114
0.000235790945
0.000237863996
0.004573769696
0.000526994631
0.001122773794
0.000245718387
0.001440008101
0.000537440516
0.000245880092
0.008212811974
0.002333123229
0.02049012616
0.022404400246
0.001743555058
0.005433921311
0.009544247908
0.000237269824
0.000538236951
0.000242763453
0.00270431191
0.000234839937
0.000531091767
0.009302525402
0.002623833305
0.004071934814
0.000239485354
0.000242817669
0.000246228741
0.007713815671
0.004840686957
0.000246642659
0.007229555321
0.015236810453
0.026501143196
0.001171882115
0.003756382874
0.019457542253
0.007144339212
0.013622480889
0.000234643603
0.008155225198
0.037404933625
0.009558130882
0.014431324888
0.026853373976
0.005872051099
0.000235659626
0.000242631929
0.003802397489
0.00473291478
0.000529021119
0.005978683746
0.031262592638
0.000239186393
0.000242296511
0.004514173277
0.000242562948
0.003032739122
0.000238205425
0.000239607222
0.000235341589
0.000240458892
0.00148778164
0.000238512183
0.001766377848
0.003283069854
0.009060479548
0.000239647086
0.00024380807
0.000243860871
0.000237710523
0.00582971395
0.022311322442
0.000239354349
0.001773033529
0.005004329137
0.00603379461
0.000235667504
0.005331708764
0.000234663174
0.000235506644
0.001791173054
0.000235730819
0.000857626467
0.000827262386
0.000234220344
0.000234365512
0.000242856593
0.000534117688
0.000236160185
0.000242032731
0.001723267088
0.000240345606
0.003560227764
0.000237020657
0.003596528085
0.000849866875
0.009937144295
0.005510799665
0.000242780986
0.000243090307
0.000245179411
0.001192709423
0.000237829987
0.003558265138
0.000240846117
0.000245686336
0.002101793562
0.000240864579
0.000241016988
0.000242545882
0.007107555747
0.008285089524
0.000243667849
0.003142816205
0.007511987762
0.000237883613
0.002762054262
0.00997487074
0.053681665939
0.000234678925
0.002085422126
0.000245077157
0.000242894593
0.000239780355
0.000525424506
0.003223982292
0.000242499686
0.000247346329
0.000529382217
0.000242104407
0.004753355182
0.000237409857
0.000237080978
0.000237183982
0.006202214115
0.008863298437
0.00023894935
0.000239226225
0.000243253907
0.00024391321
0.000239496364
0.001725718916
0.000858486532
0.000247237401
0.000245054994
0.000245611083
0.002694537072
0.000235372749
0.003770141566
0.000243832194
0.000239077854
0.00398945498
0.000234906723
0.000239046137
0.000531307321
0.000243688136
0.000537085832
0.000244195241
0.000246378754
0.00024090906
0.000533156086
0.000246155358
0.003803598352
0.004863167835
0.000242308032
0.003576790608
0.00024123285
0.007240969915
0.012869979349
0.000237304081
0.000819766385
0.003077689882
0.00082285491
0.003696945475
0.000862910361
0.004169668445
0.00053059096
0.002748085639
0.001116789404
0.000244817954
0.0020919766
0.000536223357
0.007623176575
0.000238173099
0.003997265771
0.000239074439
0.000864595899
0.000236355008
0.000526880188
0.000527884904
0.000237175491
0.000528346051
0.000233805634
0.000526803482
0.005812917546
0.007213132602
0.002392534748
0.000239004684
0.00082198582
0.000242492955
0.000246682444
0.001126758157
0.005602511986
0.006054614947
0.000860431804
0.00024592352
0.003867293977
0.000529316969
0.000533670839
0.004097981014
0.000237300265
0.000820717324
0.004472518101
0.003925466119
0.003480982666
0.00607568109
0.000242585775
0.001762800708
0.000236533682
0.001122955636
0.010502093506
0.00083710667
0.006514151425
0.001933263648
0.000236886064
0.002903855808
0.000529140113
0.015860626495
0.000534861083
0.004730282876
0.000242161426
0.000534242961
0.000234211621
0.000526898758
0.001402920492
0.004399900407
0.00024733367
0.000235806089
0.000245696356
0.000235513278
0.005509066
0.00023541166
0.00360579809
0.000238972526
0.005206395443
0.00023504272
0.000526878471
0.000234674644
0.000526445513
0.000527409272
0.000821467932
0.000237872848
0.000236370905
0.000238314363
0.000240481055
0.000246262008
0.005214958522
0.000237974889
0.004741544416
0.001184045106
0.008441799229
0.000242342651
0.001131069419
0.000233956734
0.004495046482
0.000235882374
0.000526790812
0.007809772618
0.00024159855
0.000533896413
0.00024176288
0.009526792407
0.000236420761
0.000844191845
0.000246300355
0.000238610775
0.003541517901
0.000237475853
0.000241520196
0.005702393044
0.000241874195
0.000534523824
0.000246407946
0.00024628912
0.001455386849
0.002979400563
0.000245005823
0.000246804983
0.000238249467
0.000236376156
0.001428690186
0.003293210336
0.000244503415
0.000237084772
0.000235452391
0.000239519247
0.006540529073
0.000244226565
0.003729389599
0.000237585226
0.000532557404
0.001116852971
0.006085010187
0.000236177014
0.000533433616
0.0008355683
0.0002458554
0.006751980573
0.004549345485
0.008456010858
0.000246544822
0.000234388981
0.000526777945
0.004286331421
0.000242268534
0.00141298465
0.000243266259
0.003973520011
0.003220630253
0.000242514904
0.000829998887
0.00023640411
0.000235812129
0.000527389597
0.000858405904
0.000238376425
0.00024432708
0.000243183487
0.000241018442
0.00083787926
0.000245951699
0.000534123719
0.00023438085
0.000827763437
0.001131208028
0.00024060594
0.000241454638
0.000239849533
0.000242766888
0.000240714747
0.000237759911
0.000240484295
0.000246268047
0.000243803217
0.000236636902
0.000244352294
0.000237770907
0.000241005094
0.000234768788
