0.036426606831
0.000534539252
0.013275024181
0.041651278149
0.000234956952
0.000528393119
0.000529229441
0.010043045739
0.000242161513
0.000244889593
0.02243296114
0.000235790945
0.000237863996
0.004573769696
0.000526994631
0.001122773794
0.000245718387
0.001440008101
0.000537440516
0.000245880092
0.008212811974
0.002333123229
0.02049012616
0.022404400246
0.001743555058
0.005433921311
0.009544247908
0.000237269824
0.000538236951
0.000242763453
0.00270431191
0.000234839937
0.000531091767
0.009302525402
0.002623833305
0.004071934814
0.000239485354
0.000242817669
0.000246228741
0.007713815671
0.004840686957
0.000246642659
0.007229555321
0.015236810453
0.026501143196
0.001171882115
0.003756382874
0.019457542253
0.007144339212
0.013622480889
0.000234643603
0.008155225198
0.037404933625
0.009558130882
0.014431324888
0.026853373976
0.005872051099
0.000235659626
0.000242631929
0.003802397489
0.00473291478
0.000529021119
0.005978683746
0.031262592638
0.000239186393
0.000242296511
0.004514173277
0.000242562948
0.003032739122
0.000238205425
0.000239607222
0.000235341589
0.000240458892
0.00148778164
0.000238512183
0.001766377848
0.003283069854
0.009060479548
0.000239647086
0.00024380807
0.000243860871
0.000237710523
0.00582971395
0.022311322442
0.000239354349
0.001773033529
0.005004329137
0.00603379461
0.000235667504
0.005331708764
0.000234663174
0.000235506644
0.001791173054
0.000235730819
0.000857626467
0.000827262386
0.000234220344
0.000234365512
0.000242856593
0.000534117688
0.000236160185
0.000242032731
0.001723267088
0.000240345606
0.003560227764
0.000237020657
0.003596528085
0.000849866875
0.009937144295
0.005510799665
0.000242780986
0.000243090307
0.000245179411
0.001192709423
0.000237829987
0.003558265138
0.000240846117
0.000245686336
0.002101793562
0.000240864579
0.000241016988
0.000242545882
0.007107555747
0.008285089524
0.000243667849
0.003142816205
0.007511987762
0.000237883613
0.002762054262
0.00997487074
0.053681665939
0.000234678925
0.002085422126
0.000245077157
0.000242894593
0.000239780355
0.000525424506
0.003223982292
0.000242499686
0.000247346329
0.000529382217
0.000242104407
0.004753355182
0.000237409857
0.000237080978
0.000237183982
0.006202214115
0.008863298437
0.00023894935
0.000239226225
0.000243253907
0.00024391321
0.000239496364
0.001725718916
0.000858486532
0.000247237401
0.000245054994
0.000245611083
0.002694537072
0.000235372749
0.003770141566
0.000243832194
0.000239077854
0.00398945498
0.000234906723
0.000239046137
0.000531307321
0.000243688136
0.000537085832
0.000244195241
0.000246378754
0.00024090906
0.000533156086
0.000246155358
0.003803598352
0.004863167835
0.000242308032
0.003576790608
0.00024123285
0.007240969915
0.012869979349
0.000237304081
0.000819766385
0.003077689882
0.00082285491
0.003696945475
0.000862910361
0.004169668445
0.00053059096
0.002748085639
0.001116789404
0.000244817954
0.0020919766
0.000536223357
0.007623176575
0.000238173099
0.003997265771
0.000239074439
0.000864595899
0.000236355008
0.000526880188
0.000527884904
0.000237175491
0.000528346051
0.000233805634
0.000526803482
0.005812917546
0.007213132602
0.002392534748
0.000239004684
0.00082198582
0.000242492955
0.000246682444
0.001126758157
0.005602511986
0.006019908321
0.000865375508
0.00024554788
0.004210082667
0.000820186775
0.000233793187
0.007814811612
0.00114026716
0.004753181132
0.002994041682
0.004248335196
0.006633747086
0.000246620226
0.002135835159
0.000234822065
0.002027435008
0.004108461591
0.000846199091
0.006443934333
0.001784365901
0.000246203419
0.002657325851
0.000527305405
0.014501540455
0.000236471193
0.004546327882
0.000241332858
0.000533414393
0.000245485779
0.001161946067
0.003568775503
0.000246841378
0.000242609095
0.000245718828
0.000242944714
0.00579364143
0.000244253031
0.003598815118
0.000237108052
0.00447870932
0.000238015302
0.000530944439
0.000237141529
0.000529824592
0.000533193359
0.004420317387
0.000235848773
0.000528700523
0.000241713698
0.000242230203
0.000244396895
0.000244789967
0.005747112465
0.000241639432
0.004627944109
0.00175118419
0.007372716964
0.00023487169
0.000819579955
0.000534436285
0.008431719266
0.000235081201
0.000525989639
0.004185978346
0.000239647891
0.000531945754
0.000239537118
0.00626379918
0.000239652156
0.00082142324
0.000244266373
0.000244213695
0.002964889902
0.000242795584
0.000247207828
0.000242380308
0.007898075437
0.000237240505
0.000529890134
0.000238968086
0.000237192807
0.001710171056
0.003109102489
0.000237898201
0.000236178567
0.000234641023
0.000529021983
0.001456336013
0.003329560197
0.000235862631
0.000240089622
0.000242814565
0.000236961142
0.004440438785
0.000235230442
0.003803355836
0.000237947914
0.000235618382
0.001123913949
0.005266893567
0.000240750338
0.000529830125
0.000851297828
0.000240539928
0.006962538014
0.004558905427
0.004849988516
0.000235883807
0.000238121598
0.000530130782
0.002092415321
0.000244444915
0.001458707913
0.000243185325
0.003218495857
0.004289327288
0.000240598688
0.000854082671
0.000240638241
0.000241438808
0.00053438857
0.000848798536
0.000239268396
0.000238870036
0.000237707067
0.0002458646
0.000855725418
0.000246057207
0.000531055876
0.000246209665
0.000848074944
0.001136958328
0.000234860622
0.00023570932
0.000247151832
0.000235663421
0.000247316382
0.000241277031
0.000237858021
0.000245068139
0.000247077978
0.000241533544
0.000242644815
0.000237029725
0.000242788759
0.000237339976
