0.001114829432
0.005471266141
0.000234000906
0.000525993015
0.000241704268
0.000245877285
0.003304927702
0.000246700245
0.000239654002
0.004523011707
0.000526889416
0.014412177339
0.064162541759
0.000242716085
0.025260763021
0.002032486563
0.016625647643
0.001779118103
0.001118265306
0.012926660405
0.011076146951
0.000245339273
0.00328281512
0.000235190597
0.005076489536
0.028238123228
0.000526294055
0.001109839549
0.000239916757
0.004176177408
0.014597464008
0.005799146743
0.000242675874
0.00264639884
0.018511391834
0.003350982561
0.000534456259
0.000236899237
0.001148049714
0.007021795047
0.000242299604
0.00974842151
0.002030523296
0.018853623206
0.020542846504
0.036323976037
0.000238396148
0.000246751327
0.001985690977
0.009959918313
0.011761408066
0.000526785258
0.002389971083
0.01909550869
0.01046284369
0.000239213344
0.007691704851
0.000243878803
0.000827868345
0.002716656272
0.00023705626
0.000818758479
0.006144159895
0.025114352137
0.000239334154
0.004777479308
0.00023957374
0.005602880395
0.01123427467
0.000527641467
0.000245383653
0.002105415848
0.000244885697
0.002366211504
0.000527751175
0.002318447692
0.009057986681
0.011911455065
0.000237825192
0.000235391071
0.005447530112
0.006720808798
0.028722408241
0.043156037693
0.000533980094
0.000241960575
0.000241365687
0.002004573742
0.002599900504
0.00730292286
0.000242943492
0.000233689528
0.003822843721
0.000237170712
0.01368573651
0.008126315689
0.004892900937
0.000237563532
0.000845698427
0.000246811096
0.00622209235
0.005478759551
0.000235074915
0.005999289935
0.036622007751
0.011205341184
0.000234149278
0.005538449497
0.003765854883
0.012504086357
0.000240704666
0.002420869287
0.000238923027
0.000863305987
0.00741383517
0.000530916237
0.007351103929
0.00052907976
0.0026460796
0.000239289719
0.00053175341
0.000236755339
0.006284833405
0.000236817394
0.007690611634
0.017096723571
0.002023841799
0.000235690324
0.00052875325
0.007043231196
0.001730950967
0.000234935403
0.000526720006
0.00113561824
0.00110990807
0.005207283302
0.000234631839
0.000525832875
0.000237273092
0.000526812708
0.006777640824
0.000526940181
0.003912054463
0.000234708535
0.000527122471
0.000533104146
0.00785797433
0.015438337004
0.003756301156
0.00594528443
0.000234785804
0.002719049297
0.000244302795
0.004802050115
0.009196302333
0.000237903243
0.000530940645
0.003204506429
0.000846457453
0.009454732803
0.017911759608
0.00142645987
0.005533671274
0.000533221611
0.010693971731
0.016011347531
0.000245733231
0.006440135964
0.021176839421
0.006467892226
0.005438224746
0.006021540988
0.000235964978
0.009211158732
0.006684324723
0.005878945662
0.005731572215
0.008380716855
0.007421427656
0.007676425738
0.000242227911
0.000244877899
0.000535255558
0.00740441331
0.008826343247
0.000241445853
0.006821381417
0.000537838633
0.001437103757
0.021368363484
0.000237825821
0.000528070863
0.002072981307
0.000234162364
0.000526093841
0.000242141123
0.00053430555
0.009099458787
0.002881755079
0.000238705806
0.000838550494
0.007726510602
0.000234613412
0.000527090895
0.000246383485
0.000236793441
0.002479766201
0.011739468251
0.00086147286
0.00256656141
0.012765862243
0.014387569503
0.000241329464
0.000234457949
0.002023254267
0.003441787091
0.000241745498
0.000528508285
0.003138967965
0.017116377996
0.000241651579
0.000850766604
0.000236746606
0.0005284006
0.000243288898
0.007981374291
0.000240484311
0.000240348278
0.007394284064
0.018942759484
0.000238428103
0.000530590969
0.000526575644
0.000242195964
0.000825933409
0.003449557597
0.000864919084
0.00023995574
0.001140604433
0.000241391889
0.000528388372
0.000246840118
0.000236971514
0.002888988109
0.007009181329
0.012483073453
0.000241996296
0.002067465141
0.003736125662
0.000237593042
0.000239435428
0.002224280533
0.000237148787
0.005295772405
0.016260382375
0.013263642164
0.000242178015
0.000234568128
0.000526306335
0.000240507386
0.002066083221
0.000245631586
0.007499600956
0.0320544723
0.000234089723
0.005290253172
0.013536960213
0.003546806185
0.003771594774
0.017703513338
0.000237523847
0.004586193024
0.000238636736
0.000242538856
0.007823952294
0.001121771808
0.009345496899
0.00052863668
0.007727621209
0.000240843765
0.000531298172
0.002609068344
0.000238287158
0.000531363706
0.000236870038
0.000238142825
0.00024259449
0.004668202106
0.009513764137
0.012302203698
0.027599495872
0.002672017638
0.000237269213
0.003596769407
0.000238992868
0.000242594805
0.001114510144
0.018355262919
0.000244234701
0.007864784002
0.000244381541
0.000239524712
0.00082317733
0.000245764689
0.003797223081
0.009675740011
0.015858765836
0.000241401125
0.003296051992
0.007368509751
0.009409825767
0.004845525194
0.000236535243
0.001126076958
0.007924338886
0.000234345867
0.002972180586
0.003862595927
0.000234169858
0.002086510015
0.000245022846
0.001108675515
0.000529498301
0.006725994456
0.000240046367
0.00114111257
0.009304280254
0.000240926327
0.007710142205
0.00024003727
0.000235771638
0.002655883537
0.009371514488
0.000238854547
0.001114183712
0.004660153825
0.000234815028
0.000528614631
0.00198813992
0.009893324492
0.015653130766
0.000240334419
0.000529538478
0.005522374882
0.016113636316
0.000242861521
0.00024014403
0.002953861384
0.006190159899
0.007298542175
0.000242589454
0.000534674586
0.001766896471
0.00024610657
0.000237022367
0.000237610506
0.000529640086
0.000243122074
0.000243819923
0.00052676061
0.000817961347
0.013719093689
0.000234363183
0.005900362616
0.000240100966
0.003723320947
0.055433557125
0.000241997525
0.015222936076
0.005294757127
0.014084031564
0.000245608015
0.000242005366
0.000240513558
0.000532732314
0.010903239915
0.003161888549
0.006267827062
0.016715734332
0.032380132943
0.000245100421
0.000234069884
0.000526258811
0.003302576681
0.000242001814
0.000243572838
0.00238066271
0.000242380606
0.00746427278
0.001113545649
0.005522396854
0.018275658318
0.000234773294
0.00024156315
0.000527753309
0.005265149945
0.010504450185
0.000848788803
0.000237993512
0.000529531807
0.001114475103
0.001176745354
0.000528053319
0.008363165167
0.0008517243
0.000238153951
0.000244592165
0.000235368404
0.000240670225
0.000237147367
0.001113759566
0.002293527318
0.004967232461
0.000241651557
0.000245734985
0.000530154976
0.00354196542
0.011078462164
0.003387795708
0.00023496944
0.001112389274
0.001404263176
0.000238603054
0.000237156886
0.006983788404
0.00023913064
0.000246325645
0.00053286055
0.000234187307
0.000246282793
0.001137976281
0.008536385786
0.000242148002
0.003581813039
0.000235575602
0.000528705882
0.000240471397
0.000244877567
0.005853219886
0.000241735263
0.002285325081
0.005808143164
0.00961069098
0.000246023765
0.004777990845
0.013093746477
0.000240909017
0.000822608595
0.000241040915
0.005433993303
0.000237563229
0.000527147967
0.000528179809
0.009933208903
0.000241797176
0.00354056175
0.000243012889
0.000826540701
0.002016743272
0.000241171539
0.000236214719
0.003761846565
0.012287075371
0.024663274044
0.000240695137
0.000233784227
0.00023417907
0.000526229311
0.000538779816
0.000244779107
0.007212096046
0.005453494102
0.000527894565
0.002733443419
0.004297172536
0.000238620637
0.000234988501
0.000246548812
0.000243304204
0.00287178683
0.006954906344
0.000237327868
0.000237538337
0.000529002357
0.000539467729
0.000864884289
0.003060200425
0.006569951147
0.000236874874
0.000239363899
0.000235167711
0.000242273821
0.000525953639
0.000244363429
0.000245352219
0.000241625208
0.000243942833
0.046525357548
0.001117779776
0.000237188257
0.006119865703
0.004253070269
0.02465804452
0.00023704551
0.00024627987
0.000234909945
0.000526494591
0.002910742136
0.013742793498
0.00233191315
0.001427248231
0.000244802651
0.003059261797
0.000234923353
0.000241521363
0.005271367459
0.001109737093
0.000237981595
0.000234833952
0.00350095046
0.00023546494
0.001746772517
0.005070248118
0.00023731157
0.000237970532
0.000237480714
0.000234637878
0.001452539859
0.004143987563
0.030940717634
0.001122509718
0.000236830403
0.000528337773
0.003264766607
0.007606866997
0.000233779895
0.000235912001
0.007218922449
0.000242297023
0.000237413494
0.000529811522
0.004386864935
0.005880783934
0.006755612841
0.059194352029
0.000242836253
0.005338644878
0.000245656463
0.006169557104
0.001415511518
0.00024095279
0.000240903694
0.002048972995
0.000241842406
0.001132217727
0.001423823445
0.000235964717
0.000528263359
0.001454829619
0.000241247277
0.005862155511
0.000526994396
0.000830605194
0.001469272856
0.000235385169
0.002022658126
0.00053429167
0.002040957489
0.000240757393
0.001124601694
0.011633375242
0.000234606835
0.001709764567
0.008593757823
0.0002387954
0.000244974945
0.000241736192
0.000533774881
0.001112168865
0.00466315871
0.000235234066
0.00053500997
0.0048462809
0.000240004782
0.000243525494
0.000236229832
0.000242702697
0.000530081474
0.002042473751
0.007708277471
0.000237811008
0.000236284306
0.000527142723
0.001111648192
0.027572322044
0.000245450934
0.000234340462
0.000234975701
0.004228285268
0.000237056933
0.052221931919
0.000531853825
0.004250523978
0.044482516641
0.000242314618
0.00023627606
0.000528646126
0.006624294785
0.009257661387
0.002895468384
0.000246228795
0.000237695584
0.003597639724
0.000246909291
0.001802432941
0.000234817129
0.001123146578
0.000243974712
0.000237683681
0.000529923229
0.000530622981
0.000238730236
0.003326113958
0.000238214517
0.000822304513
0.000240660778
0.000528630429
0.001430463077
0.000842803207
0.001928597807
0.000237490214
0.000534202824
0.001144730668
0.000238480122
0.000526885312
0.005132090544
0.000241388434
0.000242938221
0.000234247769
0.000526357012
0.000237973519
0.000527081793
0.000237842481
0.007803627368
0.000530998532
0.002345534528
0.046299231865
0.000239359818
0.000245029613
0.000532071719
0.004492156563
0.000237645732
0.000528640165
0.00562416034
0.000237114871
0.000236098519
0.005161113289
0.000841594166
0.000531185718
0.002357999918
0.000240943099
0.00023742967
0.005420257159
0.012738186485
0.000243686891
0.007425364944
0.000242356752
0.000826386855
0.000234294966
0.000533019638
0.003928445746
0.000244851857
0.000236501321
0.000533542257
0.005084282686
0.000237978142
0.000529298562
0.000245708229
0.000241230041
0.000235506117
0.000527381379
0.000244726279
0.000533056613
0.005756413255
0.000234850656
0.001111777685
