0.000238216734
0.005642912226
0.004295929847
0.000243849659
0.000234271391
0.000235931413
0.006961457376
0.000241957483
0.003937736275
0.000241841694
0.002065163216
0.000245328462
0.000242252154
0.003579306411
0.000243587285
0.001122833661
0.013998898064
0.004604573805
0.002013607717
0.008282460065
0.005344103223
0.016016213199
0.000243422093
0.001467495017
0.000235150054
0.000529072389
0.003574078721
0.002951694012
0.00762090584
0.000246897949
0.000526376977
0.005827969701
0.000245155998
0.001732400225
0.000241327801
0.000247188755
0.00023946331
0.00083791883
0.002127055916
0.002751750674
0.000241529143
0.000532775026
0.004071553865
0.000236771834
0.000237187601
0.000245164971
0.00024431109
0.000235633726
0.000527307208
0.000244022367
0.000823925907
0.001432118343
0.000245789597
0.000235802114
0.0005276201
0.000238699766
0.000239356732
0.000242468263
0.000236626845
0.003253415132
0.00024305757
0.000526005262
0.001134715548
0.00023751992
0.000239733996
0.001731443209
0.003985788716
0.000243600096
0.000536806701
0.002714841474
0.000241135614
0.000848819087
0.001178109707
0.000243983623
0.000853935392
0.000236166683
0.000241104197
0.000245340822
0.000236291642
0.0011111799
0.00354710062
0.001436204153
0.020155726408
0.000236858687
0.00658793007
0.010009666432
0.000241019264
0.000242023836
0.004059981442
0.000537515362
0.001419862731
0.000241249101
0.000537406024
0.000236700368
0.000529351767
0.001768768296
0.000235976201
0.00024182429
0.000818325905
0.001401801791
0.000242325376
0.000242095734
0.000236045374
0.00083730795
0.000233423694
0.000240805378
0.000526089186
0.001135300851
0.004460726738
0.000243450956
0.000245599915
0.000244424259
0.003819923204
0.000233742544
0.000244587382
0.000243703892
0.000865215341
0.002075751068
0.000234491687
0.001470445582
0.000244316428
0.000244696104
0.000235170927
0.000241851304
0.000828193457
0.001728175598
0.000243275106
0.000241909955
0.000245966776
0.000236218169
0.000237008151
0.000241248081
0.000533603845
0.001831371468
0.000247021103
0.000235597049
0.001471078701
0.000236205634
0.000241136173
0.001169409904
0.004178851528
0.002479550447
0.000241039873
0.002061543441
0.047876763182
0.000245140859
0.000245690855
0.002357284597
0.002299863024
0.001479437817
0.000241637516
0.000240364636
0.001196805539
0.000236186329
0.000237524269
0.001156003102
0.000234444024
0.00023574386
0.000246622621
0.000243272798
0.000244875154
0.000236250192
0.000238260627
