0.001114829432
0.005471266141
0.000234000906
0.000525993015
0.000241704268
0.000245877285
0.003304927702
0.000246700245
0.000239654002
0.004523011707
0.000526889416
0.014412177339
0.064162541759
0.000242716085
0.025260763021
0.002032486563
0.016625647643
0.001779118103
0.001118265306
0.012926660405
0.011076146951
0.000245339273
0.00328281512
0.000235190597
0.005076489536
0.028238123228
0.000526294055
0.001109839549
0.000239916757
0.004176177408
0.014597464008
0.005799146743
0.000242675874
0.00264639884
0.018511391834
0.003350982561
0.000534456259
0.000236899237
0.001148049714
0.007021795047
0.000242299604
0.00974842151
0.002030523296
0.018853623206
0.020542846504
0.036323976037
0.000238396148
0.000246751327
0.001985690977
0.009959918313
0.011761408066
0.000526785258
0.002389971083
0.01909550869
0.01046284369
0.000239213344
0.007691704851
0.000243878803
0.000827868345
0.002716656272
0.00023705626
0.000818758479
0.006144159895
0.025114352137
0.000239334154
0.004777479308
0.00023957374
0.005602880395
0.01123427467
0.000527641467
0.000245383653
0.002105415848
0.000244885697
0.002366211504
0.000527751175
0.002318447692
0.009057986681
0.011911455065
0.000237825192
0.000235391071
0.005447530112
0.006720808798
0.028722408241
0.043156037693
0.000533980094
0.000241960575
0.000241365687
0.002004573742
0.002599900504
0.00730292286
0.000242943492
0.000233689528
0.003822843721
0.000237170712
0.01368573651
0.008126315689
0.004892900937
0.000237563532
0.000845698427
0.000246811096
0.00622209235
0.005478759551
0.000235074915
0.005999289935
0.036622007751
0.011205341184
0.000234149278
0.005538449497
0.003765854883
0.012504086357
0.000240704666
0.002420869287
0.000238923027
0.000863305987
0.00741383517
0.000530916237
0.007351103929
0.00052907976
0.0026460796
0.000239289719
0.00053175341
0.000236755339
0.006284833405
0.000236817394
0.007690611634
0.017096723571
0.002023841799
0.000235690324
0.00052875325
0.007043231196
0.001730950967
0.000234935403
0.000526720006
0.00113561824
0.00110990807
0.005207283302
0.000234631839
0.000525832875
0.000237273092
0.000526812708
0.006777640824
0.000526940181
0.003912054463
0.000234708535
0.000527122471
0.000533104146
0.00785797433
0.015438337004
0.003756301156
0.00594528443
0.000234785804
0.002719049297
0.000244302795
0.004802050115
0.009196302333
0.000237903243
0.000530940645
0.003204506429
0.000846457453
0.009454732803
0.017911759608
0.00142645987
0.005533671274
0.000533221611
0.010693971731
0.016011347531
0.000245733231
0.006440135964
0.021176839421
0.006467892226
0.005438224746
0.006021540988
0.000235964978
0.009211158732
0.006684324723
0.005878945662
0.005731572215
0.008380716855
0.007421427656
0.007676425738
0.000242227911
0.000244877899
0.000535255558
0.00740441331
0.008826343247
0.000241445853
0.006821381417
0.000537838633
0.001437103757
0.021368363484
0.000237825821
0.000528070863
0.002072981307
0.000234162364
0.000526093841
0.000242141123
0.00053430555
0.009099458787
0.002881755079
0.000238705806
0.000838550494
0.007726510602
0.000234613412
0.000527090895
0.000246383485
0.000236793441
0.002479766201
0.011739468251
0.00086147286
0.00256656141
0.012765862243
0.014387569503
0.000241329464
0.000234457949
0.002023254267
0.003441787091
0.000241745498
0.000528508285
0.003138967965
0.017116377996
0.000241651579
0.000850766604
0.000236746606
0.0005284006
0.000243288898
0.007981374291
0.000240484311
0.000240348278
0.007394284064
0.018942759484
0.000238428103
0.000530590969
0.000526575644
0.000242195964
0.000825933409
0.003449557597
0.000864919084
0.00023995574
0.001140604433
0.000241391889
0.000528388372
0.000246840118
0.000236971514
0.002888988109
0.007009181329
0.012483073453
0.000241996296
0.002067465141
0.003736125662
0.000237593042
0.000239435428
0.002224280533
0.000237148787
0.005295772405
0.016260382375
0.013263642164
0.000242178015
0.000234568128
0.000526306335
0.000240507386
0.002066083221
0.000245631586
0.007499600956
0.0320544723
0.000234089723
0.005290253172
0.013536960213
0.003546806185
0.003771594774
0.017703513338
0.000237523847
0.004586193024
0.000238636736
0.000242538856
0.007823952294
0.001121771808
0.009345496899
0.00052863668
0.007727621209
0.000240843765
0.000531298172
0.002609068344
0.000238287158
0.000531363706
0.000236870038
0.000238142825
0.00024259449
0.004668202106
0.009513764137
0.012302203698
0.027599495872
0.002672017638
0.000237269213
0.003596769407
0.000238992868
0.000242594805
0.001114510144
0.018355262919
0.000244234701
0.007864784002
0.000244381541
0.000239524712
0.00082317733
0.000245764689
0.003797223081
0.009675740011
0.015858765836
0.000241401125
0.003296051992
0.007368509751
0.009409825767
0.004845525194
0.000236535243
0.001126076958
0.007924338886
0.000234345867
0.002972180586
0.003862595927
0.000234169858
0.002086510015
0.000245022846
0.001108675515
0.000529498301
0.006725994456
0.000240046367
0.00114111257
0.009304280254
0.000240926327
0.007710142205
0.00024003727
0.000235771638
0.002655883537
0.009371514488
0.000238854547
0.001114183712
0.004660153825
0.000234815028
0.000528614631
0.00198813992
0.009893324492
0.015653130766
0.000240334419
0.000529538478
0.005522374882
0.016113636316
0.000242861521
0.00024014403
0.002953861384
0.006190159899
0.007298542175
0.000242589454
0.000534674586
0.001766896471
0.00024610657
0.000237022367
0.000237610506
0.000529640086
0.000243122074
0.000243819923
0.00052676061
0.000817961347
0.013719093689
0.000234363183
0.005900362616
0.000240100966
0.003723320947
0.055433557125
0.000241997525
0.015222936076
0.005294757127
0.014084031564
0.000245608015
0.000242005366
0.000240513558
0.000532732314
0.010903239915
0.003161888549
0.006267827062
0.016715734332
0.032380132943
0.000245100421
0.000234069884
0.000526258811
0.003302576681
0.000242001814
0.000243572838
0.00238066271
0.000242380606
0.00746427278
0.001113545649
0.005522396854
0.018275658318
0.000234773294
0.00024156315
0.000527753309
0.005265149945
0.010504450185
0.000848788803
0.000237993512
0.000529531807
0.001114475103
0.001176745354
0.000528053319
0.008363165167
0.0008517243
0.000238153951
0.000244592165
0.000235368404
0.000240670225
0.000237147367
0.001113759566
0.002293527318
0.004967232461
0.000241651557
0.000245734985
0.000530154976
0.00354196542
0.011078462164
0.003387795708
0.00023496944
0.001112389274
0.001404263176
0.000238603054
0.000237156886
0.006983788404
0.00023913064
0.000246325645
0.00053286055
0.000234187307
0.000246282793
0.001137976281
0.008536385786
0.000242148002
0.003581813039
0.000240685105
0.000532192475
0.000237398344
0.000245992174
0.004820218776
0.00023815515
0.000822606776
0.001407132764
0.007873403349
0.000245873749
0.004728706306
0.018889446346
0.000245540088
0.000865861933
0.000238717297
0.006340809908
0.000239673808
0.000529258546
0.000530290388
0.010923546971
0.00023404469
0.003609920791
0.000525807763
0.002311121039
0.000246120211
0.000236940783
0.00261948919
0.014574685579
0.016135864656
0.000240670489
0.000235799126
0.00052801754
0.0005339973
0.000236463957
0.005711641141
0.007427890167
0.000234455948
0.002935639088
0.004463690708
0.000243254576
0.000243550324
0.000245717181
0.000239336127
0.000848983051
0.015066693411
0.000241738036
0.000241260751
0.000532724771
0.00052948571
0.000835577711
0.001785831464
0.006894508957
0.000241414896
0.000243903921
0.00023550761
0.00023702638
0.000529353498
0.000240547489
0.000241536279
0.000234835205
0.000525966806
0.000526839106
0.042691004355
0.000532248098
0.005915821131
0.003932505682
0.000239113361
0.000243806678
0.000234926954
0.00052790434
0.002315389752
0.002899578368
0.002458781238
0.000236459261
0.00115076428
0.000237053434
0.003503822691
0.00023576971
0.000237418993
0.0002421717
0.004319779191
0.000533283605
0.000241440804
0.000242222658
0.002052723176
0.000235387347
0.001119068651
0.008687649811
0.000234530033
0.000234716831
0.000527915094
0.000235250412
0.002036532758
0.000533664241
0.000239113323
0.000530620693
0.000531640526
0.003506360115
0.010533860379
0.000239747653
0.000530057825
0.006875740182
0.000245481326
0.000235992406
0.000528231954
0.001126905265
0.002319735091
0.00291663634
0.000246256377
0.00052838464
0.005064406317
0.020852701478
0.000238869366
0.002360105093
0.000530185379
0.000530801901
0.001129070106
0.004375681157
0.000245145805
0.000239457623
0.002194565959
0.000236867058
0.0023278287
0.002912049633
0.000242999836
0.000526866387
0.001427432647
0.000242942675
0.006570560073
0.000531021522
0.001141764409
0.001425775427
0.000527015891
0.005141101284
0.000526512311
0.00234046499
0.000240729633
0.001745513343
0.007678081277
0.000236722416
0.001713668079
0.010257066372
0.000236107647
0.000236409583
0.000235954212
0.000527992901
0.00081838863
0.004104671506
0.000243728755
0.000530694161
0.007860110789
0.000239076928
0.00024259764
0.00023939294
0.000236956767
0.000532881025
0.001712609666
0.007101255114
0.000242370185
0.0002454178
0.000528102121
0.00111260759
0.031523352776
0.046776422529
0.000241708012
0.000530875774
0.000531602449
0.00390412585
0.000233969569
0.023655062917
0.000533377053
0.002651718613
0.000246666109
0.000237398178
0.000529870547
0.005244814459
0.005734309218
0.00023707428
0.002607385203
0.000239908252
0.000531326433
0.003600270573
0.000244320066
0.001799843716
0.000236371397
0.001150700846
0.011776746082
0.000237803459
0.000239312789
0.000531552337
0.000532252089
0.000245713217
0.007357670571
0.000241975217
0.000826065213
0.000235987721
0.000533464729
0.003641084818
0.000831603283
0.001725906201
0.000237343565
0.000534056175
0.001118584019
0.000245208746
0.000529192017
0.00111149706
0.007183489778
0.000236583965
0.000242244554
0.00023813872
0.000530247963
0.000238106105
0.000235522758
0.000528676707
0.000244617282
0.006104696217
0.047966825497
0.000243699946
0.000246131048
0.000533173154
0.007370086252
0.00024072429
0.000528704951
0.005117774466
0.000245681251
0.000235542584
0.000527876057
0.004243515623
0.000819374446
0.000234195595
0.002339009795
0.000245407448
0.000234024423
0.005218008356
0.042610749069
0.000240709181
0.006057135151
0.000527634527
0.000241575739
0.003556381057
0.000234307344
0.000245098766
0.005913533629
0.000246454749
0.000528981741
0.000235757653
0.000235140249
0.000234117617
0.000526745845
0.000244801046
0.00053415446
0.002613779341
0.000241552322
0.000825030622
0.00115236217
