205
237
203
216
45
48
48
60
53
40
220
195
79
45
38
52
117
42
95
53
67
76
70
87
53
96
53
71
94
162
68
138
76
67
90
71
38
67
67
53
70
161
247
192
220
141
163
157
132
131
122
97
118
153
116
128
116
123
109
150
104
126
96
107
110
140
86
111
89
128
104
106
91
84
79
85
107
124
125
116
114
109
121
112
118
130
154
136
147
161
145
270
142
139
247
136
283
260
165
75
80
83
77
82
179
132
130
134
154
137
171
170
154
183
193
197
183
167
202
176
186
231
191
215
218
229
151
438
367
230
233
199
522
488
109
235
200
175
100
131
109
185
229
146
188
189
211
272
263
334
338
312
320
180
375
195
416
556
206
298
457
164
120
170
374
388
315
246
460
228
397
221
345
241
304
252
289
253
253
271
120
291
280
52
311
132
97
292
140
239
337
43
253
289
306
51
111
311
48
91
