105
98
131
35
73
65
70
60
68
99
77
69
57
56
77
70
68
93
95
79
104
86
71
118
95
119
117
79
91
147
107
168
117
91
219
210
96
170
94
103
203
183
64
86
70
54
117
185
144
140
161
125
105
118
82
111
118
120
95
88
153
110
81
145
140
86
95
114
110
90
113
234
253
99
114
280
298
123
104
118
108
327
356
91
86
437
226
180
235
243
201
100
399
116
129
308
116
98
84
373
83
124
363
54
63
46
380
322
50
68
75
429
110
159
123
132
101
94
91
101
89
91
350
91
252
75
320
339
80
264
394
71
230
334
67
330
217
227
244
331
318
66
58
38
29
29
16
20
8
5
