209
236
212
216
46
32
41
32
44
31
210
176
69
47
46
59
105
43
103
53
60
81
65
79
67
97
70
71
86
168
74
140
66
79
92
97
54
66
92
52
82
177
204
194
225
150
183
140
132
127
108
104
121
136
102
125
108
137
80
116
106
108
88
100
94
124
73
91
99
95
84
76
92
87
115
93
111
140
124
90
138
124
141
137
114
163
152
128
151
173
158
325
154
141
280
124
276
276
140
52
65
74
69
87
175
111
145
138
146
125
145
141
142
159
184
175
175
162
181
170
205
208
196
187
199
235
137
388
340
244
257
219
521
466
118
272
233
207
106
148
167
175
212
144
225
211
215
247
246
239
268
272
365
190
357
204
387
532
216
299
472
146
127
159
370
389
306
227
452
232
375
209
310
222
329
227
309
267
278
303
97
319
297
64
350
109
83
322
112
282
382
42
269
294
363
57
103
345
38
67
