105
98
131
35
73
65
70
60
68
99
77
69
57
56
77
70
68
93
95
79
104
86
71
118
95
119
117
79
91
147
107
168
117
91
219
210
96
170
94
103
203
183
64
86
70
54
117
185
144
140
161
125
105
118
82
111
118
120
95
88
153
110
81
145
140
86
95
114
110
90
113
234
253
99
114
280
298
123
104
118
108
326
356
92
87
438
227
181
235
245
201
105
394
126
132
311
112
95
106
376
83
122
358
48
60
51
357
287
55
70
80
431
119
173
120
128
101
93
91
95
88
93
358
87
283
71
333
353
79
257
396
72
224
354
66
330
227
232
242
329
340
65
57
39
29
29
16
19
8
5
