25
22
28
22
12
10
8
10
13
11
2
2
20
13
25
15
34
22
34
23
25
31
13
32
16
26
29
49
24
4
52
3
40
27
23
26
33
43
19
39
17
27
36
29
38
34
35
35
41
35
35
40
38
33
38
36
39
35
30
21
41
34
31
24
39
28
27
36
29
35
33
20
25
28
32
45
55
53
46
39
43
42
46
35
40
38
32
40
97
83
88
5
89
82
1
35
13
5
80
17
22
30
34
29
44
29
21
30
29
24
37
44
32
48
53
39
23
21
27
52
25
33
26
26
26
46
49
14
37
118
117
106
27
50
29
129
104
106
28
24
25
54
61
52
38
27
19
45
25
43
40
37
51
90
41
104
34
59
99
54
95
77
81
88
30
27
53
60
84
65
96
76
97
67
87
68
90
61
72
53
52
38
49
31
49
64
40
31
71
47
45
28
36
36
49
26
50
52
13
32
