18
18
19
19
9
12
7
13
12
10
2
1
21
18
21
16
40
19
18
20
27
29
21
31
18
28
21
53
20
5
42
3
53
24
21
30
30
44
16
43
20
32
12
27
13
40
28
39
43
35
40
38
37
46
49
42
40
38
35
23
44
41
38
31
43
31
37
21
32
31
34
22
21
32
28
38
54
49
39
43
45
48
47
36
44
37
31
37
87
98
78
5
74
77
2
26
18
12
83
16
24
32
27
28
46
28
25
35
34
25
43
44
44
50
51
28
22
27
29
48
33
27
25
31
21
35
46
14
32
112
119
104
23
56
29
121
103
101
26
21
22
53
59
51
40
28
22
47
28
48
43
34
54
89
48
111
39
69
112
62
95
81
78
73
31
29
52
58
95
59
105
66
90
56
73
66
76
55
66
57
58
34
53
25
54
68
44
39
76
55
55
23
40
43
55
24
50
52
23
37
