0.000245469604
0.015478199296
0.00023604902
0.000237355278
0.000235697693
0.000246997825
0.004731443259
0.004283014507
0.009021828534
0.000532016535
0.016411154886
0.008776640739
0.001442995365
0.009201230381
0.001786816921
0.000530420386
0.005687128613
0.02193187963
0.064750077696
0.005463325131
0.000241476893
0.000246632583
0.085076724053
0.004763010893
0.014292682397
0.007376866518
0.002999540797
0.000242746142
0.000241948179
0.0093422892
0.00023541578
0.000527288913
0.000237393482
0.000530010597
0.000240082271
0.00024448147
0.000236106998
0.005060551271
0.007304305158
0.031754356981
0.013667918178
0.03439811898
0.000239143826
0.00023564786
0.000239913177
0.007011043228
0.000244796109
0.000240363665
0.000822497089
0.007358321044
0.000245901229
0.000240279198
0.016411794301
0.05889757235
0.089413484965
0.006448937461
0.003456269304
0.028494353102
0.03214997889
0.005451601175
0.000242139322
0.002699792035
0.01841282948
0.024074401056
0.000237797905
0.006952419946
0.000235874099
0.007013364189
0.000244816925
0.000245564413
0.013060909729
0.005920313451
0.001148816444
0.005598324859
0.012555408463
0.004434473449
0.000240652965
0.000242063658
0.000242634865
0.011851779392
0.015008671826
0.000245619992
0.00453844988
0.000240694004
0.000238390945
0.004750055172
0.005789942655
0.006082494224
0.00666729107
0.00024453699
0.001765166115
0.008251545245
0.000538244037
0.005047767929
0.028089721812
0.000234990156
0.01292490416
0.014630287242
0.000236065984
0.005721652662
0.010069918011
0.003264806138
0.044506302166
0.067540053749
0.009746512685
0.004935130327
0.006978518359
0.012619332735
0.00024170842
0.000850008918
0.002999831454
0.000526913969
0.00716028908
0.011621377161
0.002625306996
0.003792429921
0.016626992152
0.000245660654
0.000854478308
0.007104081551
0.000246404319
0.000245429863
0.004690583334
0.059677528048
0.000245327261
0.003306312278
0.000237285239
0.006929088883
0.008333236264
0.00240943646
0.016067996903
0.019514651875
0.008513196711
0.000233927165
0.001426510043
0.000237052161
0.000530110047
0.000818162792
0.002566088707
0.023468293873
0.001142408244
0.044172498761
0.052775527446
0.081177169839
0.00398128306
0.002622618183
0.010672290179
0.000246077963
0.000242762096
0.007998435115
0.012576421838
0.006623949191
0.000237410152
0.005527894663
0.03736547028
0.000532540565
0.00206264947
0.001748844059
0.00023849314
0.00052823223
0.000241399659
0.001460195958
0.000247439868
0.008522032705
0.000236098032
0.000237477553
0.001760203359
0.000242173023
0.000239166755
0.019422806347
0.024383242487
0.011374667989
0.000240197656
0.004670817376
0.005372604356
0.002063410607
0.000238565661
0.000823629587
0.001484131294
0.000238941014
0.000242569542
0.003651664579
0.001140261671
0.000243119011
0.000823954663
0.000237504631
0.010223183251
0.000817160862
0.003540726268
0.00587022961
0.000245879009
0.003177136363
0.009876575917
0.000242826649
0.000236655155
0.003963972399
0.000538249366
0.000245118804
0.000240006954
0.0038752632
0.009710993898
0.0036447354
0.000240881163
0.000836243487
0.03898031208
0.058521086787
0.000234595744
0.000240487724
0.000242087635
0.00114081507
0.000233610256
0.000525203114
0.003195590866
0.000237755526
0.010720609583
0.002285919815
0.011050612717
0.003972018041
0.016669283177
0.028822079373
0.000245495142
0.000234421713
0.000526763925
0.006086445552
0.060565663569
0.000533347482
0.000244241459
0.000244267827
0.002610729923
0.00466270668
0.003636056323
0.013756842288
0.021824401191
0.036683286867
0.005682189091
0.001146790922
0.006594823298
0.000243041328
0.000243427876
0.000240054156
0.000821200655
0.00023604249
0.000236408594
0.013352690008
0.001130965235
0.001714094257
0.000244014474
0.000828214932
0.000242570105
0.000234625928
0.000235000174
0.000526139556
0.004565794468
0.000239143906
0.034687792301
0.04622254938
0.006844932792
0.000233806208
0.000246154515
0.000525609099
0.002592516693
0.008181346361
0.00434148995
0.000243820053
0.000827771158
0.00023728604
0.004108004347
0.00557761828
0.007171037916
0.008046209404
0.000822215323
0.00140474953
0.011015358029
0.002012891886
0.004344021166
0.048324507691
0.006329479679
0.00024091294
0.000526310102
0.005003740442
0.020503784557
0.06222111078
0.000534737904
0.000246703272
0.004924047907
0.006908791596
0.002722620887
0.000242347916
0.00209117036
0.00023966254
0.008738121091
0.047351209452
0.004048780599
0.009608917345
0.015662347934
0.015801517406
0.032462934549
0.002394050791
0.000243987738
0.000240171787
0.004969779922
0.000234882654
0.003868278814
0.01173705417
0.000535228331
0.000529935546
0.020762828566
0.00447451003
0.000236174563
0.000236741116
0.001111920612
0.023441095676
0.003244784839
0.01270237844
0.000236338567
0.010447265012
0.00052937436
0.002584455
0.00023567467
0.004546514935
0.000246334011
0.000239101679
0.004871112513
0.000245362292
0.000242718945
0.023038892107
0.025079324204
0.044288420034
0.0005315902
0.000247071756
0.007796577673
0.020558260177
0.004014019148
0.000242642155
0.001160575175
0.000244504005
0.000245919847
0.004489267677
0.000240894346
0.000242886487
0.002093653472
0.001779252196
0.000240748441
0.000240654574
0.006193713399
0.007665068595
0.000239376959
0.000245795564
0.000535000977
0.000238230076
0.020829461945
0.000239791515
0.000236041728
0.000237240003
0.000236459198
0.003329707414
0.000241231149
0.000241678003
0.006372750355
0.000237236936
0.000819209558
0.001448857884
0.00694519888
0.010024786264
0.018261162503
0.021850724359
0.005186413048
0.007054913044
0.010976752579
0.002658603881
0.000236476754
0.000236523324
0.000236874934
0.000235261667
0.000860801365
0.000241291458
0.003346957949
0.000245057517
0.000535996425
0.000817402103
0.004225743285
0.001462434843
0.007062871851
0.01355870325
0.021832306214
0.004623533394
0.019599687983
0.000531581415
0.000237902556
0.00023966054
0.001419194724
0.009612560401
0.010195595581
0.004244199354
0.00023553221
0.000236152479
0.000238962353
0.000243070798
0.001444074625
0.01732841338
0.000242452718
0.000245938137
0.000241055444
0.002865361725
0.000245529273
0.003100492209
0.000237509749
0.000241146525
0.001330573908
0.00552708473
0.001740129327
0.004111652537
0.015541227469
0.04094751109
0.002700121134
0.000235954671
0.000821072574
0.000233656403
0.000524880992
0.000242514717
0.026851020037
0.004227604788
0.002948902105
0.00503057007
0.000241899448
0.000823966176
0.000240598733
0.000245489852
0.004302339694
0.007183905356
0.000240513741
0.001112898435
0.000240073337
0.000526970764
0.013046127335
0.015631685377
0.019672538921
0.000530692095
0.000240689908
0.0002406305
0.000236678061
0.000525982001
0.000239231642
0.002348682396
0.000243526359
0.004022372587
0.000235943563
0.000240150923
0.008281013797
0.012777114737
0.008749484213
0.000243152202
0.000851674905
0.000243426377
0.000856820497
0.010172642338
0.000240620087
0.000235021222
0.000241163534
0.000236325748
0.000242776593
0.00446672366
0.018313060467
0.000818931166
0.017451589741
0.000837165056
0.000241738921
0.00757712858
0.00024287772
0.011369755278
0.022891184324
0.000817326841
0.007140537691
0.002423094794
0.00052998668
0.000245236176
0.000234332742
0.000236483528
0.000831274201
0.001415071518
0.000243060152
0.001121567175
0.007675509666
0.000240277102
0.000246470646
0.000869436554
0.000868453324
0.000243145782
0.002057486475
0.009307425545
0.00085608691
0.000246411155
0.000242858131
0.000243725145
0.000530908993
0.006869354752
0.009226473075
0.002066669785
0.053039666143
0.000847387863
0.008976258015
0.000233725959
0.001124632908
0.007523678189
0.010318921809
0.00024496947
0.003415957716
0.000822276263
0.000237045531
0.000818824515
0.007531973167
0.009029163062
0.000858083623
0.000243508646
0.001156240721
0.000234073232
0.004714223002
0.011355453925
0.000241163145
0.000244341198
0.003332844219
0.005359467942
0.000243309469
0.012336227502
0.000241168636
0.000235129032
0.010567318853
0.016567641831
0.000856764705
0.000242642129
0.000244770585
0.00086764369
0.000532138576
0.007556597861
0.000246727902
0.000866786043
0.0002369868
0.008994929138
0.000822283419
0.000241818249
0.000237905772
0.005096547932
0.001808134149
0.000819017095
0.000240455799
0.009330590716
0.001797399821
0.016808975409
0.019363973401
0.000242585191
0.000235522689
0.006041077644
0.007826635044
0.012097601564
0.000236137467
0.00024502982
0.000238529351
0.002094882869
0.000234291903
0.000242858471
0.000234561429
0.000525979067
0.000246725108
0.004534070819
0.000246644709
0.008981726061
0.01416112209
0.000235613417
0.000245731783
0.000538123119
0.000242745566
0.000235712975
0.000239974885
0.00235485739
0.000246064097
0.000237657258
0.000240978198
0.002994569757
0.01770231146
0.06227323155
0.020923406213
0.000239287317
0.000243734037
0.000235568981
0.004940100973
0.000843334773
0.034700598203
0.000236439946
0.007429997463
0.010379191771
0.000854150692
0.029610248564
0.000842783576
0.007929693265
0.044139325021
0.000246274275
0.000238782293
0.000241881421
0.002370314107
0.000244908533
0.000245107539
0.00024484142
0.001154652386
0.000234695972
0.007675724458
0.000240452595
0.004994669832
0.015431765858
0.028666276781
0.000239851756
0.000244568958
0.00706527328
0.000242678598
0.000237017529
0.001124876248
0.00410779866
0.012895638069
0.004883741564
0.000237221242
0.05357914322
0.00023798388
0.003391109348
0.027661715631
0.0002463777
0.000236052362
0.000238462254
0.004574085499
0.000234383254
0.001706086716
0.002303948073
0.000240558653
0.000240034165
0.000236514934
0.005953119483
0.024383604234
0.000243264965
0.000245363833
0.001728784914
0.000236654227
0.00235901877
0.000236083638
0.001710931524
0.007843056019
0.000243354175
0.000241007851
0.002059833794
0.006305008767
0.045471389089
0.008698278947
0.0026317682
0.004091412349
0.015157827389
0.000234446066
0.00024374929
0.033352630798
0.005021970853
0.024237727671
0.001137322854
0.003672207634
0.00024585585
0.00024450405
0.004124752419
0.000245450139
