0.000241734459
0.0005259463
0.023406375771
0.000234974658
0.017277302206
0.024018375581
0.000246604615
0.009559465311
0.000240423528
0.000235632582
0.000532636389
0.000243596532
0.000844815888
0.007921906728
0.000240284388
0.000244730716
0.000235427753
0.000237910829
0.008406671704
0.052840338847
0.010141032789
0.089611135362
0.000840247915
0.000245938746
0.015759022792
0.025042111222
0.000240312359
0.000245077146
0.006933608153
0.000240690717
0.000234196929
0.049290115029
0.071858130748
0.072467274862
0.038071314403
0.00023565184
0.000237058003
0.009815789306
0.01633664081
0.009139635225
0.000234969941
0.000532106928
0.013698700764
0.027704604242
0.000242680385
0.006774481813
0.009409537295
0.001110025852
0.043366983127
0.054813946272
0.067036105137
0.000236218467
0.000526962157
0.009142473301
0.022624830461
0.00024503324
0.000237349963
0.030048400757
0.04191132829
0.05927256236
0.063435744593
0.000244599619
0.007525448361
0.049692633819
0.000239369993
0.019424075547
0.007419904451
0.025478896943
0.077771883249
0.086498515351
0.012970090903
0.000535242003
0.002691394419
0.019150152432
0.036296144679
0.000245091628
0.009581217123
0.011367505997
0.019474606967
0.022539923756
0.012973847636
0.000234367215
0.004723341505
0.000534494921
0.013030840757
0.000240839765
0.005562047691
0.012669219323
0.025672484626
0.0002373657
0.000529726603
0.028917395341
0.043258917161
0.050921499605
0.000239646604
0.000529831865
0.011305525111
0.000236699543
0.000528797392
0.000237073312
0.003841541677
0.012830836449
0.019121078672
0.076676549485
0.01164940524
0.047365156983
0.087728004427
0.005827650103
0.000849250799
0.008504888517
0.059472323446
0.062921314157
0.071743864927
0.000240877398
0.003249997045
0.008545990888
0.000246830494
0.000237653156
0.000530598877
0.01919669099
0.028271235383
0.000246942642
0.000528809359
0.008272228384
0.026302401082
0.009524383947
0.00023428422
0.016657562095
0.029436022019
0.000235085563
0.000242472167
0.01442774269
0.028395384098
0.000242077361
0.000535218424
0.000246939973
0.013043439527
0.015376095152
0.036030628154
0.008287883754
0.00319755283
0.027698505927
0.042483173466
0.007656759962
0.018860478057
0.026969805741
0.000532250852
0.025165352873
0.059991787547
0.000234548416
0.00849514621
0.000528218215
0.010151508729
0.021162029283
0.000530926389
0.00614446312
0.009072478869
0.018624598115
0.000237233409
0.000246229383
0.000529820872
0.004712373704
0.000234020509
0.030019725445
0.059550537132
0.000235256684
0.003077262633
0.00023936019
0.000243918818
0.000244706776
0.00023848511
0.008058327353
0.02461546147
0.010195337101
0.000526056131
0.005922242275
0.009105552678
0.000234975913
0.009724999662
0.022084010027
0.095069656593
0.013354854396
0.080827398781
0.000242354407
0.000243178301
0.001134745992
0.000237644959
0.000235480479
0.000235645947
0.003542580734
0.000529374661
0.052324745491
0.000237405822
0.000235008647
0.000235077113
0.006117596914
0.0599073789
0.00024060978
0.002649566963
0.000530967484
0.018082028329
0.005861987887
0.016009991689
0.071384165733
0.076948898675
0.000238315838
0.000234981011
0.000238495017
0.000236690629
0.004389450764
0.000238983142
0.001735045067
0.020324151057
0.000237265131
0.004726647161
0.024966355362
0.00762781152
0.000237169543
0.001480547896
0.001737425954
0.008391708731
0.004314786708
0.00024032774
0.058760412443
0.070065159904
0.007697222181
0.072680861883
0.000244881228
0.002816932093
0.000238635278
0.007795221287
0.000237051262
0.000238651751
0.039556025213
0.057253537532
0.000529706316
0.005228959387
0.000236071684
0.000240363162
0.013267126045
0.07866551239
0.001121462784
0.01032738029
0.000835433762
0.000528817334
0.003498055192
0.000243318465
0.012547652355
0.014004867243
0.024292203694
0.000240313069
0.000239700701
0.017568198521
0.06658397537
0.078273436681
0.000246762864
0.0066898594
0.021458046183
0.000238449896
0.006362465499
0.000245292236
0.000245934515
0.007346581708
0.000529271999
0.005002752505
0.008320331955
0.00023995098
0.000240853365
0.003111280837
0.0005287821
0.008158167061
0.030029754221
0.000240439978
0.008438760656
0.008452730608
0.000240081594
0.002031063741
0.067603863123
0.080824449992
0.000235459826
0.000527828685
0.001403751454
0.012656602502
0.017496226258
0.00023857536
0.00169699342
0.001138044085
0.002633382996
0.055646856747
0.000244379757
0.002016296576
0.008195345154
0.02319653992
0.000244465466
0.00023637293
0.000528345076
0.004609967727
0.000239936236
0.000825787881
0.005148642037
0.00023914566
0.000239879573
0.002887780647
0.009102041418
0.000235474731
0.00052737771
0.001746766125
0.000863591049
0.000820324475
0.00052981481
0.009298222694
0.013679245861
0.000822055743
0.000242070717
0.002728687647
0.000241252334
0.00086447338
0.002932972604
0.000243132171
0.000244646992
0.007520590042
0.000234367146
0.004507294065
0.004303560977
0.000233949322
0.000526786371
0.001996112111
0.011597308564
0.000241447886
0.000862699956
0.012626340176
0.000243919796
0.001419590698
0.005248090609
0.020901841342
0.000820332288
0.001404078615
0.037366066582
0.011478568097
0.030630287104
0.001134060662
0.00024315843
0.000534918257
0.000826673879
0.005423695221
0.019134322733
0.00023690507
0.00052789537
0.00081991717
0.001401060051
0.023586117245
0.000235345644
0.000526346297
0.000526916318
0.004176657523
0.000242899907
0.003316894867
0.000237972856
0.003532032635
0.000841951724
0.013031182276
0.000245178129
0.000235982846
0.007123815539
0.00962521107
0.04271026165
0.000239082217
0.005507070612
0.012143361741
0.000241211499
0.010910688484
0.012102193676
0.005342742687
0.007238889816
0.005723139591
0.000525294527
0.000526784818
0.008006791609
0.001711437315
0.013478223111
0.061597335404
0.000243650168
0.006597523621
0.007709708326
0.000238739179
0.000241670151
0.008415081385
0.000235758261
0.004928255897
0.00053217289
0.006007534974
0.000246432884
0.000237009928
0.000529655177
0.001721373238
0.010624392143
0.000243399835
0.000239116334
0.000867583145
0.010558469226
0.000234356478
0.000526403397
0.007346293236
0.002103225687
0.001691410154
0.014086917733
0.020193979312
0.000532164781
0.001115757456
0.012013573834
0.000245682442
0.00023559929
0.00052879722
0.008480930599
0.000238279763
0.003206352385
0.010912914302
0.00023629114
0.003017967816
0.000241765259
0.003827357425
0.000236686673
0.00082034978
0.000235771843
0.000532236916
0.008360581295
0.000820221743
0.000237379078
0.000535628937
0.000235220218
0.000236116526
0.004307058589
0.007915626792
0.018402791152
0.000238541153
0.000240332111
0.000530586716
0.001710662356
0.008636681702
0.000245195793
0.011231034997
0.01430915697
0.000236515332
0.000528828236
0.0020634971
0.003918584015
0.00024014902
0.002044814889
0.001123518908
0.014669940421
0.000237149401
0.002958643462
0.005577498033
0.029941754175
0.003723538501
0.001188599955
0.012497855233
0.000243984285
0.00085200991
0.000238246122
0.0115691201
0.012151346267
0.006635225418
0.000243775512
0.002611616194
0.002903571962
0.000243109069
0.00231810232
0.003778733962
0.012356491232
0.000238431952
0.000240681484
0.000242831595
0.00144762794
0.000241679569
0.001954745517
0.000237119504
0.000237844619
0.00024301485
0.001154936006
0.000238578634
0.00023901973
0.000834133785
0.003494164033
0.000242405576
0.019908971107
0.00140064357
0.012279717401
0.000237064022
0.006712110803
0.01121140977
0.000237701343
0.007010567965
0.058414144039
0.000242525748
0.000825943528
0.000234068229
0.003453595647
0.012010261352
0.000239136613
0.004262911908
0.000525413791
0.003920973255
0.058050057417
0.06870973141
0.002911757435
0.010116155523
0.000527070832
0.001705719718
0.013208747646
0.000239145825
0.022803438769
0.04219724373
0.057089989903
0.000241056253
0.008738368961
0.01202727555
0.004655174066
0.006419470705
0.037506524219
0.000234828921
0.013611114104
0.000242790895
0.004171184827
0.008323279033
0.000241519093
0.004523633841
0.003151460563
0.004468634305
0.000242976464
0.000244811143
0.002453192968
0.020433602486
0.000234665165
0.000526065802
0.003885524972
0.000237014602
0.001437603438
0.005505688867
0.002871181686
0.009244158334
0.019185245917
0.040447144781
0.013583430231
0.010388982194
0.000237875948
0.002923916957
0.000244795649
0.005770839945
0.007496054329
0.000237988665
0.000820870624
0.001714617087
0.0002352053
0.000236744962
0.000528098207
0.001130771703
0.000233611573
0.000235490545
0.005276111026
0.006736682493
0.000243815552
0.005392634803
0.000529450836
0.006218140826
0.01341243619
0.022681845365
0.005172666293
0.005971010189
0.000244322902
0.000827532202
0.007600905773
0.000234922108
0.001122525767
0.006975768613
0.000530886768
0.001775563796
0.022386616335
0.000236879585
0.002352179349
0.000240747205
0.001118518365
0.007695770846
0.000529285958
0.00300595018
0.00023489079
0.000526541502
0.000246178874
0.000244548891
0.00426198794
0.003701322145
0.027396038033
0.000236531935
0.000844384235
0.005581739168
0.000244220238
0.003918669068
0.001111662382
0.012266830056
0.000242598454
0.002396833329
0.00145095213
0.000239899338
0.000245693077
0.000536664794
0.001146438778
0.008128717285
0.033924358927
0.000533573564
0.000241479445
0.000242976409
0.004234554193
0.011374390021
0.012542134011
0.007023993453
0.01186220874
0.006848170155
0.008773468844
0.000236478652
0.002316267391
0.006628373498
0.008535918463
0.004221236287
0.01313991042
0.000240285299
0.006928650724
0.009170517656
0.000244923696
0.009571246557
0.000243426273
0.000243114178
0.001738873234
0.000245254485
0.000535227515
0.000235990036
0.000236633042
0.000237279463
0.004146873694
0.005312195118
0.005893863785
0.040497934923
0.020646142138
0.000240488469
0.002381833049
0.002979661928
0.001122273192
0.005814978744
0.016520961573
0.000235233462
0.000243666829
0.000237395615
0.013362568829
0.000243516012
0.000865089887
0.000237101843
0.00793701567
0.000243031394
0.000245034994
0.000529621776
0.012588944158
0.000234857585
0.000235043493
0.003212923507
0.004987401588
0.000851403341
0.003511145899
0.000242558076
0.003626463247
0.002138177919
0.000243362504
0.000243897143
0.004485420739
0.000240287503
0.001148329781
0.001765032791
0.009856904008
0.00023466208
0.000525310504
0.00024170732
0.00023765992
0.00599145112
0.000238377422
0.003504351884
0.005559176621
0.000839346235
0.002180432021
0.000242326036
0.002998213616
0.004242747336
0.000238763249
0.005580077073
0.006163273413
0.000241680855
0.002358807985
0.000245998662
0.0002462842
0.000246617088
0.000851612228
0.000245651676
0.000239640004
0.002656697871
0.001413972228
0.002288167944
0.000838292282
0.00023620465
0.00052862482
0.011123883139
0.014924830421
0.001142359272
0.001725252413
0.006336176874
0.010316018781
0.007099450181
0.010243371242
0.020108542275
0.0002410294
0.002392864977
0.000240751848
0.003509613805
0.001155932955
0.011414787296
0.001615131204
0.000239652359
0.000243317547
0.000838031669
0.000850075557
0.000529919406
0.004510261726
0.00023901606
0.00272259537
0.000538045081
0.00082998955
0.000233979076
0.000239896503
0.002362822578
0.001443757081
0.011404557808
0.000234667414
0.000244900234
0.002700539576
0.000236143497
0.003916302423
0.000239422578
0.000240690108
0.000236281757
0.000237649198
0.000235972825
0.000239289045
0.005677491834
0.000240458117
0.00233881031
0.004695234938
0.00172423435
0.006185504281
0.000246264345
0.000866595759
0.004077766192
0.011107728754
0.016390845609
0.003061170522
0.007623677177
0.000235154785
0.007685119496
0.000238343308
0.000235080499
0.00369392653
0.000238803985
0.010184765215
0.000243922628
0.001458075587
0.00024639547
0.000837246767
0.00083467946
0.016131262511
0.000245458102
0.001706537132
0.008342906767
0.00023924299
0.002099302239
0.000239022342
0.003308466558
0.001401646507
0.000235164478
0.000856348931
0.001467324105
0.002677910975
0.000863162287
0.000242302263
0.001467376805
0.000526497343
0.006103295315
0.008178872783
0.009309086131
0.003154988309
0.000242803644
0.001750759786
0.000835718203
0.000237795448
0.000842705427
0.003521449749
0.0031417783
0.000242986559
0.001271755346
0.00023766334
0.000240291234
0.000236646164
0.000235656544
0.000237709557
0.000859300383
0.000240846979
0.001126879892
0.003924704387
0.002212079071
0.000824597258
0.000246118035
0.005873648408
0.009411284051
0.000243141097
0.00023879362
0.000246779612
0.00023942425
0.000235025142
0.000835795399
0.002532773284
0.001469015649
0.003508293912
0.007210205213
0.000233813969
0.003522308666
0.009445178294
0.000239184723
0.000243371124
0.000235733004
0.000237703887
0.000533307628
0.00024418827
0.005437772717
0.00024012978
0.000836567219
0.000241065293
0.0020942876
0.000237803428
0.000237385732
0.000530647509
0.000533541165
0.000836691573
0.001129404774
0.000244243934
0.050580379356
0.000233296546
0.000236150796
0.000236320075
0.000237124048
0.000246812142
0.000241135109
0.000862119362
0.000241554281
0.000238786023
0.000860464244
0.001767237623
0.000242323715
0.000245292499
