0.000245469604
0.015478199296
0.00023604902
0.000237355278
0.000235697693
0.000246997825
0.004731443259
0.004283014507
0.009021828534
0.000532016535
0.016411154886
0.008776640739
0.001442995365
0.009201230381
0.001786816921
0.000530420386
0.005687128613
0.02193187963
0.064750077696
0.005463325131
0.000241476893
0.000246632583
0.085076724053
0.004763010893
0.014292682397
0.007376866518
0.002999540797
0.000242746142
0.000241948179
0.0093422892
0.00023541578
0.000527288913
0.000237393482
0.000530010597
0.000240082271
0.00024448147
0.000236106998
0.005060551271
0.007304305158
0.031754356981
0.013667918178
0.03439811898
0.000239143826
0.00023564786
0.000239913177
0.007011043228
0.000244796109
0.000240363665
0.000822497089
0.007358321044
0.000245901229
0.000240279198
0.016411794301
0.05889757235
0.089413484965
0.006448937461
0.003456269304
0.028494353102
0.03214997889
0.005451601175
0.000242139322
0.002699792035
0.01841282948
0.024074401056
0.000237797905
0.006952419946
0.000235874099
0.007013364189
0.000244816925
0.000245564413
0.013060909729
0.005920313451
0.001148816444
0.005598324859
0.012555408463
0.004434473449
0.000240652965
0.000242063658
0.000242634865
0.011851779392
0.015008671826
0.000245619992
0.00453844988
0.000240694004
0.000238390945
0.004750055172
0.005789942655
0.006082494224
0.00666729107
0.00024453699
0.001765166115
0.008251545245
0.000538244037
0.005047767929
0.028089721812
0.000234990156
0.01292490416
0.014630287242
0.000236065984
0.005721652662
0.010069918011
0.003264806138
0.044506302166
0.067540053749
0.009746512685
0.004935130327
0.006978518359
0.012619332735
0.00024170842
0.000850008918
0.002999831454
0.000526913969
0.00716028908
0.011621377161
0.002625306996
0.003792429921
0.016626992152
0.000245660654
0.000854478308
0.007104081551
0.000246404319
0.000245429863
0.004690583334
0.059677528048
0.000245327261
0.003306312278
0.000237285239
0.006929088883
0.008333236264
0.00240943646
0.016067996903
0.019514651875
0.008513196711
0.000233927165
0.001426510043
0.000237052161
0.000530110047
0.000818162792
0.002566088707
0.023468293873
0.001142408244
0.044172498761
0.052775527446
0.081177169839
0.00398128306
0.002622618183
0.010672290179
0.000246077963
0.000242762096
0.007998435115
0.012576421838
0.006623949191
0.000237410152
0.005527894663
0.03736547028
0.000532540565
0.00206264947
0.001748844059
0.00023849314
0.00052823223
0.000241399659
0.001460195958
0.000247439868
0.008522032705
0.000236098032
0.000237477553
0.001760203359
0.000242173023
0.000239166755
0.019422806347
0.024383242487
0.011374667989
0.000240197656
0.004670817376
0.005372604356
0.002063410607
0.000238565661
0.000823629587
0.001484131294
0.000238941014
0.000242569542
0.003651664579
0.001140261671
0.000243119011
0.000823954663
0.000237504631
0.010223183251
0.000817160862
0.003540726268
0.00587022961
0.000245879009
0.003177136363
0.009876575917
0.000242826649
0.000236655155
0.003963972399
0.000538249366
0.000245118804
0.000240006954
0.0038752632
0.009710993898
0.0036447354
0.000240881163
0.000836243487
0.03898031208
0.058521086787
0.000234595744
0.000240487724
0.000242087635
0.00114081507
0.000233610256
0.000525203114
0.003195590866
0.000237755526
0.010720609583
0.002285919815
0.011050612717
0.003972018041
0.016669283177
0.028822079373
0.000245495142
0.000234421713
0.000526763925
0.006086445552
0.060565663569
0.000533347482
0.000244241459
0.000244267827
0.002610729923
0.00466270668
0.003636056323
0.013756842288
0.021824401191
0.036683286867
0.005682189091
0.001146790922
0.006594823298
0.000243041328
0.000243427876
0.000240054156
0.000821200655
0.00023604249
0.000236408594
0.013352690008
0.001130965235
0.001714094257
0.000244014474
0.000828214932
0.000242570105
0.000234625928
0.000235000174
0.000526139556
0.004565794468
0.000239143906
0.034687792301
0.04622254938
0.006844932792
0.000233806208
0.000246154515
0.000525609099
0.002592516693
0.008181346361
0.00434148995
0.000243820053
0.000827771158
0.00023728604
0.004108004347
0.00557761828
0.007171037916
0.008046209404
0.000822215323
0.00140474953
0.011015358029
0.002012891886
0.004344021166
0.048324507691
0.006329479679
0.00024091294
0.000526310102
0.005003740442
0.020503784557
0.06222111078
0.000534737904
0.000246703272
0.004924047907
0.006908791596
0.002722620887
0.000242347916
0.00209117036
0.00023966254
0.008738121091
0.047351209452
0.004048780599
0.009608917345
0.015662347934
0.015801517406
0.032462934549
0.002394050791
0.000243987738
0.000240171787
0.004969779922
0.000234882654
0.003868278814
0.01173705417
0.000535228331
0.000529935546
0.020762828566
0.00447451003
0.000236174563
0.000236741116
0.001111920612
0.023441095676
0.003244784839
0.01270237844
0.000236338567
0.010447265012
0.00052937436
0.002584455
0.00023567467
0.004546514935
0.000246334011
0.000239101679
0.004871112513
0.000245362292
0.000242718945
0.023038892107
0.025079324204
0.044288420034
0.0005315902
0.000247071756
0.007796577673
0.020558260177
0.004014019148
0.000242642155
0.001160575175
0.000244504005
0.000245919847
0.004489267677
0.000240894346
0.000242886487
0.002093653472
0.001779252196
0.000240748441
0.000240654574
0.006193713399
0.007665068595
0.000239376959
0.000245795564
0.000535000977
0.000238230076
0.020829461945
0.000239791515
0.000236041728
0.000237240003
0.000236459198
0.003329707414
0.000241231149
0.000241678003
0.006372750355
0.000237236936
0.000819209558
0.001448857884
0.00694519888
0.010024786264
0.018261162503
0.021850724359
0.005186413048
0.007054913044
0.010976752579
0.002658603881
0.000236476754
0.000236523324
0.000236874934
0.000235261667
0.000860801365
0.000241291458
0.003346957949
0.000245057517
0.000535996425
0.000817402103
0.004225743285
0.001462434843
0.007062871851
0.01355870325
0.021832306214
0.004623533394
0.019599687983
0.000531581415
0.000237902556
0.00023966054
0.001419194724
0.009612560401
0.010195595581
0.004331536271
0.000234217258
0.000234837527
0.000235148857
0.000236150446
0.008220087668
0.020507280512
0.000236709537
0.000241594248
0.000240318236
0.006146009904
0.000234662009
0.002985803306
0.000241029466
0.000241255255
0.001139369176
0.005601242909
0.001109725574
0.008457884176
0.01537681694
0.019562641103
0.006873054099
0.00023697402
0.001113091923
0.000241866246
0.000239720598
0.004387239908
0.002174484434
0.005445410048
0.024636732342
0.000244384277
0.000865451005
0.000246092298
0.000246920852
0.006085084037
0.006921637852
0.000238809425
0.001124194119
0.000245818267
0.018499801172
0.022869289862
0.000526599709
0.000240629671
0.000234514617
0.000244111358
0.000526736152
0.000246728181
0.00190186501
0.000245751603
0.004046265791
0.00023994451
0.000235801708
0.007106991118
0.014963430187
0.010064356269
0.000241556282
0.000837078985
0.000239894329
0.000859809246
0.005941918389
0.000240760586
0.000238240128
0.000234390555
0.000237814044
0.000246800134
0.004691873762
0.029466103159
0.000831628049
0.018544888341
0.000833525036
0.000240156021
0.000234591029
0.014790190001
0.000238347115
0.005137318215
0.030977526065
0.000831061051
0.006619356564
0.002417894605
0.000526816226
0.000246150946
0.000238634626
0.000244738363
0.000825052594
0.002334699032
0.000244698748
0.001120379999
0.008116416133
0.000239418142
0.000242071659
0.000826037567
0.000840881519
0.000235705865
0.009450800727
0.000844726712
0.000245635115
0.000241528928
0.000242395942
0.000536042595
0.005245645481
0.007755105572
0.002231323772
0.042856003594
0.000829412765
0.009223667423
0.000235675058
0.00144432167
0.007339234996
0.006354640588
0.00024530029
0.001750145362
0.043527976133
0.000823300514
0.000243951922
0.005216380993
0.007599024569
0.009096263684
0.000840967726
0.000239990479
0.001139722554
0.000244677581
0.005354514857
0.011023379978
0.000237515413
0.000240190338
0.003315052388
0.011461838758
0.000243756695
0.000236514251
0.000835621868
0.005827836672
0.010383242812
0.000835129051
0.000245962935
0.000245488086
0.000851026112
0.000537676935
0.004225733853
0.000237002248
0.000823155675
0.000233836713
0.000244781033
0.00052690564
0.0037697609
0.000851886613
0.000235855307
0.000244350192
0.005192123162
0.001774403527
0.000828390954
0.000247124984
0.010717981471
0.001772376285
0.026215797127
0.035279130899
0.000241269318
0.000235195785
0.00266765072
0.007977743912
0.009785393515
0.000242797016
0.000236667641
0.000245589906
0.002990501248
0.000237502176
0.000234669933
0.000236692895
0.002339371365
0.000242205968
0.013924355298
0.00024501219
0.000841344842
0.009810264895
0.011570049149
0.000246736527
0.000243883064
0.0005362744
0.000238407696
0.000246921712
0.000234667524
0.002340144532
0.000240717174
0.000528644674
0.000242162061
0.00024133608
0.000243702892
0.003876394224
0.005757111218
0.036653547765
0.000238220253
0.000237560418
0.000237286216
0.002670774188
0.000854455705
0.018849374466
0.000240444607
0.00958276938
0.005802916656
0.000858428224
0.045485420043
0.001136599265
0.006967789854
0.046626865838
0.058164703066
0.000245484414
0.000236580895
0.000241121298
0.001761536781
0.000244077851
0.000244276857
0.000245754773
0.000819594584
0.000235988137
0.004489065072
0.000240116772
0.003795983379
0.005836804601
0.019118766247
0.000240052225
0.000242046444
0.007014785701
0.000236221905
0.000240569284
0.001149879955
0.002607706754
0.005828095
0.004149392249
0.000246054105
0.003373801093
0.018409164202
0.000236737681
0.000237603167
0.000238244147
0.004560867392
0.000237270131
0.000845563644
0.002635978512
0.000236565818
0.000236302766
0.000244980859
0.004916622969
0.015994714742
0.003348301216
0.000240678864
0.000237939504
0.000831164019
0.000237830654
0.002356038373
0.000246550378
0.005724476352
0.005750832658
0.000234476033
0.000246421942
0.001405150235
0.007636270417
0.048556594396
0.005215482101
0.000240734119
0.001711463131
0.005832027491
0.00365251631
0.000246463196
0.000239398485
0.01012505526
0.003893603469
0.034793765863
0.001437336465
0.004720173211
0.000237776128
0.000241802965
0.004414857528
0.000242999875
