0.04248463321
0.000528086451
0.018179447735
0.02244870951
0.000239701269
0.000531796211
0.000532475547
0.006076147883
0.000237527594
0.000234732545
0.039312982803
0.000237076699
0.000239290087
0.048186044668
0.00455790636
0.001138927646
0.002620807308
0.000239952715
0.001462850842
0.000245600356
0.000243048397
0.005420681796
0.001116832631
0.004834617554
0.021099410207
0.002701660982
0.004798256972
0.009903498361
0.000245486021
0.0005323704
0.000235163243
0.003019594377
0.000246070139
0.000531086089
0.006840804036
0.005609279176
0.016032006393
0.000238357378
0.00024175483
0.000242286459
0.01162148347
0.004918556205
0.000243511787
0.006960339502
0.028352434613
0.014199879343
0.024505201314
0.001175027601
0.002960343969
0.003358571273
0.007972948318
0.013404119161
0.000236456682
0.009480279548
0.060209634682
0.002623190595
0.007398956408
0.005980979108
0.000236912734
0.000240602885
0.005985780799
0.004723801791
0.014774720952
0.019106949004
0.000237078976
0.000241165133
0.005238303451
0.000243383401
0.003134015035
0.000236540318
0.00024058887
0.000235487013
0.000238042827
0.001143489894
0.000236006642
0.001476850556
0.003269958075
0.010181701179
0.00023892996
0.000246692292
0.000243083783
0.000239756969
0.021773362873
0.055285782096
0.000246541364
0.001746584938
0.001758899018
0.002924455493
0.000242195953
0.00609883128
0.000237503906
0.000241977425
0.002049725856
0.000242147145
0.000843396118
0.000855680931
0.023394031871
0.000238745865
0.000531355217
0.000234428724
0.000530922903
0.000529785469
0.000236741727
0.000238199197
0.000820910932
0.003256348551
0.000236906547
0.005139675435
0.000837806102
0.004165678312
0.001618371551
0.000234276917
0.000239604763
0.000235634124
0.001943584377
0.000244232662
0.00644020318
0.000245287766
0.000240937601
0.000238190598
0.00208966527
0.000238740735
0.000239565252
0.000239818095
0.007606546834
0.007635374388
0.000242367877
0.007384356325
0.001498542439
0.000246349617
0.002645548333
0.004438925764
0.007215997061
0.000243297152
0.005185303026
0.000241795748
0.000239957281
0.000245713707
0.003015214747
0.000244954289
0.000236481904
0.000528948199
0.000863773092
0.000244037088
0.004486974697
0.000237948086
0.000239848422
0.000245006898
0.000241705857
0.003174599237
0.005736155995
0.00024306409
0.000244718214
0.000234457151
0.000235328294
0.000245078641
0.000847410543
0.000238829394
0.00023577541
0.000527438336
0.000526477729
0.008320748808
0.00024447238
0.006939516951
0.00023561281
0.00023749948
0.00375493947
0.000237696957
0.000525040936
0.002997105846
0.000245152644
0.000244457604
0.001145476419
0.000242055032
0.000236055078
0.000239113685
0.00023927803
0.000233759371
0.006229281277
0.006120734532
0.000237910813
0.004929093908
0.003667227342
0.000537932581
0.013957832288
0.000526571434
0.003729696844
0.030947277069
0.001107944627
0.000819604856
0.007078742702
0.000533722673
0.000237777281
0.002393281987
0.000860141626
0.004224542188
0.000530393531
0.008022454062
0.000244054408
0.023917353102
0.019868470687
0.000238489991
0.000529630329
0.006032089625
0.000242768975
0.001996744528
0.012146412866
0.000240694445
0.000240936753
0.00243538856
0.000531474726
0.000233865528
0.000526278909
0.001141906783
0.007884542427
0.000242921273
0.006932490634
0.005519341977
0.000243801922
0.004011794842
0.006749265259
0.010273562631
0.000827631882
0.001161457453
0.002115766958
0.006016555664
0.000527141573
0.003483162968
0.004664184784
0.000240017182
0.001775012141
0.000239141793
0.002082348196
0.004746585758
0.002708781905
0.010386834424
0.004611014539
0.000241122965
0.002699891191
0.003943139448
0.005452469813
0.00023589535
0.000528093926
0.000822157263
0.000241100475
0.000243230305
0.000243694709
0.001942827956
0.000234706811
0.000236752575
0.000832463466
0.000241747478
0.001447910353
0.000533656634
0.000237409788
0.000238753247
0.006270956615
0.000245690728
0.004718107153
0.000238815681
0.000237761707
0.003148801631
0.000240221143
0.005637607548
0.000242484155
0.00024048217
0.002295495307
0.000240551211
0.00211971434
0.000533143854
0.000244953612
0.000247023688
0.004162277908
0.000238290716
0.000239158753
0.000242745779
0.000239943968
0.000532450599
0.000238439752
0.000529866453
0.002065645901
0.000235953931
0.000246939814
0.000538157711
0.00203039434
0.017281498054
0.000533039112
0.007597628024
0.000247137172
0.007603399269
0.00023667603
0.000237806164
0.000538672055
0.003731415881
0.000234616051
0.000243431392
0.000825001374
0.000233788289
0.000863735014
0.002052635931
0.000238993138
0.000820128485
0.000241489413
0.002269975704
0.000824179707
0.001918213664
0.000243482671
0.000241838558
0.000825315072
0.00142301229
0.000239854875
0.000235716663
0.005551647501
0.003864785036
0.004452734401
0.000240059114
0.003598421097
0.000245220152
0.000537526925
0.000241661918
0.000865141922
0.000245231546
0.000835843272
0.00085887278
0.00085242205
0.005518830039
0.001492737249
0.000237566583
0.000843166112
0.001658059136
0.00023515029
0.003879585834
0.000240922903
0.00023589052
0.000245106076
0.000538662295
0.000246283503
0.000235719362
0.000241337628
0.000235367167
0.002404491769
0.000853948119
0.000236048347
0.000246114291
0.000234501907
0.000827046026
0.001169403938
0.000246946019
0.000535210236
0.000234590872
0.000527241399
0.000240365925
0.000235599481
0.001148910645
0.002644782528
0.001807978239
0.000242924462
0.000241811269
0.000237352169
0.000832756874
0.000234427861
0.000244213601
0.000238008965
0.000240667066
0.000239673852
0.000237579599
0.000240294918
0.000243878397
0.000238763719
0.00023876688
0.000244681814
0.000246190692
0.000247174564
0.000242107731
0.000241792454
0.000244098146
0.000245072908
0.000242416366
0.000246160933
0.000245831585
0.00024409068
0.000243941634
0.000234319337
