0.000241734459
0.0005259463
0.023406375771
0.000234974658
0.017277302206
0.024018375581
0.000246604615
0.009559465311
0.000240423528
0.000235632582
0.000532636389
0.000243596532
0.000844815888
0.007921906728
0.000240284388
0.000244730716
0.000235427753
0.000237910829
0.008406671704
0.052840338847
0.010141032789
0.089611135362
0.000840247915
0.000245938746
0.015759022792
0.025042111222
0.000240312359
0.000245077146
0.006933608153
0.000240690717
0.000234196929
0.049290115029
0.071858130748
0.072467274862
0.038071314403
0.00023565184
0.000237058003
0.009815789306
0.022107279783
0.007656446719
0.000236420712
0.000238095587
0.01872344934
0.024394140824
0.000239248235
0.006254967878
0.009473992466
0.000821669304
0.004347278626
0.060559079559
0.07577939308
0.000239953881
0.000526651682
0.009601159966
0.04296965466
0.000244676397
0.000233559147
0.015130360676
0.062283165988
0.062320480234
0.083682414489
0.000243302179
0.008223535876
0.012027345002
0.000243352516
0.013615673003
0.006045211028
0.069671309233
0.073565201027
0.093498180499
0.009077163889
0.0002415876
0.00237135142
0.011778035453
0.019516037796
0.000236345092
0.000235930525
0.003178184829
0.019695637648
0.023521212638
0.04369990034
0.00024004199
0.006914730313
0.012049144833
0.008318317083
0.000234337849
0.00052709023
0.013180479539
0.000238435443
0.007045843676
0.065282779615
0.0795699242
0.00023508191
0.000238223205
0.006929464133
0.008070459653
0.014193459008
0.000237884254
0.000238679415
0.008420189842
0.000243996739
0.000245836701
0.000246383662
0.003974791167
0.016069195893
0.022763986917
0.064676695228
0.009742989193
0.02141236608
0.009013484911
0.000818935355
0.007832411108
0.048890501627
0.072443423182
0.000237232766
0.002635825449
0.007187616845
0.000240885505
0.000529947075
0.015883903264
0.000238399908
0.000239475954
0.011718569357
0.023981019622
0.009202406902
0.000233940103
0.007676186051
0.018857064595
0.000525780101
0.000526237444
0.016055193461
0.000237533581
0.00052894183
0.000239390854
0.023809961409
0.038018811343
0.076418244771
0.015569456394
0.005274615317
0.011017749117
0.018997105627
0.009353863683
0.016273631709
0.000235456033
0.028488989897
0.02907399569
0.000246309055
0.005560225566
0.000236630131
0.004707769168
0.01099588845
0.000235117619
0.004136972443
0.013989782876
0.017393645636
0.000240656892
0.006207321032
0.000245080492
0.008714881051
0.053515406538
0.000235844996
0.002810081217
0.000238288222
0.00023692509
0.000237713048
0.000247382144
0.034787931205
0.07503079449
0.009027334579
0.000244907382
0.057563871856
0.000234373859
0.010954854335
0.069869956537
0.074025114848
0.052027949064
0.07215281303
0.000235390472
0.000236214366
0.001121956525
0.000238384082
0.000235013961
0.000235179429
0.002708044606
0.000528260351
0.022804027259
0.000240481874
0.00023697617
0.000237044636
0.009939752171
0.065310214822
0.000241583369
0.007124478943
0.000532905082
0.014233173605
0.006191018435
0.003632906695
0.013376530996
0.074700054455
0.000239160304
0.000233687011
0.000526104962
0.000244322244
0.000237782926
0.004773919129
0.000236594778
0.007059584685
0.015396742793
0.000240646652
0.006154094866
0.015278134365
0.002916649892
0.00152346239
0.001144131471
0.01301251142
0.007671363143
0.014341588006
0.024234991996
0.072411323437
0.004876019415
0.067470281761
0.000245136954
0.00405928852
0.000236185366
0.004724067697
0.000233912587
0.00024258783
0.010185569042
0.014870357535
0.000527985375
0.004700173158
0.000244661755
0.000237010524
0.006781630043
0.062915475385
0.066427296819
0.075816533655
0.109575954916
0.000239035577
0.001178211502
0.015494344979
0.00082728294
0.001132315126
0.002297661907
0.000240109148
0.001724495245
0.012684550649
0.014429852504
0.022176320245
0.000234931793
0.005738466456
0.055384827514
0.069803624607
0.000246221527
0.006234458983
0.040322878053
0.00023867952
0.005711373605
0.00024548328
0.00024641916
0.000239351591
0.00236962732
0.000537557799
0.004116050021
0.027352698439
0.000235382963
0.000244222399
0.002847132191
0.000823761771
0.010451195632
0.000243106238
0.000534788632
0.009789962455
0.006064503154
0.00052811885
0.000529026667
0.000243383932
0.000529844019
0.004698543329
0.017553987806
0.000234627067
0.000236607661
0.000821141887
0.008979598164
0.053677601252
0.000525867565
0.002074989282
0.001197420502
0.060412385314
0.068590139025
0.000242105826
0.001139855779
0.020786172483
0.000246119552
0.000235024001
0.004596094426
0.000234691361
0.000837905316
0.002990859589
0.000238778086
0.003285093216
0.01154309805
0.000242211222
0.001474229661
0.000527262929
0.000234456635
0.00416273647
0.000240860736
0.000237379485
0.00024323224
0.000529114214
0.00310440377
0.000821902924
0.002877336401
0.000238629283
0.000234188065
0.011384896127
0.000236661432
0.008566733685
0.002125638564
0.000238584488
0.000530219423
0.001111899839
0.008053119307
0.000234554677
0.000823380277
0.028090528922
0.000242282845
0.000819433727
0.00557653611
0.020055285115
0.002012671697
0.01784026434
0.022257223922
0.01912306119
0.020288864906
0.000528838606
0.001110575601
0.000237341689
0.000529916396
0.004796101441
0.008876905131
0.001149302344
0.000529414191
0.001113012426
0.001696874421
0.027608373245
0.000234156047
0.0005264238
0.015137812817
0.000236871211
0.001764489428
0.000235460251
0.012633616744
0.000242654056
0.001110250323
0.01037874591
0.000242150538
0.000240076915
0.00766701973
0.014605177552
0.02435495743
0.000241568
0.007239661433
0.016189612404
0.000236313834
0.000527705374
0.005282514322
0.013137431317
0.001986248788
0.009124032914
0.007102012009
0.000234600788
0.000526118809
0.000526666255
0.004710712782
0.002294142411
0.010909184424
0.019633642141
0.000238884794
0.000526690827
0.009388937895
0.000234957776
0.000236566374
0.006125970306
0.000526079509
0.00534546494
0.000238062143
0.006080563177
0.000246281763
0.000243994261
0.001143316507
0.012387909043
0.000233921351
0.000243766113
0.000838967662
0.0119667627
0.000525628888
0.000526052963
0.004290433751
0.002335749838
0.000528475606
0.012206130537
0.021897744686
0.000836345019
0.018324045484
0.00023865523
0.000235578486
0.000243692412
0.000528179679
0.008144524474
0.007262614502
0.013219000357
0.000236501065
0.006227530341
0.000526620664
0.005304061807
0.000824591293
0.000245543771
0.000241355933
0.004501126285
0.000826750601
0.000243316826
0.000534302033
0.000236855774
0.000237596689
0.003483731908
0.022698617541
0.027536266562
0.00024663503
0.000246787573
0.000538680593
0.001130285366
0.00922513638
0.000244444262
0.011218137541
0.047668157934
0.000245719061
0.01160128502
0.007154346751
0.000236774891
0.002035854788
0.01027372821
0.018461412537
0.00024112469
0.003114881444
0.006192178416
0.007894448599
0.033953486907
0.005002080988
0.001113846038
0.006991262962
0.000245045138
0.000827070763
0.000236462067
0.00326445894
0.069728604468
0.000526689867
0.007993306962
0.000241902609
0.002648797434
0.003522288297
0.00024341491
0.003467334562
0.004050020364
0.014752939145
0.000239439665
0.000240722081
0.000242872192
0.004842647542
0.000242991284
0.0017655327
0.000237357055
0.00023808217
0.000241072671
0.001152993827
0.00024426814
0.000244709236
0.001156802538
0.001740591689
0.000238556857
0.019747241067
0.004003112368
0.008947983916
0.046371466526
0.00024301461
0.009778909265
0.011843674213
0.000239840658
0.006600792283
0.016949827269
0.000236928294
0.000833346074
0.000241203947
0.00145824009
0.013667137345
0.000236042502
0.003293709034
0.000241260791
0.003740563967
0.004235383741
0.005450455278
0.006046309364
0.000533070771
0.004942470832
0.006704099397
0.000245974286
0.003198354573
0.007749113829
0.000235913602
0.000844924484
0.010650899295
0.001697019325
0.026759731754
0.032811223034
0.000526069728
0.006291123051
0.000242043956
0.003827582634
0.009739621442
0.000244309158
0.005034626591
0.002648536864
0.004119253693
0.000237373696
0.000236289982
0.002379671807
0.018999459443
0.000246011748
0.003285660391
0.000241737749
0.001421852556
0.006707923978
0.003504553513
0.005860535538
0.037153202494
0.008910207042
0.008256473648
0.000234074922
0.003605018921
0.000239941198
0.006945942434
0.009928716522
0.000525852522
0.000821838533
0.001741159244
0.000234750075
0.000236748014
0.000528101259
0.001156693158
0.000234347724
0.000236684973
0.000819030752
0.006326014009
0.017248474586
0.000240098909
0.005014841633
0.000529144235
0.004957091608
0.019999174815
0.030706706132
0.005732283124
0.012700263375
0.015120381812
0.00023896058
0.001416959988
0.007715328246
0.000243628882
0.001130466583
0.008810615093
0.000526047761
0.000527693507
0.001759370535
0.010790893318
0.000244941029
0.002438240793
0.00023986527
0.001424962228
0.005881737531
0.00052621731
0.000838736282
0.003616932211
0.000233535899
0.000235467142
0.000236406441
0.000238387641
0.00426882669
0.00082502345
0.003600962982
0.020943045415
0.000236177964
0.001173055936
0.005582001757
0.000240006955
0.003662040445
0.000234927482
0.002897307792
0.007615987664
0.000240087411
0.002394322286
0.002072972697
0.000240359818
0.000234174814
0.000538146531
0.007422678757
0.007541344107
0.016550430075
0.00112515989
0.000243127225
0.000238217625
0.005510745223
0.00490464521
0.009988129044
0.009493699496
0.010075638889
0.017230747377
0.002689325274
0.010636707602
0.000239307005
0.000836000239
0.007460818097
0.010082831336
0.00052715589
0.004434866767
0.024042349147
0.000242319528
0.004137161978
0.006177032656
0.000235190318
0.020707034237
0.000242966981
0.000243925666
0.001778684722
0.000236491988
0.000526465018
0.000241511179
0.000242512784
0.000243159205
0.00082924033
0.017003530048
0.019364202131
0.039127879715
0.009694043985
0.012297953801
0.049160792613
0.000245616414
0.001739960994
0.00325174458
0.006742634702
0.014335084639
0.031382104755
0.00023624812
0.000236015678
0.000234204932
0.005278041198
0.000242854125
0.000851428
0.00023611053
0.004438079851
0.00023800242
0.00024000602
0.000538077323
0.019245279397
0.000242099857
0.002900215111
0.004372905541
0.000837700179
0.002296371947
0.000235741643
0.003250877558
0.002372008807
0.000243474337
0.000243423036
0.00402128375
0.000243013747
0.001125044234
0.001782413023
0.010593593166
0.00023740308
0.000240364112
0.000235925535
0.000527775717
0.007144185678
0.000240987855
0.004445162469
0.008296074786
0.00053359144
0.001713928917
0.000236551784
0.001781304616
0.003012277806
0.000245832043
0.005230087362
0.009399476119
0.000238489515
0.002361107598
0.000246845002
0.00024713054
0.000234017856
0.000839012996
0.000239180239
0.00023509781
0.002671580172
0.000826145431
0.003500628725
0.000846916351
0.000242325592
0.000534745762
0.005622103734
0.014274716895
0.014857641516
0.000533112598
0.002004555108
0.009112978561
0.013942723488
0.010545110552
0.014961429653
0.019917936677
0.000238195104
0.002351404659
0.000245369222
0.001155399615
0.001441312497
0.000242173564
0.000238048918
0.00083276304
0.000864750824
0.000241291854
0.004715961592
0.000236241646
0.002758820956
0.000533543507
0.000825487976
0.000234238847
0.000240191162
0.002415082349
0.006033451818
0.0228858567
0.000242701577
0.000238564034
0.003893933877
0.000241569558
0.006231522647
0.000240130511
0.000246419613
0.000240224734
0.000241592175
0.000245233066
0.000234598793
0.003833641306
0.000243080416
0.00231630569
0.003784246037
0.004400036783
0.01260501015
0.000240415815
0.000834747229
0.008796729595
0.016171328538
0.003068919766
0.011006574267
0.000243494093
0.007291133269
0.000245287854
0.000240244994
0.003023824105
0.000240876149
0.00612253475
0.000244762586
0.001427213172
0.000239955768
0.000856807065
0.001146678692
0.007411070857
0.000237211247
0.000237896261
0.002395080782
0.000237223933
0.002049385275
0.00024072807
0.003421263396
0.001442144666
0.000240202716
0.000848484752
0.001487972639
0.002664957577
0.00084215637
0.000241965222
0.001493039764
0.003818483669
0.010191317732
0.03298884677
0.003558855245
0.000238694524
0.001771779213
0.000846689772
0.000235010472
0.001137724093
0.002608930834
0.002073358395
0.000238172131
0.001197098795
0.000236429445
0.000244191096
0.000235953535
0.000235409127
0.000239817382
0.000831596251
0.000238234965
0.001142306706
0.003223092505
0.002072096963
0.000839954855
0.001424652281
0.000245394075
0.003824942321
0.005321080751
0.000239173954
0.00023570592
0.000242252564
0.000240009577
0.000235738517
0.00116078789
0.003898506248
0.001444225742
0.006869236911
0.020249210794
0.000237362543
0.003824685507
0.005028920869
0.000247333688
0.000246515632
0.000236424343
0.000245547465
0.000532458653
0.000234821428
0.003594725413
0.000237307919
0.000868538299
0.000240386382
0.002015608689
0.00024061184
0.000245082652
0.000534795748
0.000533576359
0.001416035994
0.005249494234
0.000240967885
0.030817998926
0.000235652482
0.000238506732
0.001751202195
0.000236156676
0.000245836578
0.000247033328
0.000244299578
0.00083207662
0.00024703373
0.000234397956
0.001149673853
0.001830499697
0.000244966823
0.000246658617
