0.000241734459
0.0005259463
0.023406375771
0.000234974658
0.017277302206
0.024018375581
0.000246604615
0.009559465311
0.000240423528
0.000235632582
0.000532636389
0.000243596532
0.000844815888
0.007921906728
0.000240284388
0.000244730716
0.000235427753
0.000237910829
0.008406671704
0.052840338847
0.010141032789
0.089611135362
0.000840247915
0.000245938746
0.015759022792
0.025042111222
0.000240312359
0.000245077146
0.006933608153
0.000240690717
0.000234196929
0.049290115029
0.071858130748
0.072467274862
0.038071314403
0.00023565184
0.000237058003
0.009815789306
0.022107279783
0.007656446719
0.000236420712
0.000238095587
0.01872344934
0.024394140824
0.000239248235
0.006254967878
0.009473992466
0.000821669304
0.004347278626
0.060559079559
0.07577939308
0.000239953881
0.000526651682
0.009601159966
0.04296965466
0.000244676397
0.000233559147
0.015130360676
0.062283165988
0.062320480234
0.083682414489
0.000243302179
0.008223535876
0.012027345002
0.000243352516
0.013615673003
0.006045211028
0.069671309233
0.073565201027
0.093498180499
0.009077163889
0.0002415876
0.00237135142
0.011778035453
0.019516037796
0.000236345092
0.000235930525
0.003178184829
0.019695637648
0.023521212638
0.04369990034
0.00024004199
0.006914730313
0.012049144833
0.008318317083
0.000234337849
0.00052709023
0.013180479539
0.000238435443
0.007045843676
0.065282779615
0.0795699242
0.00023508191
0.000238223205
0.006929464133
0.008070459653
0.014193459008
0.000237884254
0.000238679415
0.008420189842
0.000243996739
0.000245836701
0.000246383662
0.003974791167
0.016069195893
0.022763986917
0.064676695228
0.009742989193
0.02141236608
0.009013484911
0.000818935355
0.007832411108
0.048890501627
0.072443423182
0.000237232766
0.002635825449
0.007187616845
0.000240885505
0.000529947075
0.015883903264
0.000238399908
0.000239475954
0.011718569357
0.023981019622
0.009202406902
0.000233940103
0.007676186051
0.018857064595
0.000525780101
0.000526237444
0.016055193461
0.000237533581
0.00052894183
0.000239390854
0.023809961409
0.038018811343
0.076418244771
0.015569456394
0.005274615317
0.011017749117
0.018997105627
0.009353863683
0.016273631709
0.000235456033
0.028488989897
0.02907399569
0.000246309055
0.005560225566
0.000236630131
0.004707769168
0.01099588845
0.000235117619
0.004136972443
0.013989782876
0.017393645636
0.000240656892
0.006207321032
0.000245080492
0.008714881051
0.053515406538
0.000235844996
0.002810081217
0.000238288222
0.00023692509
0.000237713048
0.000247382144
0.034787931205
0.07503079449
0.009027334579
0.000244907382
0.057563871856
0.000234373859
0.010954854335
0.069869956537
0.074025114848
0.052027949064
0.07215281303
0.000235390472
0.000236214366
0.001121956525
0.000238384082
0.000235013961
0.000235179429
0.002708044606
0.000528260351
0.022804027259
0.000240481874
0.00023697617
0.000237044636
0.009939752171
0.065310214822
0.000241583369
0.007124478943
0.000532905082
0.014233173605
0.006191018435
0.003632906695
0.013376530996
0.074700054455
0.000239160304
0.000233687011
0.000526104962
0.000244322244
0.000237782926
0.004773919129
0.000236594778
0.007059584685
0.015396742793
0.000240646652
0.006154094866
0.015278134365
0.002916649892
0.00152346239
0.001144131471
0.01301251142
0.007671363143
0.014341588006
0.024234991996
0.072411323437
0.004876019415
0.067470281761
0.000245136954
0.00405928852
0.000236185366
0.004724067697
0.000233912587
0.00024258783
0.010185569042
0.014870357535
0.000527985375
0.004700173158
0.000244661755
0.000237010524
0.006781630043
0.062915475385
0.066427296819
0.075816533655
0.109575954916
0.000239035577
0.001178211502
0.015494344979
0.00082728294
0.001132315126
0.002297661907
0.000240109148
0.001724495245
0.012684550649
0.014429852504
0.022176320245
0.000234931793
0.005738466456
0.055384827514
0.069803624607
0.000246221527
0.006234458983
0.040322878053
0.00023867952
0.005711373605
0.00024548328
0.00024641916
0.000239351591
0.00236962732
0.000537557799
0.004116050021
0.027352698439
0.000235382963
0.000244222399
0.002847132191
0.000823761771
0.010451195632
0.000243106238
0.000534788632
0.009789962455
0.006064503154
0.00052811885
0.000529026667
0.000243383932
0.000529844019
0.004698543329
0.017553987806
0.000234627067
0.000236607661
0.000821141887
0.008979598164
0.053677601252
0.000525867565
0.002074989282
0.001197420502
0.060412385314
0.068590139025
0.000242105826
0.001139855779
0.020786172483
0.000246119552
0.000235024001
0.004596094426
0.000234691361
0.000837905316
0.002990859589
0.000238778086
0.003285093216
0.01154309805
0.000242211222
0.001474229661
0.000527262929
0.000234456635
0.00416273647
0.000240860736
0.000237379485
0.00024323224
0.000529114214
0.00310440377
0.000821902924
0.002877336401
0.000238629283
0.000234188065
0.011384896127
0.000236661432
0.008566733685
0.002125638564
0.000238584488
0.000530219423
0.001111899839
0.008053119307
0.000234554677
0.000823380277
0.028090528922
0.000242282845
0.000819433727
0.00557653611
0.020055285115
0.002012671697
0.01784026434
0.022257223922
0.01912306119
0.020288864906
0.000528838606
0.001110575601
0.000237341689
0.000529916396
0.004796101441
0.008876905131
0.001149302344
0.000529414191
0.001113012426
0.001696874421
0.027608373245
0.000234156047
0.0005264238
0.015137812817
0.000236871211
0.001764489428
0.000235460251
0.012633616744
0.000242654056
0.001110250323
0.01037874591
0.000242150538
0.000240076915
0.00766701973
0.014605177552
0.02435495743
0.000241568
0.007239661433
0.016189612404
0.000236313834
0.000527705374
0.005282514322
0.013137431317
0.001986248788
0.009124032914
0.007102012009
0.000234600788
0.000526118809
0.000526666255
0.004710712782
0.002294142411
0.010909184424
0.019633642141
0.000238884794
0.000526690827
0.009388937895
0.000234957776
0.000236566374
0.006125970306
0.000526079509
0.00534546494
0.000238062143
0.006080563177
0.000246281763
0.000243994261
0.001143316507
0.012387909043
0.000233921351
0.000243766113
0.000838967662
0.0119667627
0.000525628888
0.000526052963
0.004290433751
0.002335749838
0.000528475606
0.012206130537
0.021897744686
0.000836345019
0.018324045484
0.00023865523
0.000235578486
0.000243692412
0.000528179679
0.008144524474
0.007262614502
0.013219000357
0.000236501065
0.006227530341
0.000526620664
0.005304061807
0.000824591293
0.000245543771
0.000241355933
0.004501126285
0.000826750601
0.000243316826
0.000534302033
0.000236855774
0.000237596689
0.003483731908
0.022698617541
0.027536266562
0.00024663503
0.000246787573
0.000538680593
0.001130285366
0.00922513638
0.000244444262
0.011218137541
0.047668157934
0.000245719061
0.01160128502
0.007154346751
0.000236774891
0.002035854788
0.01027372821
0.018461412537
0.00024112469
0.003114881444
0.006192178416
0.007894448599
0.033953486907
0.005002080988
0.001113846038
0.006991262962
0.000245045138
0.000827070763
0.000236462067
0.00326445894
0.069728604468
0.000526689867
0.007993306962
0.000241902609
0.002648797434
0.003522288297
0.00024341491
0.003467334562
0.004050020364
0.014752939145
0.000239439665
0.000240722081
0.000242872192
0.004842647542
0.000242991284
0.0017655327
0.000237357055
0.00023808217
0.000241072671
0.001152993827
0.00024426814
0.000244709236
0.001156802538
0.001740591689
0.000238556857
0.019747241067
0.004003112368
0.008947983916
0.046371466526
0.00024301461
0.009778909265
0.011843674213
0.000239840658
0.006600792283
0.016949827269
0.000236928294
0.000833346074
0.000241203947
0.00145824009
0.013667137345
0.000236042502
0.003293709034
0.000241260791
0.003740563967
0.004235383741
0.005450455278
0.006046309364
0.000533070771
0.004942470832
0.006704099397
0.000245974286
0.003198354573
0.007749113829
0.000235913602
0.000844924484
0.010650899295
0.001697019325
0.026759731754
0.032811223034
0.000526069728
0.006291123051
0.000242043956
0.003827582634
0.009739621442
0.000244309158
0.005034626591
0.002648536864
0.004119253693
0.000237373696
0.000236289982
0.002379671807
0.018999459443
0.000246011748
0.003285660391
0.000241737749
0.001421852556
0.006707923978
0.003504553513
0.005860535538
0.037153202494
0.008910207042
0.008256473648
0.000234074922
0.003605018921
0.000239941198
0.006945942434
0.009928716522
0.000525852522
0.000821838533
0.001741159244
0.000234750075
0.000236748014
0.000528101259
0.001156693158
0.000234347724
0.000236684973
0.000819030752
0.006326014009
0.017248474586
0.000240098909
0.005014841633
0.000529144235
0.004957091608
0.019999174815
0.030706706132
0.005732283124
0.012700263375
0.015120381812
0.00023896058
0.001416959988
0.007715328246
0.000243628882
0.001130466583
0.008810615093
0.000526047761
0.000527693507
0.001759370535
0.010790893318
0.000244941029
0.002438240793
0.00023986527
0.001424962228
0.005881737531
0.00052621731
0.000838736282
0.003616932211
0.000233535899
0.000235467142
0.000236406441
0.000238387641
0.00426882669
0.00082502345
0.003600962982
0.020943045415
0.000236177964
0.001173055936
0.005582001757
0.000240006955
0.003662040445
0.000234927482
0.002897307792
0.007615987664
0.000240087411
0.002394322286
0.002072972697
0.000240359818
0.000234174814
0.000538146531
0.007422678757
0.007541344107
0.016550430075
0.00112515989
0.000243127225
0.000238217625
0.005510745223
0.00490464521
0.03021817405
0.010581889946
0.01510506841
0.006423444051
0.00796764437
0.000244442321
0.001991949332
0.009580658609
0.012087950183
0.013045094931
0.015298801517
0.000238585375
0.004711818979
0.017672019132
0.000241527918
0.006222089256
0.000235404365
0.000238154961
0.002354978358
0.000239526479
0.000529499509
0.000235223426
0.000243705025
0.000244351446
0.006411040829
0.010878952385
0.007671295091
0.0094334768
0.010904860281
0.000241158667
0.001709444125
0.003046480964
0.006420852086
0.009656142707
0.014252745613
0.000242984206
0.000235197929
0.000235399485
0.006318976514
0.000236251583
0.001491801645
0.000243593168
0.013432465375
0.000240682134
0.000242685734
0.000526492078
0.014483649894
0.000241248236
0.003242471094
0.025523943987
0.001182781479
0.00177873806
0.000246125379
0.00363003055
0.002102327505
0.00024140596
0.000239341289
0.016610018887
0.000234864391
0.001181894878
0.001775016136
0.009006090869
0.000238662424
0.000241623456
0.000239869471
0.000238648008
0.01207235369
0.000237775564
0.00411175621
0.007345860872
0.000534226829
0.001130289587
0.000240112102
0.001710963567
0.032932267772
0.000241409752
0.004183480925
0.005948497736
0.000234378267
0.00267211571
0.00023888264
0.000239168178
0.000238302916
0.000856298056
0.000236151152
0.000234506974
0.00294029346
0.001126396354
0.003496879648
0.000840458077
0.000239946953
0.000532367123
0.005795288579
0.018348361443
0.00052741723
0.001110479988
0.009106475265
0.030276306966
0.010279043756
0.021974568221
0.027389912025
0.000240041002
0.002402532353
0.000242967527
0.013139875189
0.000843647728
0.011022546005
0.001438301845
0.000241333999
0.000236656464
0.000857370586
0.000825931711
0.000236276561
0.003635094108
0.000243291941
0.002700871251
0.000529082847
0.001125333657
0.000234757668
0.000239903184
0.00238960117
0.001444774635
0.011040390564
0.000237427788
0.000240893208
0.004031864932
0.000238462536
0.006694879925
0.000240254017
0.00024181824
0.000235946581
0.000237314022
0.000236551201
0.000236675623
0.00547250865
0.000235983115
0.002308335308
0.004385333105
0.003857991966
0.010997085132
0.000245799446
0.00085313086
0.0014159624
0.016970142252
0.028292883978
0.002994798902
0.003243631667
0.00052881127
0.007857201204
0.000240621497
0.000239160229
0.003977762395
0.000242840161
0.017962956257
0.000242557219
0.001458855885
0.000240797953
0.00084464925
0.001145528063
0.013703702172
0.000241980245
0.002393660169
0.007976077356
0.000243258645
0.002080596595
0.000238295325
0.003385739541
0.001431394052
0.00024558826
0.000846648485
0.001461430044
0.002679106474
0.00085626775
0.000238876673
0.001463951215
0.000235042089
0.004073153097
0.008893954669
0.01483852147
0.003018101703
0.000237123354
0.001956862606
0.000860320394
0.000241430021
0.000821886111
0.002886042991
0.003076737693
0.000242420219
0.001315278139
0.000237892453
0.00024300605
0.000243160249
0.000237680569
0.000245745351
0.001474173679
0.000246364603
0.0008181056
0.00249071806
0.00191768185
0.000822808626
0.00188979527
0.000245569494
0.006356946904
0.008005704817
0.000244901711
0.000242054108
0.000245138917
0.000243173572
0.000239228133
0.000828821093
0.001996236782
0.001483082089
0.006457962496
0.008983192612
0.000236007867
0.003796315303
0.008823822496
0.000239296812
0.000243606118
0.000237909071
0.000236351876
0.003045668749
0.000524979706
0.005308176704
0.000239743518
0.00053597543
0.000234185414
0.000243874953
0.000243863398
0.028227812564
0.000846656016
0.005633598888
0.000243687418
0.057977621778
0.000235790076
0.000526512927
0.0002384255
0.000239375908
0.000236158031
0.000246247529
0.00081902379
0.000242465947
0.000235730875
0.00024275852
0.000243022708
