0.000234669011
0.006612776968
0.012432104374
0.000237999717
0.0002415301
0.000235439521
0.000238625854
0.005838598953
0.000233901164
0.007210926606
0.000239489368
0.003891648542
0.000239931328
0.000236468822
0.003693450648
0.000243749186
0.001426306078
0.002009392761
0.004857102732
0.002330245793
0.006187590672
0.003900437431
0.010148962255
0.000246246672
0.001423674708
0.000238027473
0.000529286361
0.00327424746
0.000820406206
0.007631221597
0.000235443064
0.000532731378
0.005682370682
0.000244726357
0.001121029653
0.000234924417
0.000234987752
0.000533410598
0.000533477476
0.002184639362
0.0005301209
0.006753461502
0.000245130567
0.000526484901
0.005406002164
0.000237738504
0.000237951004
0.000246984669
0.000243176772
0.000234776097
0.000526522372
0.000234642789
0.000530926034
0.002888229841
0.000238432906
0.000240194639
0.000532717607
0.000242749408
0.000239650225
0.004888840434
0.000246122791
0.000239137078
0.000835961667
0.000242278835
0.000241198021
0.000825588474
0.001715734957
0.003198919105
0.000246041379
0.000533960658
0.002717509737
0.000233927663
0.000850745323
0.001181358085
0.000235280846
0.000819510392
0.000242065162
0.000236284654
0.000236612975
0.000840638804
0.003400980132
0.000817690012
0.015006581085
0.000238934866
0.001417559239
0.004751911414
0.000240625209
0.000241848766
0.003910643791
0.000533171939
0.000234954932
0.000526118839
0.001755326528
0.000529020989
0.000237136306
0.000529920882
0.001718455813
0.000241074951
0.000239789387
0.001427127788
0.002339447303
0.000244744666
0.000238819942
0.000237306676
0.000842885702
0.000240367108
0.000236755132
0.000237071291
0.000845206633
0.003052376045
0.000234971234
0.000242200184
0.000245031983
0.005031014646
0.00052722332
0.000241447478
0.000235694054
0.000235782928
0.000818621338
0.002404984023
0.00024031177
0.000835631765
0.00023710416
0.000237161133
0.000236820787
0.000529572101
0.000238392932
0.000821806494
0.002357024257
0.000235326358
0.000235845332
0.000246993897
0.000241932736
0.000244870304
0.000238952609
0.000239342418
0.001795705032
0.000236778866
0.000241657315
0.001724699504
0.00024424469
0.000238018735
0.001782627556
0.018270250029
0.002401814287
0.000238385272
0.003790859753
0.000235750787
0.00024067877
0.003961866715
0.000238553022
0.000238333738
0.000244710752
0.028293658633
0.000240538668
0.000236821698
0.000236704568
0.000240153003
0.000236504754
0.017180805414
0.000237464371
0.000240935682
0.000235158794
