0.04248463321
0.000528086451
0.018179447735
0.02244870951
0.000239701269
0.000531796211
0.000532475547
0.006076147883
0.000237527594
0.000234732545
0.039312982803
0.000237076699
0.000239290087
0.048186044668
0.00455790636
0.001138927646
0.002620807308
0.000239952715
0.001462850842
0.000245600356
0.000243048397
0.005420681796
0.001116832631
0.004834617554
0.021099410207
0.002701660982
0.004798256972
0.009903498361
0.000245486021
0.0005323704
0.000235163243
0.003019594377
0.000246070139
0.000531086089
0.006840804036
0.005609279176
0.016032006393
0.000238357378
0.00024175483
0.000242286459
0.01162148347
0.004918556205
0.000243511787
0.006960339502
0.028352434613
0.014199879343
0.024505201314
0.001175027601
0.002960343969
0.003358571273
0.007972948318
0.013404119161
0.000236456682
0.009480279548
0.060209634682
0.002623190595
0.007398956408
0.005980979108
0.000236912734
0.000240602885
0.005985780799
0.004723801791
0.014774720952
0.019106949004
0.000237078976
0.000241165133
0.005238303451
0.000243383401
0.003134015035
0.000236540318
0.00024058887
0.000235487013
0.000238042827
0.001143489894
0.000236132371
0.001528974652
0.009061461737
0.027251086536
0.000235641429
0.000240879097
0.000237152818
0.000236224195
0.019742826077
0.024196850486
0.029770705306
0.000238498145
0.001751541719
0.001431378388
0.003779873829
0.000239612087
0.0052232339
0.000238199259
0.00024672574
0.00178158388
0.000245780806
0.000847029779
0.000820717061
0.00023556278
0.000528242798
0.000237207864
0.000533702043
0.000533928189
0.000243627198
0.001109733699
0.006728082535
0.000529242806
0.005014444533
0.00086349913
0.002357996627
0.001465381063
0.000234886333
0.000242558487
0.000236940433
0.000528316924
0.001776719771
0.000246270826
0.003439420807
0.000243602366
0.000238249794
0.000240517652
0.002078992324
0.000236521901
0.000237346418
0.000530936053
0.007554052196
0.00860763126
0.000242010776
0.005903923826
0.001506718581
0.000243484256
0.002791301587
0.004146450642
0.011440562757
0.00024020032
0.006140469712
0.000236769125
0.000240982808
0.000237658616
0.003101890275
0.000244363747
0.00023466367
0.000527129965
0.00085693204
0.000243115996
0.004684671097
0.000236563376
0.000234797061
0.000242638585
0.004801343399
0.00658934797
0.000236480755
0.000238134879
0.00023480613
0.000235677273
0.000243997112
0.000828700288
0.000237091762
0.00023715794
0.000530476308
0.000526220554
0.006287168879
0.000242459211
0.006996019443
0.00024664975
0.000241669146
0.004248743582
0.000531355435
0.002750383616
0.000234808261
0.000239634869
0.001153653684
0.000235002897
0.000235170594
0.000235249428
0.000235413773
0.000238371087
0.008674306402
0.008177504409
0.000243578968
0.005942739268
0.003609638099
0.000537412637
0.01080570963
0.001116127441
0.001700549701
0.011694168741
0.000237799809
0.002380266132
0.000832472841
0.00455624365
0.000533583396
0.000246229553
0.004733990133
0.000838272719
0.002913200572
0.00053076972
0.010644902507
0.000242352596
0.003350044022
0.005585872296
0.000245566586
0.000536735817
0.000241382858
0.005424816055
0.00023452626
0.000525894252
0.000240099433
0.001437716425
0.007184491096
0.000244733128
0.000244975436
0.003008460059
0.000526436554
0.000237506532
0.000237555788
0.002350357535
0.007128764799
0.000238577736
0.003369734564
0.002372742065
0.000244880613
0.004064873533
0.004835790628
0.009142082922
0.00082667876
0.001145703932
0.002085965715
0.004866995228
0.004005278482
0.010000109549
0.000527394569
0.001451923313
0.000242717939
0.001724954931
0.003474646926
0.003638336099
0.008212812093
0.004448604783
0.000238268041
0.002736036267
0.000536676958
0.032581396462
0.000237862087
0.000530060663
0.000867822704
0.000239642898
0.000236933872
0.000237398276
0.001797125491
0.000241165093
0.000240519945
0.000836230836
0.000242559607
0.001474722482
0.000535319342
0.000236741519
0.000241696796
0.006047215357
0.000242652529
0.00332307984
0.000237110933
0.000237443645
0.002056976608
0.000241483096
0.004319823395
0.000240581172
0.000245417665
0.002149520556
0.000243313992
0.002083477121
0.000538271702
0.000240562249
0.000241016991
0.00706873821
0.000246132074
0.000247000111
0.00023925463
0.000235941104
0.000528447735
0.00023929615
0.000527065785
0.000243725286
0.000236206126
0.000527424023
0.002871785859
0.006996409639
0.000533149348
0.007727308368
0.00024682957
0.00698043762
0.000235517946
0.00023664808
0.000538181149
0.00484146888
0.000235074924
0.000237685608
0.00084525559
0.000235410367
0.000868319512
0.002128574087
0.000236592256
0.000234676739
0.000839531671
0.00024448169
0.002400291933
0.000858785504
0.001741524443
0.000246851719
0.000237879898
0.000865916634
0.000859177277
0.000239528264
0.000238283879
0.00717950088
0.003968804601
0.00608811355
0.000242753218
0.00340110834
0.000236264529
0.000528571302
0.00023855554
0.000865892974
0.000245431249
0.000835259054
0.000869102677
0.000823046082
0.008082247839
0.001500395473
0.000831122683
0.001499420603
0.000234197385
0.002045553655
0.000235697
0.000239312437
0.000239244187
0.000538079792
0.000236931421
0.000239636525
0.000244425026
0.00023995428
0.002624167412
0.000860101923
0.00023810188
0.000234965487
0.000237305426
0.000855849545
0.001139795831
0.000244501606
0.000534519349
0.000238981328
0.000531631855
0.000237039538
0.000236191296
0.00112302364
0.002707610564
0.00177318025
0.000234894698
0.000239674281
0.000238338771
0.000833743476
0.000245872001
0.000244763013
0.000242609747
0.000243694169
0.000247143563
0.000239710062
0.000236152968
0.000235109749
0.000234134443
0.000234137604
0.00024031763
0.000240405691
0.000243356705
0.000238305112
0.000238020315
0.000235699749
0.000243374835
0.000240955946
0.000244718861
0.000244496861
0.000235365075
0.00024201644
0.000245915194
