60
69
101
60
66
70
53
29
62
109
70
104
89
97
93
72
68
85
72
83
78
90
81
78
108
122
82
156
169
88
183
105
59
222
87
210
73
165
142
84
75
179
141
154
77
66
73
150
142
118
133
144
133
119
105
117
159
93
168
122
104
113
131
111
112
105
148
111
113
123
116
101
292
318
298
131
134
153
119
109
277
106
305
120
105
273
265
313
233
297
134
97
411
457
120
258
440
170
153
138
80
156
416
90
70
87
411
377
111
179
68
458
48
163
154
162
120
107
103
95
97
90
87
384
395
70
304
394
72
250
210
69
201
317
60
323
59
205
309
278
210
314
52
34
28
30
18
17
4
5
