60
69
101
60
66
70
53
29
62
109
70
104
89
97
93
72
68
85
72
83
78
90
81
78
108
122
82
156
169
88
183
105
59
222
87
210
73
165
142
84
75
179
141
154
77
66
73
150
142
118
133
144
133
119
105
117
159
93
168
122
104
113
131
111
112
105
148
111
113
123
116
101
288
318
298
131
134
153
119
110
277
106
305
120
103
270
264
314
232
299
125
101
410
492
119
268
450
167
156
137
89
158
398
88
67
90
428
367
100
186
66
450
58
171
153
159
117
112
109
97
92
87
90
396
425
70
308
393
78
258
199
75
205
303
63
325
63
195
324
306
214
310
52
33
28
30
18
17
4
5
