200
220
186
209
199
31
31
31
40
40
37
76
66
81
41
49
33
38
46
44
38
48
56
46
63
61
53
65
73
54
74
62
62
71
77
78
212
73
174
74
73
80
60
155
122
62
50
143
59
210
181
209
124
146
176
141
116
134
152
126
134
120
101
126
116
148
96
106
126
125
80
91
111
118
111
94
73
99
103
86
72
118
90
116
112
116
126
101
120
127
135
199
262
160
148
132
99
255
125
144
144
118
63
129
104
63
108
84
86
86
120
120
103
123
149
150
155
204
174
131
164
190
167
144
244
198
409
341
197
282
254
483
470
123
209
159
154
110
182
83
118
174
180
139
169
154
185
224
250
238
322
328
326
171
387
161
568
305
119
156
285
484
209
239
415
455
269
455
409
223
343
240
241
237
307
293
238
293
270
248
73
288
287
124
141
242
44
281
90
277
310
35
304
309
338
65
116
309
56
83
