207
261
219
210
221
36
40
41
35
40
35
88
64
98
44
60
40
45
41
44
42
45
49
48
56
64
58
59
77
64
71
62
60
85
82
55
220
71
177
72
70
72
56
168
114
64
60
146
75
247
207
209
124
120
179
102
110
141
183
105
116
112
83
123
108
150
86
112
120
120
79
113
109
114
119
89
82
88
113
82
84
120
90
104
121
96
109
121
129
131
139
208
264
156
131
143
121
268
133
165
143
110
71
138
101
72
118
92
93
87
100
105
109
147
152
137
151
149
143
139
143
177
165
167
278
260
444
370
245
310
301
525
500
119
241
152
177
123
164
115
129
159
204
167
191
188
217
227
287
283
277
295
362
146
430
197
620
291
129
176
306
519
233
239
399
429
298
442
392
253
361
256
258
241
346
328
249
295
291
256
87
311
263
137
144
286
48
274
106
300
339
37
326
328
352
61
112
303
52
97
