207
261
219
210
221
36
40
41
35
40
35
88
64
98
44
60
40
45
41
44
42
45
49
48
56
64
58
59
77
64
71
62
60
85
82
55
220
71
177
72
70
72
56
168
114
64
60
146
75
247
207
209
124
120
179
102
110
141
183
105
116
112
83
123
108
150
86
112
120
120
79
113
109
114
119
89
82
88
113
82
84
120
90
104
121
96
109
121
129
131
139
208
264
156
131
143
121
268
133
165
143
110
71
138
101
72
118
92
93
87
99
106
111
148
155
139
154
152
144
137
142
179
167
168
271
258
448
378
251
299
288
526
496
121
234
153
178
127
163
117
127
159
204
169
193
187
219
224
284
277
276
294
359
171
464
189
589
295
133
164
309
494
245
227
399
431
290
437
383
244
359
237
242
235
344
322
243
292
285
251
71
311
268
140
127
293
53
269
99
305
340
37
319
323
368
64
103
307
51
88
