22
16
20
23
19
13
10
7
11
15
14
32
28
34
17
30
16
19
23
23
24
28
34
30
25
36
23
23
32
25
34
26
23
37
32
30
0
29
1
37
41
28
33
6
7
41
42
32
21
8
37
31
40
40
41
37
30
37
38
38
33
33
33
25
26
42
31
33
38
22
27
27
39
39
37
31
22
26
36
28
27
41
40
40
37
37
38
43
35
38
33
9
10
84
77
81
36
11
72
85
77
36
27
46
28
29
33
32
22
33
43
46
35
47
45
27
28
18
20
29
33
23
25
19
108
89
17
37
102
117
112
30
46
56
90
53
57
27
56
32
24
32
55
55
44
58
29
49
47
44
66
68
68
84
36
83
68
40
63
76
63
82
104
111
53
45
58
95
102
65
108
64
77
68
117
99
70
63
73
75
48
46
42
51
66
43
32
52
56
47
62
22
55
50
49
32
61
47
16
47
