22
16
20
23
19
13
10
7
11
15
14
32
28
34
17
30
16
19
23
23
24
28
34
30
25
36
23
23
32
25
34
26
23
37
32
30
0
29
1
37
41
28
33
6
7
41
42
32
21
8
37
31
40
40
41
37
30
37
38
38
33
33
33
25
26
42
31
33
38
22
27
27
39
39
37
31
22
26
36
28
27
41
40
40
37
37
38
43
35
38
33
9
10
84
77
81
36
11
72
85
77
36
27
46
28
29
33
32
22
33
42
46
35
47
45
27
28
18
20
28
32
23
24
19
108
92
17
37
101
119
113
29
46
56
89
53
57
28
55
31
24
32
55
56
46
57
32
47
45
42
67
68
67
78
36
82
72
44
61
87
66
87
100
100
53
49
55
91
96
63
100
58
78
58
109
86
69
62
79
73
45
45
43
60
62
44
34
46
58
52
57
20
55
44
51
35
62
47
14
39
