23
17
22
21
19
8
7
6
14
15
15
29
32
34
19
24
12
18
24
20
21
25
31
27
35
30
18
25
35
26
32
38
28
37
29
36
0
36
1
45
39
38
31
8
6
37
37
35
12
7
11
8
44
41
39
31
34
47
37
41
30
41
34
25
34
42
29
27
41
23
23
20
36
32
33
30
17
18
37
21
23
44
46
50
41
47
54
42
29
34
44
10
16
74
69
82
30
15
67
71
70
42
21
50
26
23
35
34
21
32
38
36
32
44
47
20
30
22
30
21
30
24
26
26
100
96
25
33
97
124
92
32
53
61
99
54
57
31
66
35
30
36
47
48
49
57
33
57
53
46
71
78
63
52
46
72
95
39
62
80
67
109
68
73
48
44
49
94
121
55
94
57
69
61
90
79
69
68
67
70
40
50
61
57
69
43
29
39
50
53
55
22
50
55
49
36
56
46
16
43
