0.000243265446
0.000245331005
0.000237831349
0.000245337666
0.000239151455
0.00023505523
0.004434425517
0.00024312568
0.004723292723
0.00024313124
0.000240532116
0.003637540983
0.000240881916
0.000829814549
0.00260973537
0.003609693203
0.002989445284
0.006832318529
0.003915065928
0.010839157403
0.000234214436
0.001493523433
0.000234489232
0.000525748445
0.004247122908
0.001131437009
0.011447602565
0.00024017449
0.003889502336
0.000239825296
0.001797044448
0.000246686428
0.000239590379
0.000528684842
0.00052875897
0.002110680472
0.000532999759
0.00730392069
0.000237828935
0.001489430997
0.000233598799
0.000246969215
0.000237681107
0.000242571984
0.000234830406
0.0002349434
0.000244715466
0.000243509545
0.000826999853
0.000246593589
0.000236175303
0.000236430605
0.000234178646
0.000245153039
0.000234737346
0.004807619269
0.000240402672
0.000526401865
0.001135112158
0.000244971571
0.00024527161
0.00053737022
0.000538699305
0.00235111642
0.000244613364
0.000533147591
0.002747975887
0.000245362326
0.000849931995
0.00115776482
0.000245030424
0.000867230216
0.000238620471
0.000236102204
0.000240954944
0.000835835412
0.002383041333
0.000531745255
0.007209713526
0.000236150983
0.001439788462
0.005912221147
0.000243302925
0.000244036493
0.002355404354
0.000534914533
0.000236666687
0.000527828151
0.002074612357
0.000240178065
0.000531910568
0.000527205551
0.000244863617
0.002407100349
0.000246269308
0.000245987892
0.000533468172
0.001115829446
0.000236989844
0.045314890527
0.000246001343
0.00024119976
0.000845653316
0.000239963581
0.00024326879
0.000241723261
0.001128895629
0.00235823995
0.000237149482
0.000236357118
0.000242032303
0.002687702072
0.00024247346
0.000238599613
0.000240141553
0.001141886283
0.004167256135
0.000245825697
0.002063731891
0.00024132563
0.000241636723
0.000238979996
0.00085193137
0.000235749113
0.00113776386
0.004130980413
0.001736211367
0.0005272767
0.001442444389
0.043988588356
0.000239734948
0.000236916995
0.000241253106
0.001712897593
0.000242278295
0.000242048368
0.000242780875
0.000242863633
0.000240473495
0.000236531045
0.000234643059
0.000241951824
0.000236903
0.000831883354
0.000238894335
0.003015642666
0.000238817961
0.000235759434
0.000239610628
0.001786672809
0.00023787794
0.001186312831
0.000237527803
0.000244673477
0.001489067712
0.032649111279
0.000243338529
0.000236336168
0.017245418981
0.018155960265
0.000235706425
0.00023863803
0.000240940307
0.000239128696
0.000238601488
0.000241966029
0.000244735784
0.00024208274
