0.007668184868
0.000529719399
0.020661526225
0.032564026623
0.000238405391
0.000538468147
0.000528871894
0.011122299921
0.000244849694
0.000244007085
0.049731108772
0.000243084845
0.000246586914
0.004929244592
0.001415754273
0.002593633161
0.000246844935
0.001500950778
0.000236593232
0.000237534818
0.008806917789
0.000835164575
0.033596866027
0.046310395451
0.002084958358
0.001705928879
0.013108252317
0.000240539072
0.000526580255
0.000242183293
0.00378954899
0.00023465175
0.00053100304
0.009650131146
0.004274481982
0.010615165327
0.000243800279
0.000241993838
0.009130377247
0.000242330452
0.004571390943
0.00024020528
0.007170061508
0.037960155036
0.014786593338
0.015371910212
0.000850898586
0.002609433455
0.003016379424
0.007043309724
0.010557770391
0.000238264825
0.011802500171
0.003175931523
0.015712335654
0.054697394985
0.005948154246
0.000866583044
0.005747589002
0.00446928094
0.005694824425
0.00363720473
0.015073947968
0.024619854169
0.000241115224
0.000242922513
0.004466901832
0.000235077007
0.002998426989
0.000238065053
0.00024163353
0.000237047035
0.000242807308
0.001121733012
0.000244641643
0.001476375011
0.007242535665
0.002085854516
0.00169920483
0.001434891348
0.000240708672
0.000234995069
0.014237734718
0.025556201558
0.000246804349
0.001780079875
0.001739571716
0.005385918167
0.000234012135
0.004453759883
0.000241153322
0.000245194416
0.004656348674
0.000242350984
0.000526117839
0.002348753412
0.002640939483
0.000239902836
0.000244505682
0.000237664331
0.003183725687
0.00052802985
0.000235171019
0.000837398084
0.000240315232
0.005991332415
0.000234768818
0.005746366637
0.000243413419
0.005254456675
0.001916457354
0.000239097475
0.000243476631
0.0005261243
0.000239055007
0.001711792074
0.012110738265
0.000234318557
0.00024462322
0.000235539183
0.001792996853
0.000234857027
0.000235819194
0.00024164687
0.006884044954
0.005604975849
0.00024061721
0.007505637326
0.005019081772
0.000530847436
0.008985678449
0.012191789733
0.002049428641
0.000241185926
0.00024660609
0.000239501236
0.00024631348
0.00023618901
0.002937137392
0.000238719376
0.000235754818
0.000526138149
0.001123624472
0.000245602942
0.004849219555
0.000240393489
0.000238437191
0.000243779952
0.000236883287
0.002609800941
0.014199196694
0.000239742478
0.000242648985
0.001805188574
0.001130709627
0.000241252293
0.00023887303
0.000847768494
0.000241854902
0.000242990524
0.000237932474
0.000239030778
0.000525548571
0.007547913101
0.000239659898
0.001802578783
0.000236185248
0.000245095008
0.006952488471
0.000236497252
0.000239051939
0.000239684081
0.000245781399
0.000239419472
0.00023918859
0.000239627422
0.000246565199
0.00024733616
0.000245869629
0.004061282452
0.00717606904
0.000233992705
0.004223820168
0.002100109108
0.000532873576
0.011148375799
0.000533798027
0.004226452284
0.000526321205
0.000245804051
0.000244653563
0.004852987463
0.000532367977
0.002326956041
0.000839620713
0.000237522025
0.007687018315
0.002025034678
0.009700711429
0.000241848088
0.003863452288
0.003255295349
0.00023803134
0.000861828414
0.000238283267
0.000238946157
0.000237014505
0.000244069486
0.000238937349
0.000241900739
0.006209739392
0.007809703006
0.000234305118
0.000525070704
0.002858832185
0.00053633483
0.000241816128
0.000242536901
0.002010625241
0.008636260842
0.000246022897
0.00637911046
0.006590276898
0.000233199294
0.000238916258
0.000844342802
0.005713091765
0.000239778156
0.00023853182
0.000240640328
0.004318635126
0.00311772939
0.000237378637
0.000833027891
0.003926545928
0.000238670176
0.001177136174
0.000241883444
0.00347385856
0.007290918005
0.002717248987
0.006368159429
0.003326324656
0.000235216722
0.00271792743
0.00024599784
0.000829716558
0.016482318841
0.004234291562
0.000246563822
0.000529738918
0.000234310396
0.000237629766
0.000527432463
0.002921610117
0.000236304719
0.000239435457
0.000531926176
0.000235096955
0.000819001759
0.00463347592
0.005497501557
0.000238733662
0.00082068335
0.002578915604
0.00024068205
0.000236864845
0.000242253326
0.000246412175
0.005149451944
0.002095032462
0.00023776188
0.000532862825
0.011411661329
0.00085098386
0.002705603695
0.003604938971
0.000242627217
0.000242786922
0.001431246715
0.008594503225
0.000240118122
0.00053161745
0.000237109801
0.000238028729
0.000238414767
0.00286066666
0.000246675402
0.000246313775
0.00024338563
0.00082722283
0.000852289909
0.004563776422
0.003242858709
0.00451032184
0.008211615457
0.000237133141
0.000244634636
0.000536814738
0.000246609444
0.000246523266
0.000242607346
0.005962210251
0.001440824573
0.000238785819
0.000235786452
0.00024559509
0.000242659326
0.003944619624
0.00141687432
0.000247274022
0.00112269244
0.000238291735
0.000239745999
0.000237215422
0.00023855022
0.000858964654
0.000857898644
0.003234680714
0.003013082312
0.003955787362
0.00728187439
0.001463139003
0.000236380296
0.000862477359
0.000240863672
0.001792085196
0.000239741335
0.004057441259
0.009086272963
0.000827814465
0.000829229552
0.000538025941
0.000245957354
0.000856640395
0.004535455333
0.00024592617
0.001153386031
0.000235558592
0.002739843259
0.000838002283
0.000237160915
0.000237755153
0.000234547539
0.000245422177
0.000243671389
0.000242374906
0.000839494679
0.007142833402
0.000236716949
0.000241159893
0.000241763438
0.002081486838
0.000867859687
0.000529873381
0.000840477066
0.000243359132
0.000242410679
0.001121632118
0.00023702878
0.000843891592
0.000241000933
0.001133361886
0.002338187946
0.000239678055
0.000235771163
0.001130566014
0.001809499567
0.000240304968
0.0008215106
0.000241960177
0.00023703508
0.000235881127
0.000841329677
0.000242683704
0.000818775772
0.00024386971
0.000235792495
0.001484186756
0.00023825929
0.000243417132
0.000242539328
0.000234069289
0.000246714883
0.000238671415
0.000243597632
0.000845598296
0.000235089695
0.000242064442
0.00390650996
0.000239702699
0.000239197613
0.000238633811
0.001429910405
0.00023404229
0.000239703333
0.000242108243
0.000236718628
0.000237431224
0.000243456843
0.000238567638
0.000238397527
