0.000245850783
0.000534471153
0.016507011285
0.000244261216
0.02473446195
0.029014820307
0.012450415382
0.019736840029
0.000237526852
0.00023609006
0.000245369936
0.001706913323
0.007139718274
0.008304140441
0.00023918877
0.000238669263
0.000234382944
0.006516669079
0.025135544074
0.060585025694
0.113335913318
0.000535597919
0.111399877561
0.000235650437
0.011835920363
0.000243772185
0.000235587652
0.058585235599
0.063918594798
0.072121892905
0.023183790833
0.000239363293
0.013801601309
0.020017296074
0.003015814437
0.000234980924
0.004666007772
0.014671216772
0.000240077096
0.009507762516
0.003505274647
0.011130164667
0.000819565532
0.051058206416
0.07651530377
0.089050036537
0.000240213043
0.017261383521
0.083954872581
0.000240935815
0.007947685884
0.00023518123
0.01610999382
0.033134374956
0.000237161558
0.006212836538
0.042516857291
0.000234855794
0.006776258297
0.004972982415
0.000236793553
0.02888175406
0.049291446824
0.059806608453
0.064469723952
0.004323712724
0.000534127421
0.007696584175
0.024267782566
0.026736216606
0.000236390047
0.00930437122
0.002875079603
0.009591487268
0.026537080029
0.030186238469
0.00024320356
0.000245995068
0.000234323576
0.000526005271
0.004013093983
0.00023679547
0.010280590172
0.000527512253
0.022663492683
0.028733881341
0.076559615325
0.000241548235
0.000532601756
0.000236772462
0.000527790427
0.00784502087
0.000235131234
0.000240921983
0.008358962413
0.000236637372
0.000236938798
0.000236972121
0.004439005226
0.007124282882
0.032944715375
0.059189166099
0.010039593873
0.00023483119
0.010421697065
0.054496854618
0.007638306419
0.006820803386
0.059358032099
0.074386995807
0.002334824273
0.010544014977
0.014042742483
0.001128387957
0.013087153617
0.000525489085
0.000531997669
0.020312208585
0.000533189574
0.010943539373
0.02107675736
0.024968764044
0.047152505327
0.012027998713
0.063792691667
0.064538245469
0.0002387286
0.000533377979
0.019492903613
0.090520663948
0.0002359883
0.000527398333
0.000239910198
0.000529350659
0.015154487354
0.022709719335
0.073157235383
0.009060110008
0.013172502625
0.024097810621
0.065926716642
0.007895834156
0.000243156323
0.003003750115
0.045821747313
0.051261972094
0.011951555189
0.006153632386
0.009266400589
0.000234823876
0.002533398371
0.00774385009
0.020450684159
0.000525837093
0.0073890872
0.000240438254
0.000235411843
0.002023446251
0.0205206324
0.000241070778
0.000242674966
0.000532185707
0.003374658866
0.000234582437
0.000234831027
0.000246989137
0.006234618273
0.070570094547
0.073242768519
0.009891239147
0.000242403113
0.000528103803
0.053424652451
0.000235301835
0.007616958883
0.065103760186
0.087096863251
0.005526440225
0.019151035585
0.030400866832
0.066498782587
0.001785532229
0.005734081707
0.000234725837
0.000235042733
0.002618013335
0.000533300805
0.003179589993
0.006070775312
0.014564197386
0.000244520751
0.000525755422
0.006152419023
0.000242861282
0.000534719251
0.013305599781
0.001142721402
0.022587104108
0.00023573961
0.00669790581
0.002774296443
0.01651001488
0.062853018172
0.000241882033
0.00024176437
0.000860778632
0.001179489874
0.000246953671
0.003220850319
0.015341949441
0.00340755586
0.000246665605
0.003756007953
0.002390898642
0.00023837038
0.002700258648
0.001430101426
0.019658058704
0.003510563306
0.006618736967
0.000235758037
0.054348451067
0.083600669844
0.000529583638
0.006565908433
0.000246117125
0.004854128242
0.000242430735
0.009060016141
0.009926652978
0.078645705693
0.00053450514
0.000527561183
0.002962035032
0.000238057996
0.012265661311
0.077332576359
0.005503989722
0.008366020222
0.012700333835
0.014739020579
0.021334059289
0.000236339044
0.001797562288
0.000840553443
0.000532491375
0.003749079116
0.000237197713
0.005549915263
0.006858018052
0.013806410073
0.035724113046
0.008818843681
0.000528819515
0.000820074818
0.000235109028
0.004824105514
0.009828338357
0.000532243183
0.009176005046
0.000235817128
0.002097090272
0.000538702466
0.000532543815
0.001142975854
0.006629161226
0.0002401788
0.008426820191
0.010847116523
0.07543438646
0.009476273176
0.000246194574
0.008628969441
0.000235688107
0.000245304176
0.000528504892
0.000234629564
0.003580287599
0.045297255944
0.045879093151
0.002364441208
0.000241844724
0.000530815976
0.003712628559
0.000855985475
0.017891553947
0.024413258922
0.000537691426
0.001147707468
0.00883020712
0.000240771746
0.000528237731
0.003833338257
0.000855244374
0.000246118962
0.000825109198
0.001725373178
0.000240261139
0.015138958654
0.034795196516
0.058843458477
0.000241824678
0.000528036746
0.000239778363
0.000528384714
0.000819613597
0.002366484483
0.017087224957
0.002087583226
0.002012001816
0.020289894117
0.000239993075
0.000242545969
0.001726901356
0.006680457981
0.000237072042
0.000243860597
0.011049340809
0.000530550133
0.008515169354
0.006989440411
0.000235899429
0.000528703496
0.004378492167
0.011392206528
0.000849785244
0.000855968936
0.004178570992
0.000526312995
0.000527663
0.002275961296
0.004532359161
0.007606481491
0.000527698454
0.001138150337
0.008843967807
0.011338140913
0.000532089805
0.001154139842
0.000239068408
0.00052722149
0.000819070268
0.007912209284
0.000241921256
0.000233767981
0.000526181667
0.005329701398
0.000242862509
0.004811016457
0.000239007462
0.005116155441
0.001116666775
0.014941846257
0.000238875527
0.006700084651
0.018989646583
0.000241092468
0.000239891095
0.007605065505
0.011429292367
0.014771664514
0.023989680942
0.028103709782
0.028685596465
0.000821656628
0.00850154416
0.008551399818
0.000242620251
0.008074087939
0.005206288582
0.010488627473
0.024530605336
0.000246020238
0.007815350812
0.017541182638
0.000236451475
0.000820014994
0.000239592265
0.011332287474
0.000241052406
0.002687367503
0.003925255352
0.000237229689
0.000244571372
0.00112459312
0.014935740248
0.00024677975
0.000238722378
0.000826596185
0.009420964319
0.004800401592
0.000242889864
0.004273412956
0.001457966312
0.00053277884
0.004638222252
0.007854213286
0.001720491305
0.016838511532
0.001399935453
0.002858279345
0.004890393932
0.010923176675
0.000240565861
0.006743414785
0.000246168158
0.004844936385
0.000856162267
0.000234734607
0.000236823265
0.002670760495
0.002027321709
0.000241133772
0.001132814554
0.002765534376
0.009142471849
0.014095672026
0.04077051675
0.067938830892
0.000244661024
0.000245516672
0.000843440811
0.009645676544
0.000240988937
0.011456745194
0.018876470534
0.03139523424
0.000526799827
0.000817681789
0.003377636378
0.000241651183
0.005238962714
0.006415982511
0.013977437475
0.000531431684
0.005666646325
0.014468921342
0.000243029253
0.002371941453
0.000529063003
0.003203366941
0.031066846727
0.00053375017
0.000237903486
0.000242633962
0.003967011217
0.00534723367
0.002912017386
0.000234219369
0.000235382343
0.001704836754
0.007273884618
0.010933645236
0.000242635229
0.008387151537
0.00305760241
0.000243461116
0.000244988178
0.010347004489
0.00449655562
0.011516122019
0.014011610994
0.00023572872
0.004648424451
0.006392290426
0.001783827867
0.006966947648
0.000239416309
0.00433524298
0.000245253213
0.002135627981
0.00052543502
0.003579248447
0.000234984753
0.000237088721
0.000527877653
0.005407030501
0.003353187704
0.010217360056
0.02152332257
0.033379157109
0.008476921647
0.011203601641
0.015494831908
0.016735630849
0.000234541007
0.00023602471
0.00533783424
0.000237430089
0.003514221936
0.00698090045
0.005707655688
0.010235843725
0.00455842594
0.000240316479
0.000244907296
0.003804714478
0.000245600919
0.00023611545
0.004997895006
0.010008116006
0.011186968369
0.000243818541
0.001736301638
0.01041174251
0.000239036255
0.000246094099
0.005315954308
0.00606279059
0.000240822742
0.005830939487
0.017222026403
0.000238149856
0.009719487032
0.00141532233
0.004963829411
0.001128385108
0.018996335669
0.035270788881
0.0002371057
0.013106533044
0.005482388949
0.003900736869
0.006521971535
0.064413831765
0.000236541002
0.007619616956
0.008202586373
0.017614115256
0.002057351069
0.000240038982
0.001417250893
0.005585478707
0.023183524964
0.003748005416
0.000243937034
0.000529339012
0.001124525964
0.003438473768
0.003304656402
0.00580173829
0.010792792785
0.000237400733
0.001138773468
0.022699665344
0.032604141789
0.000237437313
0.000244557461
0.002344091525
0.003983596356
0.011089439656
0.010288036563
0.000243562536
0.000243583357
0.000245187703
0.000531374924
0.003866839182
0.006500774661
0.000244752093
0.006670577421
0.008128194729
0.021565747847
0.000240117607
0.000823159469
0.006092081331
0.025068852078
0.030684347707
0.001487315525
0.021939902938
0.000846225268
0.00024099389
0.005488434241
0.006562956527
0.042998104592
0.000238038375
0.002189328897
0.00023992839
0.002296234873
0.006707685158
0.003314185797
0.004367494352
0.000864552345
0.010696311092
0.021223829679
0.000240999587
0.000242657138
0.003257952729
0.000533641768
0.00260042043
0.008666249289
0.009249801951
0.000245491275
0.00207140828
0.00052672359
0.00798977161
0.029975769124
0.003371292538
0.031138341657
0.002340961229
0.00024167167
0.000233744542
0.00052534829
0.000242871776
0.002396129222
0.000533205884
0.011612519773
0.013828106332
0.032132862553
0.005768578366
0.008671333314
0.009850363558
0.017772897568
0.03131642186
0.049916177221
0.006556675975
0.008607608664
0.016822328705
0.031208501194
0.040570633519
0.000234694261
0.000243020133
0.00612287493
0.000238554301
0.000238841847
0.000245840911
0.002692573221
0.004241017983
0.000235784854
0.001771904903
0.003534874814
0.000236693887
0.01119792909
0.00609294794
0.006676297684
0.008375878453
0.00082415804
0.002623239283
0.002290777119
0.021549450684
0.033721741595
0.045288114919
0.001112565119
0.002289683274
0.009761713691
0.016635291376
0.00024175964
0.000528016439
0.005152961675
0.000245236587
0.000246166173
0.000527651401
0.009981400763
0.000529570381
0.00112693323
0.000236341774
0.000241145485
0.008455515497
0.000234745403
0.001137128886
0.000859580234
0.001986334293
0.008807027029
0.002307976734
0.008560844621
0.012885453314
0.000239940637
0.000245717319
0.003577902749
0.007092826401
0.000243286504
0.010237477842
0.00023598848
0.00111116436
0.000242458915
0.002373569502
0.012566281329
0.024986824175
0.004097631344
0.00526314751
0.000531691001
0.05073525272
0.001697205093
0.007508182331
0.008394301799
0.001485486208
0.017680603429
0.000240879502
0.01191843259
0.000233641877
0.001148941305
0.000236917422
0.000239423671
0.000861599688
0.000236306286
0.005001366618
0.01116029157
0.000851636753
0.004594356241
0.004886196595
0.005805316178
0.010450052247
0.01401025448
0.001491263473
0.002109235386
0.005058916039
0.000243913196
0.002438152586
0.000235592621
0.000529242172
0.000241464215
0.002419379489
0.002664131705
0.013884778578
0.000848272416
0.01263110117
0.020512647369
0.000239080954
0.002308114262
0.00674517033
0.007619307696
0.000245271925
0.000242861182
0.000239606705
0.002659429627
0.001729689319
0.0042419441
0.000243764305
0.000854052791
0.005679459754
0.002951571309
0.010818662698
0.020951743536
0.000830887677
0.003800068401
0.000238247336
0.00085970468
0.013891386294
0.00141663616
0.002292073372
0.00699476864
0.001727834525
0.000237960956
0.000238165427
0.000245358759
0.000239218103
0.000529465713
0.001720426164
0.000851354606
0.00085561654
0.001445627583
0.009143625238
0.001741150333
0.000244446619
0.002614400692
0.005276000833
0.000242917588
0.000243352001
0.000818705469
0.000244338618
0.000527300621
0.001499888292
0.00140317968
0.001997266644
0.006672483263
0.000236022384
0.001792216766
0.000236575966
0.001412080748
0.00228720319
0.000240019664
0.000864877585
0.001136520582
0.000243475004
0.000242799266
0.000246007285
0.001114654367
0.001697494136
0.003324436309
0.000243379901
0.000237152858
0.00111237413
0.004330522265
0.006092825376
0.010782570644
0.000238407688
0.000244631336
0.00179081893
0.000245204734
0.000537164526
0.003769697181
0.000526123163
0.000852860114
0.001137414908
0.009990758955
0.000240308328
0.000244810918
0.000529507592
0.000817358391
0.008403630119
0.000852582825
0.000241948389
0.000243599915
0.000824674386
0.007859048883
0.011864842059
0.002385625534
0.00024239364
0.000237194697
0.000239905706
0.001116411135
0.000861554685
0.002976505761
0.003245806661
0.005568406068
0.008100090178
0.000238977482
0.000527416925
0.000242884031
0.000832858837
0.000868830659
0.0028760048
0.03476102672
0.000245842942
0.000242078322
