0.000533033176
0.004873687442
0.000235298194
0.000528287169
0.000233699783
0.000526583465
0.00023913774
0.003395832499
0.007988238194
0.005185666537
0.000245909805
0.007218400765
0.000238022534
0.010927171639
0.001564495472
0.01430106284
0.002395837008
0.001750377229
0.006339815922
0.013446656826
0.051046835376
0.00503722038
0.000237910665
0.000535134296
0.062207278548
0.000241801331
0.000854773567
0.007777933911
0.000238788156
0.000244418253
0.003333231217
0.000247356664
0.00053573931
0.012067231098
0.000235907949
0.000236167775
0.00023768334
0.000244205577
0.006011398223
0.008778380706
0.009362188821
0.013708924484
0.015751159589
0.019199143743
0.000241003167
0.000243461404
0.000244429794
0.010923918903
0.000239775433
0.001436467106
0.022002735877
0.024913343696
0.000527955805
0.000530590594
0.007134712794
0.025919547065
0.058077769222
0.007222323522
0.01098560466
0.013499144686
0.017456194179
0.000236561628
0.004696099938
0.000234731498
0.002009054782
0.026988727869
0.031276781246
0.000530670725
0.00506588405
0.000238620199
0.003640999432
0.000242120422
0.000239654825
0.012173377779
0.003597005177
0.000246359987
0.003596953235
0.007128589197
0.004610114941
0.00024210251
0.000244061806
0.000528924448
0.007019405495
0.027712247127
0.000238692815
0.005328414801
0.000236805679
0.000237608669
0.000532902338
0.004376900261
0.011890982851
0.012766001703
0.01510987837
0.000234814149
0.00140301456
0.003466944225
0.004644113249
0.000534449101
0.004877386789
0.014370326736
0.000243864993
0.004823739412
0.005772539874
0.010154580655
0.000237490276
0.006365412996
0.000832183612
0.011260434973
0.000529901193
0.021873168945
0.030976112157
0.063466611944
0.00848824347
0.003510396535
0.015877593431
0.018731368435
0.00024545273
0.001144806886
0.000240564361
0.002688278343
0.000244665422
0.006961068216
0.024714536111
0.001997243601
0.004353924267
0.004936257375
0.000242076999
0.000526178743
0.005696869479
0.000238962009
0.000244998831
0.00024627299
0.008129924475
0.087430842454
0.000244686681
0.001765097371
0.000246451568
0.004244805499
0.004497709267
0.000237102974
0.010557487836
0.019938538657
0.00626440347
0.000236482882
0.001416758054
0.001108104709
0.00111152295
0.003772529883
0.015414665442
0.001442298914
0.005683075227
0.045206949862
0.003173274281
0.004714956501
0.010283961537
0.000238096013
0.000239866054
0.002969071032
0.070164824822
0.00364428785
0.000234725638
0.00721697825
0.014401004036
0.046940102711
0.000246968099
0.000823739982
0.003920762771
0.000237495808
0.00082083244
0.001172177734
0.00052811057
0.005127461206
0.000235218695
0.000839432427
0.000238532403
0.000239654631
0.00725147542
0.00783429465
0.011844199258
0.000236256349
0.000236652102
0.001166777486
0.006802906201
0.004585879923
0.000245042999
0.004224642262
0.005087413376
0.005087764761
0.000245763061
0.000240116005
0.002680824667
0.001914045913
0.00052682064
0.00081696628
0.00313603388
0.010486558926
0.006038612078
0.008106599756
0.015943194762
0.000530856153
0.001419185081
0.007433184416
0.000240495598
0.000235308853
0.003506009705
0.000532041548
0.000238813015
0.000245206734
0.001723285766
0.007181631337
0.003618855578
0.00143175169
0.03730612838
0.000234885859
0.000238501937
0.000530936003
0.001720886978
0.001412887298
0.007164404049
0.000237162689
0.006379440559
0.001731551711
0.013714668235
0.001113010533
0.028539548296
0.000236889257
0.000530778839
0.003909835266
0.049218436619
0.000527755882
0.000235187187
0.000234586186
0.001123992718
0.013545900038
0.003782701122
0.006629955513
0.017035421685
0.028914102014
0.004371567143
0.000235063377
0.002038041713
0.005296520882
0.000235825265
0.001136529301
0.000240539429
0.000241422818
0.011729112298
0.001140368672
0.004003982607
0.000235613711
0.000527206199
0.001124093008
0.000241328485
0.005395953369
0.000234727934
0.000246335484
0.005607639253
0.003917224885
0.000239370558
0.000241062681
0.001140317389
0.024510455611
0.004917608411
0.000236888534
0.001733588954
0.0002445057
0.001582477358
0.006571195176
0.006452291572
0.074246605679
0.000529087588
0.002873752654
0.005510754157
0.006093565515
0.010018712676
0.010601234115
0.01712415413
0.001940561177
0.000233760367
0.000236058359
0.000537416386
0.000826708078
0.001994222349
0.022245468783
0.000534792538
0.000241856187
0.010288897959
0.00694228696
0.000818931874
0.000534657935
0.001422063246
0.00023895936
0.008166603176
0.022591053451
0.006055249044
0.020841822812
0.022577312767
0.009606806477
0.07669818711
0.001918465729
0.005060699314
0.000241280838
0.004568706711
0.000842188391
0.01881340433
0.000537120436
0.003177647715
0.004476617088
0.000243591149
0.000244314593
0.004383346986
0.012363103432
0.00199813282
0.009148734109
0.006677866163
0.001112550597
0.001733592398
0.000242099063
0.000531588674
0.005387047305
0.000243750503
0.006120402593
0.000240832754
0.000239036573
0.003339820677
0.013914277041
0.00272693684
0.000242753728
0.002030016319
0.023047375124
0.031045713433
0.002685904425
0.002312653131
0.003783079213
0.000244377993
0.000238745597
0.000530151039
0.012755004482
0.018445392102
0.001110309084
0.002275325581
0.000240904566
0.000532916908
0.000236822516
0.003331291084
0.004593725983
0.000531003574
0.008645920016
0.000848457744
0.000236304086
0.012177830463
0.015305453976
0.00023326455
0.000246411155
0.000237417827
0.000833115653
0.000237367469
0.002671726919
0.000245711913
0.000534233051
0.005531540938
0.000531027543
0.001456933047
0.000537668298
0.008535372498
0.001707927384
0.003167631584
0.00182955146
0.000237822856
0.000242209511
0.000531298785
0.000528977508
0.000235997792
0.000237375387
0.000246775397
0.000245383614
0.000245467019
0.004410154214
0.020664913657
0.001122740422
0.005546371254
0.006419729589
0.000534585329
0.001434490833
0.000235849771
0.005463515274
0.020274261168
0.009718294243
0.000240156157
0.002417554709
0.003996851645
0.000237248521
0.000527900387
0.005689994827
0.012482142672
0.002667133035
0.000242626895
0.00024263825
0.000241037272
0.00024004399
0.000533087834
0.009122658204
0.001724567419
0.004095498442
0.000234210021
0.002681880345
0.000527756759
0.006856222527
0.004230263002
0.002380358472
0.000861480132
0.000238709924
0.009568215486
0.011024893709
0.017733955049
0.004277639379
0.000236057432
0.000846273484
0.000528695651
0.00024533649
0.012197533493
0.005494032434
0.000528853056
0.001140110841
0.00201229809
0.018699695873
0.00024495853
0.003877252033
0.002359828901
0.000244608761
0.002358435432
0.003916490914
0.016150872972
0.004356493718
0.000242416279
0.002434191987
0.000243489224
0.000528602682
0.001999595927
0.002583854458
0.003749509054
0.000238503031
0.000531471884
0.000235077273
0.004304584319
0.006951834398
0.006710034183
0.001741205432
0.001800247835
0.000238931234
0.000243363128
0.000532609845
0.00361393618
0.00086547095
0.000236948755
0.000533958569
0.000245305591
0.000244908027
0.000841024895
0.002616170225
0.000244168296
0.000244727726
0.000238645134
0.010066244842
0.006343003572
0.000243552706
0.002784870258
0.012711073727
0.01732676306
0.039206927496
0.000820392727
0.004855670737
0.000242645697
0.000238364803
0.00082130656
0.00023966265
0.000239831376
0.000236385886
0.005151875095
0.007168103098
0.002412301601
0.000863359305
0.00023701397
0.000530694402
0.000243447452
0.000244520919
0.00053562975
0.000239691689
0.000240301225
0.006071313187
0.000245550002
0.001793837293
0.005626624441
0.000238101675
0.003329235648
0.009133953555
0.000239520416
0.000245467295
0.000834429308
0.009812049687
0.01437285041
0.00083477587
0.000237568431
0.000238603571
0.000234965743
0.005943606982
0.010554827775
0.012756881932
0.000237677398
0.004720250595
0.006047595839
0.000238967397
0.00081827673
0.000235201575
0.001136864923
0.00024249167
0.000238758643
0.001163908757
0.000243010656
0.005637585802
0.001129889436
0.011781720057
0.000240113957
0.000243373102
0.012426591193
0.000836472937
0.000528092724
0.001138944259
0.00024131847
0.001142280982
0.000246279777
0.000241436294
0.001134934064
0.056519003064
0.000237285638
0.000233671441
0.000234523012
0.000524695876
0.000236868333
0.000242372197
0.000235747064
0.000844612993
0.000533650764
0.000239110038
0.000246698293
0.014995135947
0.000239367194
0.0002432617
0.000825950435
0.009895960758
0.004144844872
0.00024685463
0.000238288811
0.010848499301
0.015518479996
0.000236966781
0.000827831933
0.001423991425
0.000239293383
0.000238607188
0.000860036841
0.010612027297
0.004871093
0.000236182212
0.002035061687
0.033296961892
0.000242353544
0.000240472781
0.000245236168
0.001450719789
0.006498766508
0.000237471688
0.00023889983
0.000236465599
0.00023689963
0.000237866159
0.00023951791
0.000243138862
0.000852759526
0.009482962787
0.000242530927
0.000238391854
0.000238757926
0.0005300268
0.008859612734
0.000819773388
0.005254158138
0.000234960293
0.000246146109
0.000851489718
0.004428898366
0.00085466029
0.000239738728
0.000235016467
0.002009531544
0.004491742535
0.029133557331
0.000850429529
0.005948657172
0.000235946438
0.004695937653
0.000245285489
0.000245845384
0.000240893463
0.00053340639
0.004958942763
0.005541707893
0.000235936394
0.015051510625
0.003308012642
0.017098523578
0.019193475773
0.000244178001
0.004703764581
0.000235192796
0.000243314374
0.000536154116
0.004092015108
0.000235113803
0.005247308992
0.001454532037
0.000234859289
0.000242583449
0.000242642315
0.000526509025
0.002656899221
0.00024329557
0.004373002219
0.000242528042
0.018437091809
0.005335550295
0.003873005071
0.001107915612
0.003747098673
0.000234437661
0.000242614504
0.003853803161
0.000245589023
0.000245524035
0.004238649488
0.000237514208
0.000833398406
