0.000245850783
0.000534471153
0.016507011285
0.000244261216
0.02473446195
0.029014820307
0.012450415382
0.019736840029
0.000237526852
0.00023609006
0.000245369936
0.001706913323
0.007139718274
0.008304140441
0.00023918877
0.000238669263
0.000234382944
0.006516669079
0.025135544074
0.060585025694
0.113335913318
0.000535597919
0.111399877561
0.000235650437
0.011835920363
0.000243772185
0.000235587652
0.058585235599
0.063918594798
0.072121892905
0.075945408
0.000245138
0.014224774657
0.011337068421
0.005140665078
0.000245088131
0.009013486538
0.014829904311
0.007037539752
0.022434282196
0.052287403043
0.002597929293
0.047832105763
0.068523804004
0.07756770398
0.000242773359
0.009287411728
0.029213759793
0.000528040991
0.008741197937
0.000527422164
0.012129871105
0.019028247979
0.000237293014
0.008547137845
0.012933892144
0.000233687545
0.014871314667
0.006214981169
0.000242675748
0.076616448007
0.081704360834
0.087449282216
0.090099155463
0.008793128145
0.000234061502
0.004202007624
0.032587190477
0.000239744762
0.00742205566
0.004654853224
0.017644565688
0.019990464054
0.037205345564
0.000238839541
0.000242967649
0.000234468563
0.00052585012
0.002656932765
0.000246881489
0.009992650938
0.000526557398
0.000527033084
0.022749526157
0.025828090014
0.057535306556
0.000234532585
0.00052618582
0.000529844094
0.002852365232
0.000240387991
0.000243473193
0.01007914409
0.0002358117
0.000236113126
0.000238884438
0.004395022626
0.010538360189
0.015688378949
0.022454383353
0.007018894842
0.000244083563
0.062922881547
0.067012229342
0.008869446795
0.023575029504
0.064744789926
0.082835287982
0.004968719553
0.006715302748
0.014044385496
0.002074077419
0.008423747179
0.000243486615
0.000528560442
0.032501646078
0.000526996169
0.000537285297
0.022425753871
0.038008048944
0.012593985022
0.018000291837
0.006018198404
0.016200241934
0.048184229474
0.000243811956
0.000532679072
0.013830001334
0.000241442959
0.000534578792
0.000245822319
0.000537412474
0.043407288717
0.056118149999
0.066015923449
0.009441216573
0.006841972476
0.018901486321
0.059515171949
0.010530759805
0.00023531624
0.004439598021
0.033542688769
0.078352663388
0.007159363134
0.002595216039
0.031336787865
0.00675335485
0.014727906586
0.036751713969
0.000531772821
0.004878093648
0.000246577215
0.00111242765
0.020516529263
0.000237405875
0.000243827185
0.000535016887
0.003064304639
0.000237000937
0.00024374516
0.000245084609
0.007572945301
0.056291073431
0.075986706726
0.003417149715
0.000238632477
0.00023900443
0.003433012339
0.000246555356
0.065655429929
0.073484994688
0.077605324652
0.00698248028
0.018885463459
0.039267683003
0.06873402634
0.00442490426
0.005007127953
0.000237384342
0.000237765165
0.004410334845
0.000241058839
0.000533406543
0.001724293005
0.01131093234
0.028681007425
0.000242917485
0.000236527396
0.000528248832
0.003823313432
0.000234148378
0.000527059686
0.001134040798
0.011391470037
0.000821331999
0.010535448764
0.000237031967
0.007217666382
0.066667824914
0.078919978187
0.000244265734
0.00023789455
0.000848019564
0.001165153237
0.000244141757
0.005307739072
0.01494397731
0.003093716761
0.000237214119
0.004710460418
0.008019691432
0.00052937909
0.002141689109
0.001108936663
0.007473583348
0.004671915752
0.016600663397
0.00869566955
0.01225816788
0.094953665508
0.000240257183
0.00491922718
0.000238522315
0.006346969248
0.057183537121
0.078235122838
0.089436987637
0.000528208882
0.000234099436
0.006494912092
0.000236445459
0.051888981808
0.001987224911
0.006951922023
0.021686972925
0.052383140829
0.055459349852
0.000245395741
0.00175434372
0.000833257224
0.000528321126
0.002884005425
0.001702939026
0.006264441966
0.043609396261
0.063609058557
0.010427813037
0.000527033053
0.000527802351
0.001137541867
0.000531785625
0.005298230781
0.00871658674
0.00023524396
0.008283760805
0.000240583003
0.006165212867
0.000526066501
0.000237866836
0.000822299017
0.006984079596
0.000236078728
0.002031512349
0.006093809968
0.085766122859
0.00702234451
0.000244575747
0.010341568966
0.000529574696
0.000530487204
0.000238615144
0.003571182831
0.00991861604
0.059694791454
0.000237213747
0.002508745081
0.000242814384
0.00053011357
0.003585440671
0.000817571798
0.007753974013
0.030071392715
0.001136126397
0.013072300645
0.000246410947
0.000527544663
0.0036708756
0.000835648811
0.000243789211
0.001150518385
0.001758565497
0.000236503245
0.018757513177
0.049203582716
0.051892028257
0.000243604329
0.000536120917
0.00024291955
0.000528926172
0.000820112814
0.000236158985
0.002695747137
0.011469871363
0.002117494053
0.006378852371
0.018016902451
0.000240866055
0.000820524524
0.009571961435
0.000241890219
0.000244260068
0.00852025442
0.000233252664
0.000524354936
0.000525925262
0.005128556765
0.00205304072
0.000234965287
0.000526607844
0.001704197788
0.010369216906
0.000842852474
0.000859434488
0.008048744528
0.000235399339
0.000817710763
0.003441430344
0.015023203268
0.00023974318
0.001115195063
0.005150871658
0.019204083086
0.000234232389
0.001148834583
0.000237092497
0.000528825287
0.004230420898
0.000243525617
0.000237371678
0.000529910094
0.005244527559
0.000235379503
0.003427212652
0.000234376659
0.006002009853
0.000529416768
0.001126192466
0.027537283683
0.00023615778
0.002871243172
0.008454502429
0.021953875811
0.023879989563
0.000247334054
0.000241822859
0.004502561092
0.013272844143
0.016794202714
0.016743700377
0.023302945512
0.034654641613
0.001126108444
0.005833815781
0.007950021253
0.000236126887
0.000236276887
0.006541500887
0.001415319252
0.055688380206
0.056578308921
0.085369368906
0.000245652848
0.002331268282
0.012682181229
0.000235240006
0.000529026015
0.000245889288
0.006913683002
0.000240295733
0.005045503875
0.000528705967
0.005091005934
0.000237567151
0.000235516833
0.001124644449
0.012330107969
0.000238063951
0.000235347566
0.0011235105
0.007875873954
0.000237162643
0.003252992529
0.000244273699
0.004414271493
0.001481589064
0.000530275155
0.02205563547
0.028785843477
0.007785305278
0.0085257302
0.000531692207
0.00172497444
0.008073271792
0.006117668915
0.014506211051
0.000240572259
0.007219182809
0.000234965686
0.003137643939
0.000836083888
0.000242185907
0.000236776299
0.000237122048
0.000528137635
0.013114649693
0.001441698524
0.000240975339
0.001163025236
0.001746563883
0.004631187786
0.0080002169
0.009179680559
0.015482910418
0.060080606417
0.000235988715
0.000236844363
0.000826714545
0.011392532212
0.000240561175
0.007935571601
0.012562873197
0.001142120614
0.002043449764
0.000241225219
0.005264477568
0.013494147854
0.019621997638
0.000532129521
0.001129969368
0.034314323989
0.000244153831
0.002524470704
0.002480354209
0.030598285111
0.000530693804
0.000242429683
0.000533469166
0.004211030724
0.004834514224
0.003083398607
0.000238384907
0.000239547881
0.00345515687
0.009885440165
0.014555460708
0.000240189123
0.010377576644
0.003710353419
0.000233577875
0.000235104937
0.010069587031
0.005151346789
0.005416766697
0.006874589137
0.017552020018
0.000242238712
0.005536418506
0.012691429617
0.001768345229
0.008954687703
0.000239639515
0.004270466186
0.000237712123
0.002187722619
0.000533057578
0.003737246063
0.000245621443
0.000235290742
0.000526079674
0.006077934603
0.003487742411
0.007351127217
0.034199723021
0.052516693697
0.004898284197
0.008660243723
0.010991631443
0.021096725293
0.000238820515
0.000242406034
0.00453784788
0.000237597654
0.005580601067
0.007936981091
0.011675645252
0.017790330911
0.004001725947
0.000237022231
0.002618566892
0.000236578153
0.000238457679
0.002757160697
0.005393542144
0.011112819539
0.021837022109
0.000237238563
0.001128725115
0.01114316965
0.000242549219
0.000234055913
0.00514502023
0.005726621558
0.000534419387
0.006878213477
0.007751267569
0.000244472519
0.009808633842
0.00411417233
0.00765988551
0.000528458396
0.009703689155
0.012032940577
0.000238438531
0.008228103275
0.00304019656
0.005594352053
0.028936382517
0.040521837819
0.000242358846
0.006220728836
0.015954874597
0.043932639999
0.002419009149
0.000242302793
0.023796051027
0.028939320724
0.031734936612
0.043621531428
0.004631934076
0.000240396844
0.000529108777
0.001454108777
0.002348337112
0.001122625705
0.003343954611
0.066205679548
0.000528435552
0.001112790832
0.006683671109
0.044865299437
0.000242016977
0.000241333668
0.000835745207
0.013978648336
0.01601769649
0.007014334115
0.000236248633
0.000237852979
0.000528515423
0.000531762893
0.004609087598
0.021303678661
0.000241130187
0.002881293853
0.00958207237
0.010747530767
0.027007665232
0.014466000902
0.000236346137
0.001699779716
0.004017542086
0.019226077942
0.001422219125
0.013570222323
0.00085469569
0.000235337942
0.006117082885
0.003513671827
0.004803159968
0.056763319417
0.000237044821
0.001732858401
0.000236994145
0.00024085252
0.001110832934
0.006147323882
0.003062118904
0.000233854138
0.000526679119
0.000534292721
0.004123523856
0.0008275369
0.006711731123
0.007003207019
0.000236927902
0.000238585453
0.003318881044
0.000237433364
0.001124935595
0.004345843807
0.010043943088
0.000245429566
0.00176734575
0.000533807545
0.005589133399
0.025687451589
0.01767862279
0.021302232533
0.001740702411
0.000243400962
0.000238953177
0.000531636241
0.000237251764
0.002436550106
0.005694901084
0.011528943742
0.044625071524
0.004692955553
0.016765658765
0.017640549977
0.003507421805
0.012654230309
0.025989457321
0.001410408876
0.008140852984
0.009305442858
0.049235043278
0.000243640595
0.000234928502
0.006393436058
0.000238347324
0.00023863487
0.000245368016
0.002692100326
0.002983052539
0.000534523669
0.001449643718
0.003591422139
0.000234183478
0.006771995968
0.005563746902
0.013635157026
0.017835594719
0.000837745053
0.001128043665
0.004911781868
0.008741617727
0.015067102747
0.026844034469
0.000527691385
0.001413871175
0.004936186068
0.03882350932
0.00024105397
0.000536857376
0.006877469272
0.000239046793
0.000239976379
0.00052775175
0.014189681883
0.000241046197
0.001116409046
0.000236852154
0.000241158257
0.005095140467
0.000241093072
0.001473459151
0.000835844764
0.00322106001
0.007987017486
0.001117254273
0.016834399225
0.000239924893
0.000238718064
0.003557903494
0.005060264899
0.000525614171
0.00368064167
0.000534099181
0.001144275061
0.000241140045
0.003095727874
0.013691174227
0.014300693835
0.015656957429
0.003254770672
0.004420287858
0.000528512059
0.001844897926
0.001694266165
0.006707755499
0.01421366843
0.001443302487
0.016610224592
0.000236932691
0.00949052776
0.00053484676
0.001120146188
0.000247437154
0.000245658314
0.000841834331
0.000244469461
0.004394572329
0.011545237608
0.000868470619
0.003498775561
0.006157684268
0.007280881475
0.010649790056
0.014526841574
0.001456855557
0.002023201484
0.00514471738
0.000234173691
0.002480413081
0.000233565939
0.00052721549
0.000243670256
0.003033503796
0.003219662693
0.017361476091
0.000856329434
0.013140026158
0.023527873531
0.000526970974
0.002326406831
0.002909254829
0.010219174855
0.000243408019
0.000237532465
0.000244307224
0.002638130146
0.001136601411
0.003519532605
0.000234648766
0.000831937252
0.004029731858
0.002521121156
0.006200969863
0.012091181088
0.021220561688
0.000533817098
0.001117245133
0.000532338791
0.000823334691
0.010836555232
0.001110007167
0.001986531694
0.006080021979
0.001696920019
0.000241654557
0.000234663575
0.016134285393
0.000241688756
0.000234867486
0.000534563665
0.001712572261
0.000825387014
0.000819811355
0.001402649106
0.00433122171
0.001773335428
0.000236057434
0.002309410617
0.004947779348
0.000243664613
0.000234297277
0.000818801177
0.000243024895
0.000537831105
0.00145873235
0.001110035705
0.002566102111
0.007553154339
0.000240805442
0.001752219383
0.000235448936
0.000853055422
0.003211950787
0.000239818847
0.000849454112
0.001151599674
0.000238885633
0.000234861864
0.000242888945
0.000835976527
0.001419474005
0.003696101315
0.000240007584
0.000239136615
0.001127357887
0.003470224315
0.008017342162
0.011994877156
0.000240079227
0.000239464532
0.001798652126
0.000243843204
0.000527630672
0.004826575251
0.000535559479
0.000841568927
0.001690570935
0.012698628893
0.000234802763
0.000239672198
0.000535822812
0.001109625899
0.007739837261
0.000817969677
0.000238101365
0.000531035303
0.001127118161
0.006552596309
0.01206688537
0.002340870484
0.000234213135
0.000242858995
0.000238571996
0.000847568785
0.000859897887
0.002364167667
0.000528203504
0.002334657926
0.007687469917
0.009914471211
0.000241969336
0.000527419756
0.000234191218
0.000863113882
0.000868433465
0.003210211221
0.004259450841
0.000246842551
0.000236065213
