0.007668184868
0.000529719399
0.020661526225
0.032564026623
0.000238405391
0.000538468147
0.000528871894
0.011122299921
0.000244849694
0.000244007085
0.049731108772
0.000243084845
0.000246586914
0.004929244592
0.001415754273
0.002593633161
0.000246844935
0.001500950778
0.000236593232
0.000237534818
0.008806917789
0.000835164575
0.033776511634
0.051256448066
0.002052691234
0.007452360284
0.008571036587
0.000242435393
0.000528480219
0.000241731324
0.004193000686
0.000236524828
0.000528236467
0.012769912566
0.003501490866
0.010583754626
0.000235026728
0.000237461526
0.011008718844
0.000235155763
0.005423473606
0.000234314841
0.007812061233
0.041461261757
0.011627511539
0.01813078068
0.00085307335
0.002372934287
0.003023574775
0.008838365679
0.011208217255
0.000234167785
0.007007009136
0.054895871467
0.003817996784
0.011635723078
0.016076770703
0.004357854328
0.000864797528
0.007290981826
0.002678911702
0.006008278403
0.003651968846
0.009286654398
0.021227041678
0.000235055361
0.00023686265
0.00445548681
0.000237613729
0.002709942868
0.000234578886
0.000238147363
0.000238962349
0.000237003581
0.001167929285
0.000243892201
0.001449625569
0.007379238477
0.002063323851
0.007199748016
0.001479137821
0.000233784207
0.000246322304
0.012214577705
0.012799064742
0.057391839274
0.000234630614
0.00176790614
0.00174629056
0.004902570873
0.000243677164
0.006010352915
0.000234000811
0.000242959717
0.003367400412
0.000244242265
0.00052800912
0.002413404335
0.004503590462
0.000234172294
0.000240051393
0.000237954701
0.003005312358
0.000526797036
0.000246219679
0.000835060579
0.00023636445
0.006547375835
0.000246466726
0.006303367103
0.000237957297
0.007344911885
0.002546079143
0.000235485175
0.000239864331
0.000239503454
0.000242544581
0.00183258426
0.004817890472
0.000237787472
0.000243682081
0.00023591488
0.002079397072
0.000245044378
0.000246006545
0.000245166365
0.006607928741
0.003957530294
0.000235368362
0.0063863244
0.008914575776
0.000536423763
0.033988036427
0.00897876059
0.002121576316
0.000236429198
0.000234013067
0.000235807723
0.000241300086
0.000247138285
0.003039847271
0.000236934297
0.00024562021
0.000525941355
0.001123427678
0.000237526498
0.004231887035
0.000237168215
0.000239224244
0.000244567005
0.000240672354
0.004969248715
0.006439459922
0.000240323727
0.00023644195
0.002313110976
0.00117897061
0.000241780897
0.000245432433
0.000854327897
0.00024494306
0.000246078682
0.000238160359
0.000239258663
0.000239243024
0.007046999634
0.000238479296
0.006440327904
0.000238360692
0.00024064465
0.004766956234
0.000235369203
0.000235235134
0.000235754476
0.000237315456
0.000246906174
0.000234220126
0.000235592116
0.00024512584
0.000245896801
0.000245669099
0.003682612854
0.000235865151
0.003582545188
0.00023571398
0.006398502827
0.002069820222
0.000530219007
0.0171261462
0.000535263047
0.003584528717
0.000533422242
0.000237073222
0.000244982214
0.005306620208
0.000537822288
0.00248126597
0.000855124123
0.000235984987
0.005899186074
0.002326709635
0.009616463484
0.000236556509
0.003792744165
0.003577423912
0.000238610909
0.000825421623
0.000243899438
0.000244562328
0.000243582455
0.000247278346
0.000240995508
0.000245373754
0.004480510367
0.013535090708
0.00023468972
0.001770558872
0.000529601526
0.000235136338
0.000235857111
0.003662472475
0.011257705109
0.000240637859
0.006487424643
0.008643038549
0.000236526228
0.000242228118
0.001109999766
0.004118130504
0.000234185522
0.00023523965
0.000238795002
0.003847047044
0.003426530394
0.000241957524
0.00112972933
0.004223530795
0.000244436086
0.001143902084
0.0002429505
0.0040686616
0.009790453665
0.002972791567
0.007754961915
0.003672472608
0.000238292537
0.002669208878
0.000244144283
0.000827863001
0.011865887431
0.004320239763
0.0002457113
0.000532554137
0.000243472429
0.000234090278
0.000538061631
0.003640250061
0.000243557453
0.000243475576
0.000535966295
0.001140222077
0.004221882298
0.00478322212
0.00023657113
0.000857520818
0.002634089204
0.000240033378
0.000243926032
0.000237291609
0.000244311864
0.004594234186
0.002076995622
0.00024552945
0.000535204884
0.01138947555
0.000240806054
0.000824563877
0.003205545425
0.003575027625
0.000236985157
0.000237144862
0.000829450714
0.040757225603
0.000238489097
0.000533441579
0.000245692636
0.00023934263
0.000244346187
0.002911293278
0.00024732423
0.000244568013
0.001123212802
0.000825463306
0.002983040984
0.001737000455
0.00311571936
0.005760933744
0.006090119417
0.000244758896
0.000242589422
0.000527803903
0.000239685133
0.000235129265
0.000246318358
0.00577078209
0.001492811055
0.000244432167
0.000243067572
0.000236925635
0.000244489209
0.003998449507
0.00150872399
0.000235200912
0.001159033051
0.000236761173
0.000233951042
0.000244330764
0.000243087008
0.00084178639
0.000848339785
0.002607365061
0.003137666307
0.00384923947
0.022327225789
0.001772705056
0.000245446236
0.000859382712
0.000236351667
0.002347130146
0.000246549513
0.00391159063
0.006746812955
0.000847094236
0.000848781787
0.000525903186
0.000235294043
0.000243959543
0.000841070614
0.008597811716
0.000238270621
0.001192039514
0.000246523323
0.002695430251
0.000850978109
0.000246879357
0.000244696849
0.000236940511
0.000234932507
0.000233948258
0.000241879336
0.000236796479
0.000820916252
0.002945253207
0.000240804666
0.000244818316
0.000242172009
0.002024203921
0.000833268518
0.000531539856
0.000862520147
0.000234873449
0.000244051722
0.001126401396
0.000235479611
0.000844653517
0.000236241296
0.000819697598
0.002632804483
0.000236970139
0.000244863806
0.001160052555
0.001767119137
0.000238596733
0.000868821392
0.000237269888
0.000239147007
0.000234987844
0.000846888329
0.000238597555
0.000838299458
0.000243196073
0.000241609963
0.00146339523
0.000236711824
0.000239484131
0.000244521253
0.000242546791
0.000241195528
0.000246539965
0.00024469896
0.000818277234
0.000236660286
0.000236838157
0.007565034513
0.00024444049
0.000241035766
0.000240133857
0.001470410451
0.000235423156
0.000234986936
0.00024309198
0.000237029478
0.00023750048
0.000243465736
0.000238260827
0.000240224823
