0.000533033176
0.004873687442
0.000235298194
0.000528287169
0.000233699783
0.000526583465
0.00023913774
0.003395832499
0.007988238194
0.005185666537
0.000245909805
0.007218400765
0.000238022534
0.010927171639
0.001564495472
0.01430106284
0.002395837008
0.001750377229
0.006339815922
0.013446656826
0.051046835376
0.00503722038
0.000237910665
0.000535134296
0.062207278548
0.000241801331
0.000854773567
0.007777933911
0.000238788156
0.000244418253
0.003333231217
0.000247356664
0.00053573931
0.012067231098
0.000235907949
0.000236167775
0.00023768334
0.000244205577
0.006011398223
0.008778380706
0.009362188821
0.013708924484
0.015751159589
0.019199143743
0.000241003167
0.000243461404
0.000244429794
0.010923918903
0.000239775433
0.001436467106
0.022002735877
0.024913343696
0.000527955805
0.000530590594
0.007134712794
0.025919547065
0.058077769222
0.007222323522
0.01098560466
0.013499144686
0.017456194179
0.000236561628
0.004696099938
0.000234731498
0.002009054782
0.026988727869
0.031276781246
0.000530670725
0.00506588405
0.000238620199
0.003640999432
0.000242120422
0.000239654825
0.012173377779
0.003597005177
0.000246359987
0.003596953235
0.007128589197
0.004610114941
0.00024210251
0.000244061806
0.000528924448
0.007019405495
0.027712247127
0.000238692815
0.005328414801
0.000236805679
0.000237608669
0.000532902338
0.004376900261
0.011890982851
0.012766001703
0.01510987837
0.000234814149
0.00140301456
0.003466944225
0.004644113249
0.000534449101
0.004877386789
0.014370326736
0.000243864993
0.004823739412
0.005772539874
0.010154580655
0.000237490276
0.006365412996
0.000832183612
0.011260434973
0.000529901193
0.021873168945
0.030976112157
0.063466611944
0.00848824347
0.003510396535
0.015877593431
0.018731368435
0.00024545273
0.001144806886
0.000240564361
0.002688278343
0.000244665422
0.006961068216
0.024714536111
0.001997243601
0.004353924267
0.004936257375
0.000242076999
0.000526178743
0.005696869479
0.000238962009
0.000244998831
0.00024627299
0.008129924475
0.087430842454
0.000244686681
0.001765097371
0.000246451568
0.004244805499
0.004497709267
0.000237102974
0.010557487836
0.019938538657
0.00626440347
0.000236482882
0.001416758054
0.001108104709
0.00111152295
0.003772529883
0.015414665442
0.001442298914
0.005683075227
0.045206949862
0.003173274281
0.004714956501
0.010283961537
0.000238096013
0.000239866054
0.002969071032
0.070164824822
0.00364428785
0.000234725638
0.00721697825
0.014401004036
0.046940102711
0.000246968099
0.000823739982
0.003920762771
0.000237495808
0.00082083244
0.001172177734
0.00052811057
0.005127461206
0.000235218695
0.000839432427
0.000238532403
0.000239654631
0.00725147542
0.00783429465
0.011844199258
0.000236256349
0.000236652102
0.001166777486
0.006802906201
0.004585879923
0.000245042999
0.004224642262
0.005087413376
0.005087764761
0.000245763061
0.000240116005
0.002680824667
0.001914045913
0.00052682064
0.00081696628
0.00313603388
0.010486558926
0.006038612078
0.008106599756
0.015943194762
0.000530856153
0.001419185081
0.007433184416
0.000240495598
0.000235308853
0.003506009705
0.000532041548
0.000238813015
0.000245206734
0.001723285766
0.007181631337
0.003618855578
0.00143175169
0.03730612838
0.000234885859
0.000238501937
0.000530936003
0.001720886978
0.001412887298
0.007164404049
0.000237162689
0.006379440559
0.001731551711
0.013714668235
0.001113010533
0.028539548296
0.000236889257
0.000530778839
0.003909835266
0.049218436619
0.000527755882
0.000235187187
0.000234586186
0.001123992718
0.013545900038
0.003782701122
0.006629955513
0.017035421685
0.028914102014
0.004371567143
0.000235063377
0.002038041713
0.005296520882
0.000235825265
0.001136529301
0.000240539429
0.000241422818
0.011729112298
0.001140368672
0.004003982607
0.000235613711
0.000527206199
0.001124093008
0.000241328485
0.005395953369
0.000234727934
0.000246335484
0.005607639253
0.003917224885
0.000239370558
0.000241062681
0.001140317389
0.024510455611
0.004917608411
0.000236888534
0.001733588954
0.0002445057
0.001582477358
0.006571195176
0.006452291572
0.074246605679
0.000529087588
0.002873752654
0.005510754157
0.006093565515
0.010018712676
0.010601234115
0.01712415413
0.001940561177
0.000233760367
0.000236058359
0.000537416386
0.000826708078
0.001994222349
0.022245468783
0.000534792538
0.000241856187
0.010288897959
0.00694228696
0.000818931874
0.000534657935
0.001422063246
0.00023895936
0.008166603176
0.022591053451
0.006055249044
0.020841822812
0.022577312767
0.009606806477
0.07669818711
0.001918465729
0.005060699314
0.000241280838
0.004568706711
0.000842188391
0.01881340433
0.000537120436
0.003177647715
0.004476617088
0.000243591149
0.000244314593
0.004383346986
0.012363103432
0.00199813282
0.009148734109
0.006677866163
0.001112550597
0.001733592398
0.000242099063
0.000531588674
0.005450646728
0.000241011653
0.007445525884
0.000234733064
0.00023431671
0.003350973275
0.009767063521
0.033603309429
0.002700486357
0.000236362495
0.000819460692
0.020248508333
0.067318305442
0.002640170359
0.002652328614
0.005606237716
0.000239802878
0.013848035032
0.015824425626
0.001127324954
0.002292398336
0.000238401729
0.000530414071
0.000236697037
0.002139086353
0.006197923884
0.000530535045
0.005071724201
0.000856246029
0.000246716517
0.017707261849
0.029765665452
0.000246106838
0.000240547157
0.000239700431
0.000835398257
0.000234426286
0.003354277358
0.000242605865
0.000234889605
0.004833490131
0.000238538824
0.001429444328
0.000535246187
0.010244166184
0.002028774026
0.002918319144
0.001744135926
0.000240719028
0.000245212017
0.000534194957
0.000526263126
0.000236516482
0.000237894077
0.000235766121
0.000235216883
0.000235300288
0.003685810631
0.012597034913
0.000817203572
0.00452559935
0.012080084567
0.000237442142
0.001428347646
0.000239743476
0.005165145793
0.019726710612
0.009933351358
0.000246600191
0.002437090107
0.002683636356
0.000527378993
0.001415254792
0.003708203137
0.012466229284
0.002715553618
0.000236473484
0.000236484839
0.000246043501
0.000240285452
0.000533329296
0.009180184485
0.002602271318
0.004961966496
0.000532320041
0.002701990365
0.000538302692
0.005057115541
0.003964148972
0.002402943411
0.001433016133
0.000235553525
0.000235844194
0.008909619138
0.014086228385
0.018496815343
0.004268273553
0.000241719159
0.000851935211
0.000528440592
0.000243938779
0.039014079045
0.006508315025
0.000530326133
0.001128583918
0.003526595481
0.014454801827
0.000241575077
0.004900255203
0.002777884693
0.000241769897
0.001732557003
0.003864719798
0.011350726604
0.039109582617
0.0043381755
0.000236805914
0.002394965692
0.000239442683
0.038352732234
0.001994936739
0.004051135865
0.006091893568
0.0002350751
0.000528043953
0.000238751432
0.003976739644
0.021430211845
0.005448377799
0.001722803801
0.001778696654
0.000236845044
0.000241276938
0.000530523655
0.005222615857
0.00085039603
0.000236568066
0.000530730514
0.000236249329
0.035078669505
0.000236923175
0.001179993371
0.003536635668
0.000236520421
0.000237079851
0.000235439223
0.008093033268
0.00643566663
0.000234012153
0.002763552498
0.005630409152
0.009693201134
0.011971102435
0.000822103615
0.004890394486
0.000235712551
0.000242740414
0.000864682171
0.000239645082
0.000239813808
0.0002427882
0.00424619286
0.013660558096
0.002342338706
0.000865895747
0.000235680335
0.000526275789
0.000240239756
0.000245445051
0.000526854205
0.000234095834
0.000238512473
0.005027324074
0.000245344776
0.001793632067
0.006983151433
0.00023798147
0.00280202189
0.012119092839
0.000244107086
0.000235217154
0.0008668198
0.000826212851
0.008491674191
0.009529109957
0.000830419113
0.000237154395
0.000238189535
0.00023931523
0.011344209542
0.002828261662
0.004818008955
0.000247637282
0.004151428288
0.006938475406
0.000242502487
0.000845411314
0.000236655307
0.001138318655
0.000242380012
0.000236383453
0.001148533567
0.000242732666
0.005146891313
0.001139674002
0.024174446782
0.00024661359
0.000245263452
0.019273621129
0.000834866807
0.000237216136
0.001139067671
0.000243585795
0.001165272803
0.000239991918
0.000246442428
0.001139207661
0.000240033985
0.000246101296
0.000239314455
0.000239612785
0.000234701347
0.000856567276
0.000528840893
0.000238879065
0.000238507339
0.012515789818
0.000237599231
0.000246071862
0.000841760597
0.009548505584
0.00703882324
0.000236150957
0.000244697181
0.01327282398
0.018842131602
0.000236676219
0.000845003929
0.00144556557
0.000245701796
0.000241191401
0.00083016039
0.010716364716
0.00584099663
0.000239677455
0.002027561169
0.032204943407
0.000246762636
0.000238991131
0.000239642223
0.001429180473
0.007578810422
0.000245862065
0.000237725761
0.000242859868
0.000243293899
0.000234568136
0.000241887323
0.000241536812
0.000851157476
0.038101721424
0.038991019766
0.00024022493
0.000246828113
0.000240181474
0.00083547075
0.009321071429
0.000868881557
0.002363018489
0.003579277492
0.077482846916
0.000246142381
0.000236471487
0.000864891029
0.004428454666
0.00081859702
0.000245525982
0.000235502092
0.007548674362
0.004202653975
0.067183937227
0.000830644429
0.007040564383
0.000244814082
0.004639310688
0.000245766218
0.000246326113
0.000246620868
0.001110917687
0.002592124655
0.005402440315
0.000234861391
0.058379345168
0.003973001219
0.051830655204
0.014288729005
0.017510918503
0.000241672126
0.004716757146
0.000240140222
0.000234668023
0.000528296262
0.004294308498
0.000237377442
0.005673204832
0.001496446387
0.000235286988
0.000241740461
0.000241799327
0.002864423436
0.000235665246
0.004578945983
0.000243958709
0.026614471033
0.006411295446
0.020972793103
0.002600400998
0.00523743485
0.000242985457
0.000239304786
0.004244658049
0.000236912673
0.000234323602
0.004606449377
0.000240771036
0.000836655234
