74
73
95
69
58
51
57
50
34
107
93
83
90
77
83
61
83
76
82
123
72
111
73
93
112
142
116
129
113
162
158
169
143
73
167
90
82
145
203
176
69
194
81
65
44
61
138
135
125
153
92
148
140
112
112
93
130
92
145
117
124
86
107
121
118
108
136
105
91
120
127
259
281
336
338
157
142
161
287
102
124
123
304
110
215
236
178
180
254
262
313
152
101
515
107
162
394
127
449
111
164
139
445
358
40
75
293
75
334
42
68
48
124
115
130
115
86
80
88
91
85
88
328
87
271
63
330
302
67
245
222
65
278
312
58
192
62
251
202
180
264
245
55
48
29
28
12
17
6
10
