74
73
95
69
58
51
57
50
34
107
93
83
90
77
83
61
83
76
82
124
72
110
74
94
107
143
115
131
112
162
155
164
143
73
167
90
82
151
203
176
69
194
81
65
44
61
137
133
126
156
93
146
137
110
110
95
130
93
147
118
126
88
108
122
118
104
136
107
87
110
128
250
281
334
334
147
132
147
299
104
118
111
310
113
227
230
183
170
260
267
356
127
85
508
77
143
412
105
445
126
146
144
433
365
44
77
309
76
310
48
69
50
129
115
135
113
96
92
92
89
85
83
321
85
265
67
341
304
70
248
217
62
288
330
61
186
57
248
213
182
261
255
56
48
28
27
12
16
6
9
