208
202
220
226
57
52
51
49
47
58
119
69
50
126
48
60
53
41
46
36
55
63
63
70
69
72
61
74
74
69
75
73
55
51
48
66
72
220
85
172
72
170
74
105
78
95
219
169
239
227
144
258
60
158
191
125
104
85
131
106
124
132
114
122
174
127
103
128
144
91
123
107
132
113
79
75
97
99
125
92
79
94
112
105
131
112
104
115
98
142
131
124
267
153
138
141
93
274
258
130
64
137
97
141
101
127
112
120
139
156
136
262
136
152
150
201
159
196
163
163
179
173
186
182
194
191
226
159
504
435
239
150
163
343
169
417
182
115
126
112
163
146
183
218
204
209
202
235
261
280
284
337
335
316
480
383
158
192
191
400
427
279
93
144
399
146
304
371
360
275
324
240
317
245
311
262
272
264
265
287
256
277
47
116
296
82
48
109
256
302
283
77
319
343
346
40
49
348
70
61
