214
238
191
209
42
34
33
38
34
49
115
70
54
100
31
70
48
39
42
44
50
44
60
66
61
68
74
66
62
64
72
67
84
63
51
62
62
230
85
168
60
154
80
117
66
98
204
173
197
230
155
242
56
164
184
118
110
94
128
91
118
121
93
107
170
127
103
121
125
88
131
90
122
108
87
80
86
101
132
86
90
87
98
97
107
112
111
120
108
126
107
116
248
149
126
130
86
249
246
130
95
148
72
188
112
152
146
132
136
153
134
268
129
150
160
225
159
175
153
185
151
163
173
155
177
197
205
199
516
411
237
224
198
378
197
449
172
113
104
110
140
193
199
254
204
183
188
272
257
290
301
331
334
395
539
371
162
186
222
408
446
274
96
164
412
172
267
378
349
257
307
247
296
294
306
275
297
263
252
292
292
344
65
128
305
110
57
131
305
335
328
82
339
347
368
50
56
344
94
70
