13
30
20
29
10
6
13
13
10
13
40
24
20
29
17
21
19
21
25
23
21
21
27
29
25
24
34
28
21
29
29
28
35
44
26
36
23
1
30
0
38
2
48
2
44
21
3
27
41
41
37
36
18
36
33
44
31
28
39
35
35
29
39
42
44
38
38
45
43
35
25
36
39
38
30
25
31
28
41
26
23
37
48
49
42
47
46
39
35
34
33
35
8
84
71
83
28
9
11
69
29
80
22
33
23
30
30
20
41
37
41
95
25
40
42
114
17
23
20
43
20
18
24
14
16
20
104
75
27
20
102
23
82
39
90
48
54
35
25
32
32
43
73
57
53
31
59
40
64
50
54
66
71
56
53
27
77
80
91
44
81
42
63
70
33
65
48
86
88
59
83
50
76
70
73
60
46
47
53
47
40
57
42
49
46
55
27
48
40
47
52
49
45
54
48
33
25
51
36
19
