26
20
23
33
11
8
15
12
8
14
35
23
18
33
15
18
15
11
17
20
24
24
29
39
24
27
28
27
26
29
30
23
23
36
28
39
27
1
26
1
38
2
43
2
41
17
3
38
13
10
39
12
18
44
36
36
36
24
48
41
45
29
36
42
38
36
39
45
48
39
38
40
39
50
24
26
38
25
40
36
22
37
41
39
39
43
40
40
33
36
38
40
10
75
73
81
30
14
8
66
26
65
28
35
35
38
35
21
37
44
51
84
39
45
44
109
21
22
19
42
21
19
20
18
25
16
90
69
26
15
108
21
61
30
69
44
56
26
32
28
32
37
64
53
69
33
62
38
62
54
48
70
70
49
52
22
86
93
78
43
77
37
54
54
34
71
49
67
88
66
95
53
68
59
63
62
57
57
52
52
44
52
35
59
47
44
21
43
33
43
41
32
48
56
54
30
22
50
39
15
