0.000234967641
0.000535576936
0.008580516077
0.000235726303
0.012682765098
0.048077000603
0.000533222408
0.01655618374
0.000237731907
0.000238124164
0.000241169106
0.000535751339
0.000234500848
0.041746689549
0.009692403976
0.012367375594
0.000244322173
0.000245380764
0.000245040497
0.004689168472
0.042118516835
0.020801142039
0.032450137326
0.082489564269
0.000234799598
0.017575786591
0.055679202109
0.000238613937
0.009131834409
0.000238405791
0.000234917336
0.030585535503
0.036703392639
0.000236007866
0.04848235503
0.000244779443
0.000247068423
0.011311507247
0.02794785774
0.007065161066
0.000236406941
0.005118874538
0.010409807356
0.000239990525
0.006988499091
0.016764865748
0.061298861679
0.065756722474
0.047349631201
0.054156311771
0.000528651364
0.00053137931
0.009360189803
0.028471905643
0.060555284177
0.005450971778
0.000237294865
0.000244432067
0.021595999553
0.030390563395
0.000529089154
0.02395847668
0.107631083748
0.000240230975
0.014193145746
0.00601071254
0.00023449447
0.000242487527
0.008989604407
0.000527125548
0.008894294527
0.005489846711
0.017060798332
0.051370664024
0.00023492358
0.005663810162
0.005996565486
0.016245211974
0.028216757889
0.03203043043
0.000237849478
0.000234380391
0.009416322004
0.03033224417
0.000234357221
0.000241537489
0.000532638871
0.014520090353
0.000531111745
0.002292709562
0.02783507889
0.051317546467
0.066142955924
0.000236694156
0.000243388107
0.000529786141
0.00312211313
0.010194630387
0.000238175254
0.000527251168
0.019347123749
0.000236935949
0.024427580961
0.000238083533
0.00024356267
0.014804633668
0.017425479406
0.045857269947
0.009984971096
0.015701148704
0.000529058965
0.021130455068
0.010267930584
0.036867757449
0.059432216309
0.002925080276
0.006472575399
0.011429131106
0.002640587513
0.01835813414
0.014864830565
0.021814592143
0.000244952279
0.000245759304
0.008073259175
0.039695119169
0.01670509361
0.027207101779
0.04107309367
0.009525166036
0.024136023331
0.066142190413
0.000235285186
0.028667610431
0.00023663957
0.000237817358
0.00052884921
0.005629165558
0.00024138016
0.051822086109
0.052695206639
0.059393239068
0.004422802736
0.025130673406
0.000534212181
0.00926997941
0.011107127856
0.00024536562
0.002755629587
0.016094450055
0.061841043731
0.000234773792
0.012146167021
0.000235844596
0.005656723055
0.014750779789
0.0002334085
0.007720059327
0.05210149846
0.00023773525
0.016721045638
0.067939003138
0.000241198588
0.020906366531
0.027138268306
0.038628153946
0.000236990974
0.000530345608
0.008396045923
0.000237122611
0.009182334296
0.003870938796
0.005505895751
0.025612895104
0.05407986569
0.011327195584
0.000238088833
0.006968012003
0.000245374145
0.049047512444
0.072932296436
0.001415252595
0.011734931118
0.035623433456
0.002611011822
0.005132896967
0.000245486808
0.003670264905
0.003528423954
0.000234325794
0.000817741405
0.008569898487
0.00024679859
0.000237668907
0.003457756432
0.045982128795
0.074780815145
0.000243314864
0.008630896574
0.000535940993
0.012102106942
0.000243876324
0.000235383107
0.000849011786
0.011791937549
0.003736258877
0.006967951958
0.002567056322
0.000239404324
0.00697758239
0.011838800099
0.003303633083
0.00024664964
0.00414713306
0.00388639721
0.002637438759
0.005588231876
0.001278277436
0.036024935646
0.003704000422
0.03381307428
0.090315977075
0.002598678261
0.007993792229
0.002034146461
0.006244479525
0.00024485424
0.000246063143
0.011718112534
0.068457968958
0.000818008414
0.004671511891
0.00024575621
0.005139428618
0.073581530131
0.002879163652
0.008312270673
0.013290001387
0.064042421057
0.000239058191
0.001141303595
0.001402207673
0.006424926922
0.025473662416
0.00207876317
0.009605447363
0.000525348497
0.000525714073
0.000817855767
0.001908258835
0.009257359117
0.000236562394
0.002478985161
0.009301368759
0.042892691016
0.001597010071
0.030813634918
0.000238021198
0.009469424842
0.015556910851
0.006261179757
0.00024181436
0.023098053418
0.00170066295
0.009481066979
0.000234189997
0.000527121107
0.01558478548
0.000533085414
0.006957266103
0.013441085287
0.027678450888
0.014566152877
0.000239027014
0.000530229707
0.000234167471
0.005799012903
0.000240465122
0.000533487165
0.004879749991
0.000239728683
0.000531567362
0.002290298002
0.00636947279
0.011375157445
0.000241119087
0.001110865165
0.00638324343
0.058046573479
0.000235443392
0.004084302711
0.004680247311
0.000835123817
0.000235060369
0.004491289548
0.008575979441
0.018065852674
0.000849890046
0.002071063769
0.000242292191
0.000245420928
0.022900519689
0.024518646131
0.049624209022
0.000240624788
0.000825570959
0.000526810102
0.005000984412
0.000237276773
0.000530817914
0.001114683615
0.000529740075
0.002039657094
0.016068122043
0.002086795928
0.000525277947
0.00287314849
0.010416001879
0.002585476511
0.00405725397
0.00024073882
0.015334055264
0.000246642439
0.000241967016
0.018173144058
0.028615347493
0.006358889461
0.006943448465
0.00083825035
0.001421249831
0.00792295085
0.035726804861
0.002089249235
0.000837450372
0.00927755357
0.001141247603
0.006298244139
0.00053073509
0.001140631676
0.002576133741
0.016075561278
0.029753686145
0.051595852698
0.000534868656
0.000825031249
0.000528454329
0.005305683734
0.000234362472
0.000525859042
0.000818155934
0.000240010772
0.00670181189
0.009208696811
0.000242371988
0.004287258452
0.004555930415
0.001127090516
0.02100377436
0.000234942081
0.000527231193
0.001109852232
0.008507966933
0.000244330327
0.000235697697
0.006686644546
0.013585846699
0.02281408097
0.011420753694
0.017305350093
0.024480706488
0.000529079367
0.005056762175
0.001401911849
0.009805800302
0.030327282313
0.000525735912
0.007802011395
0.069441088087
0.000238477196
0.000528903773
0.007793370555
0.014060456532
0.000236723413
0.000525303832
0.007814703067
0.011346612318
0.000236776374
0.000532138094
0.012152907418
0.000242892874
0.001162210835
0.000233377317
0.000244342068
0.000525894147
0.003276217405
0.000234553005
0.000240457551
0.005700487548
0.00053202635
0.007679391844
0.000244057032
0.002081306081
0.000235101507
0.00023374773
0.000526468948
0.011288211637
0.012047343569
0.000234749851
0.000235358999
0.000526228474
0.00081822231
0.000243829348
0.000238779836
0.000530519444
0.010527865993
0.000240476416
0.000532214303
0.003970328232
0.000235877038
0.000236649099
0.005140258364
0.004219066374
0.000235962641
0.008992276667
0.011642305105
0.002030549796
0.0002355001
0.000235699813
0.003770124781
0.049995888062
0.00115851436
0.000242076418
0.000825730464
0.000238208671
0.005191160824
0.00813097944
0.012502985135
0.000235881071
0.000236831261
0.001425085265
0.007215675963
0.020548587284
0.009500366166
0.013287759607
0.023868933774
0.000239403745
0.00881000557
0.011886739394
0.015383585829
0.000245770146
0.006701085314
0.010808716657
0.025288135303
0.00023609647
0.000246256252
0.000529115126
0.000245675825
0.003386312068
0.013798375142
0.000819258497
0.000234239973
0.010684882598
0.0002403227
0.006705569269
0.000235935956
0.000246492867
0.006779684861
0.016695717268
0.000533666264
0.000244211869
0.003658054766
0.010448739821
0.0136650893
0.014538978603
0.029582482976
0.004606526991
0.000234444337
0.000235801192
0.000235473723
0.006532760925
0.000530936895
0.005159111774
0.005601824768
0.00024589072
0.000525782197
0.001691788763
0.004315743077
0.005775162597
0.020264109745
0.00024137044
0.000242410501
0.000532704798
0.002317905127
0.01661908817
0.000241585108
0.000234011338
0.000526360214
0.000234649337
0.000524935205
0.005950650376
0.000236143754
0.001119506716
0.017885898252
0.000241891768
0.008216121288
0.00879854517
0.022888371881
0.000238540913
0.000241747989
0.006166808034
0.015197647608
0.001114696295
0.007482249463
0.014987686625
0.006520325665
0.00023570161
0.000529361529
0.004726130491
0.000234139104
0.001109304842
0.002274489381
0.000237586389
0.008352555092
0.013634178422
0.000246492941
0.001123347568
0.011878588325
0.000246519283
0.003829984005
0.010240351191
0.019089520078
0.005406247511
0.007396872731
0.014639265324
0.007706981158
0.000827719036
0.00170195219
0.00082015977
0.010527590852
0.009268009708
0.040969237689
0.053250732515
0.004029348844
0.00023722342
0.00141877323
0.006469489621
0.025755294151
0.000234513885
0.000527566843
0.015107332744
0.000243634851
0.003754199135
0.003974255446
0.011162952631
0.061974161898
0.000246769408
0.002795001668
0.00023408489
0.000820723263
0.001415819151
0.001729848709
0.00082355461
0.004386064663
0.034987971068
0.000237856841
0.00052968485
0.004082976446
0.000242342817
0.002232300845
0.000243291378
0.005452439367
0.00081871644
0.002960977383
0.000245613047
0.000236844196
0.005661274799
0.008408836152
0.000526761244
0.00209900169
0.003492117499
0.011652426649
0.000238839571
0.000531301779
0.003455742778
0.000240649878
0.000242180588
0.000242332556
0.001172506104
0.018000683483
0.006542046093
0.005492382456
0.012583383716
0.048514852254
0.000526150365
0.001996913867
0.011084355784
0.000236127399
0.000236734164
0.000238808332
0.012331056922
0.014954187884
0.028989291649
0.000525863623
0.008700153265
0.000236063583
0.002077570185
0.002049621734
0.000526347895
0.009580724573
0.011972149398
0.009975882808
0.010795493302
0.000245888229
0.004872509043
0.000234610169
0.006990428949
0.00023761161
0.00023881523
0.006157832904
0.004073138369
0.013866550503
0.006096765033
0.011435790515
0.00024562589
0.000246231989
0.000234907174
0.007979937203
0.000236327391
0.000820862247
0.000242262391
0.000241391467
0.006042047605
0.018800722304
0.000239688934
0.001114475872
0.007102583532
0.000237034173
0.008321429024
0.022525454941
0.00144410196
0.004523444437
0.046854693308
0.000238328076
0.001117318072
0.003782971493
0.007298172713
0.000238518984
0.009502421157
0.009793618642
0.001171648408
0.011519878985
0.000529248061
0.000241515819
0.00415984566
0.010175542573
0.004272465193
0.001156365409
0.000526770859
0.002035547522
0.000241593206
0.004593196376
0.000245403887
0.008232324227
0.02585983528
0.000246127946
0.008505621616
0.010798236541
0.011673169164
0.000235547464
0.018676457093
0.003750316296
0.008268093977
0.009983713166
0.015848589264
0.015248298631
0.000240958112
0.005945388063
0.008867576882
0.00024282141
0.000246504892
0.000239988992
0.002065749909
0.016188036788
0.000244728012
0.002426509184
0.001491300199
0.00176159121
0.004146037533
0.014603910603
0.001113619499
0.01148334683
0.01675684053
0.000235694722
0.003492444899
0.004368754467
0.010817868788
0.001452691534
0.001421371091
0.009578554312
0.000245231178
0.000242283337
0.000822557592
0.002293303709
0.015653943902
0.000235729922
0.000239150997
0.010799604987
0.001742585232
0.009285857275
0.041680484302
0.001420056157
0.017014417779
0.000236900726
0.005012956287
0.010001762186
0.010596411915
0.001448901868
0.000533470131
0.006855739499
0.00620668413
0.000243732677
0.000850456739
0.001726494
0.003336634917
0.001939807431
0.002899966125
0.004661466451
0.000243140684
0.005868727788
0.012794642023
0.015719436321
0.000860094691
0.001736902299
0.009711432823
0.014581904876
0.014582591906
0.001153178023
0.000236402337
0.000820787574
0.00272310245
0.000235715707
0.000859158541
0.006179766377
0.047839176155
0.000239136157
0.001487236889
0.000843387731
0.011359837641
0.000240383908
0.00084081828
0.003806862419
0.002305205786
0.004634907925
0.008750917997
0.000245356846
0.001111732201
0.005238261235
0.000242672594
0.010367223963
0.002023519213
0.000245296458
0.003951668956
0.000238838816
0.004338765177
0.000241375036
0.007625863252
0.012485252115
0.018832348391
0.000233306086
0.000818301675
0.000527046146
0.001110425465
0.001694716354
0.007640249433
0.000240934054
0.000532610633
0.003915923254
0.000239346641
0.001156269637
0.002326790892
0.000238796097
0.007359637407
0.008551974265
0.001510508694
0.000241572988
0.000532405765
0.000846742957
0.002665753171
0.001108252727
0.002288529431
0.009870967079
0.001116218608
0.000526150041
0.003265016542
0.000240438298
0.000241841168
0.000238102161
0.000243818709
0.001771836526
0.001464575293
0.00354294685
0.001110085444
0.002277360046
0.00023997979
0.002687694137
0.000242726463
0.000242475973
0.004616956719
0.000234157207
0.000830208134
0.001709133054
0.006079303545
0.00902914027
0.000235850902
0.002023748585
0.001788452777
0.000242739426
0.000240580585
0.001810150971
0.000858223206
0.001111942031
0.004901902323
0.007641346695
0.01604918612
0.005544796045
0.000237235962
0.00024123059
0.000528684193
0.000237995994
0.000530487172
0.00328251225
0.005812072038
0.008723070551
0.016745121533
0.02106659671
0.002624347748
0.00498113886
0.000246641481
0.000235480772
0.003055667802
0.000837430176
0.000823682436
0.002888937803
0.006688620598
0.01572285783
0.000237876918
0.001151846191
0.000236296704
0.00024550947
0.000244967438
0.000829901801
0.002450861374
0.000234126012
0.005021387008
0.001419841078
0.002294018688
0.000237946527
0.000246345981
0.000240848375
0.00084253444
0.000526538079
0.002952949272
0.002358292549
0.003814699882
0.000238309843
