0.000241234808
0.004988206516
0.000235599337
0.000528500436
0.000240709133
0.00053273293
0.000238178138
0.009426856598
0.000242285635
0.008874204767
0.000246366323
0.015300919254
0.007732381421
0.001136280834
0.008614298691
0.001816183347
0.001131412019
0.005617256942
0.009949485398
0.060825132539
0.000246184289
0.003895171039
0.000235175081
0.001122120855
0.005878782039
0.002575085169
0.000247386939
0.011722856849
0.057199879546
0.000239488514
0.000242222677
0.000239548611
0.000239590831
0.007457675996
0.008040068875
0.010080683849
0.007157648519
0.008210547323
0.005701053125
0.000238723303
0.008326100481
0.000238725354
0.002007726741
0.005430725118
0.009471095808
0.000244855367
0.000527212852
0.039416046122
0.043229476234
0.006618034964
0.011055407814
0.011928928
0.017315608502
0.00024665979
0.005659358619
0.000526431136
0.004174528713
0.010230529825
0.022387797292
0.001112463368
0.009648566523
0.000238625356
0.004261175819
0.004096217561
0.000241273113
0.006839351814
0.006759498666
0.000238158181
0.003245085862
0.004131120173
0.00634645392
0.009908768443
0.000245702161
0.000531251062
0.009403066988
0.014008984736
0.000234648158
0.004891400487
0.000245820672
0.000246539932
0.000529582068
0.005578859909
0.005293592602
0.006639267605
0.049198494059
0.000530545313
0.001404924711
0.001988830753
0.012277226731
0.0002476048
0.002205772021
0.031490003421
0.003639076539
0.000237544596
0.000833733769
0.009330361097
0.000244529625
0.005828677554
0.000241060266
0.000824647299
0.01511010971
0.004955844401
0.00024491217
0.001147992989
0.014938950602
0.006437180238
0.005571913758
0.006389291167
0.017831099662
0.000239569769
0.001494914043
0.000242242397
0.013432898016
0.000239430628
0.005188085713
0.011787856828
0.005838986132
0.009892863061
0.059610833009
0.000237731518
0.000841700216
0.006238687759
0.000239687885
0.00669145467
0.024477586432
0.06585396486
0.000246788883
0.002048623334
0.000233466779
0.000241943845
0.007749232971
0.000234665129
0.005024194791
0.000236460023
0.000246612726
0.00250948184
0.012455348383
0.006616707859
0.000240897899
0.001117293736
0.001112163078
0.001420518217
0.001712940273
0.002322324671
0.003816774371
0.001408633617
0.038564262301
0.000235073716
0.002985557142
0.000238899654
0.000235584708
0.000234909286
0.020595713454
0.027764809723
0.000245304512
0.003896734524
0.000238692375
0.000529531595
0.001317170222
0.000241259833
0.000234826133
0.001781625398
0.003750717137
0.000242455758
0.000826619292
0.000854274137
0.000527257766
0.005232533004
0.000233759137
0.000531645116
0.002093379759
0.003945865141
0.005745447794
0.012521925217
0.046929808644
0.005495286007
0.000246344983
0.00024399707
0.003957821556
0.000242053065
0.005265383121
0.000529279199
0.004497515102
0.039374299156
0.04703649968
0.000233441455
0.000531536451
0.006637515831
0.002062696031
0.000527037677
0.001729208911
0.003475913397
0.028156602973
0.001407617757
0.00587646848
0.007596201712
0.000240934542
0.002005189453
0.009700889615
0.000529506721
0.00351199198
0.00515786793
0.000527543008
0.000238640592
0.000239004524
0.00464749037
0.010721521326
0.000246611256
0.004923610148
0.000244520421
0.000527491055
0.0057830837
0.000236001675
0.00052821048
0.00052933154
0.001694391915
0.001708759068
0.003801386857
0.000239771614
0.008452363101
0.002899138448
0.013872045268
0.000530669992
0.005858388573
0.000530341022
0.005630546666
0.009379346216
0.028127906628
0.000527239581
0.000241143832
0.000237014728
0.003673350434
0.008268399754
0.000246770191
0.004859778076
0.000241902235
0.006580055508
0.00471751464
0.000235250933
0.000527286044
0.002583749015
0.000238685321
0.002090375169
0.000241128199
0.000242008044
0.011821253879
0.001407824794
0.002003925301
0.000242645562
0.000531591329
0.00023894675
0.008157108304
0.000239001461
0.000240077432
0.003679615225
0.043589217597
0.052487849647
0.00023436527
0.000526804359
0.001111009112
0.016146042679
0.003307380294
0.001148345333
0.000234573082
0.000525706244
0.00111277285
0.004785546109
0.010407666701
0.031342480583
0.000240387923
0.001710303116
0.003989179475
0.001428283642
0.008704467188
0.016216109099
0.000246946992
0.000238955993
0.000531710472
0.00052591854
0.00581537628
0.016182870006
0.000240023764
0.000530009979
0.000822337164
0.021550152893
0.003319672725
0.003637336222
0.000527156919
0.001135367557
0.000238024527
0.005300718733
0.032708624211
0.004076752054
0.012880844329
0.016266173869
0.006575443991
0.021392222321
0.007247436548
0.032537567893
0.058971793921
0.015578715371
0.005492063254
0.003472118013
0.006255886967
0.062857188304
0.000236316337
0.00082459128
0.00140767157
0.004719943242
0.000243192898
0.000243916589
0.001421143784
0.025603703256
0.001694352009
0.010458158038
0.009160487465
0.000235777238
0.000819706004
0.002276428785
0.000234013463
0.007940882651
0.000244020305
0.000240453544
0.000243854124
0.011087237769
0.026816673648
0.041697447153
0.000241759302
0.000233257549
0.000243789488
0.000526032324
0.000526739968
0.003013005801
0.001466178865
0.000235149795
0.000236241729
0.000529355197
0.00380697581
0.000242556189
0.000534141337
0.00230915059
0.000239186565
0.002078132517
0.000234695131
0.002412006275
0.007880656927
0.004820981508
0.000237472804
0.000533209081
0.001114134002
0.000234814732
0.000242474778
0.000246175614
0.00085487344
0.00023531336
0.000819507631
0.000238372959
0.000234496037
0.008359664758
0.000243240147
0.000826107532
0.001752425329
0.014736594073
0.000236415136
0.001423123419
0.002005988398
0.000239210444
0.004540323546
0.001137902972
0.002679530155
0.000234744463
0.000526678782
0.000236413759
0.000531561687
0.001115065432
0.003665755212
0.000241971725
0.000819841043
0.000534446601
0.007898105595
0.006444569853
0.004101338249
0.006013376889
0.03752473833
0.000237856624
0.001141780294
0.004356522352
0.018050273445
0.00269351167
0.003276900938
0.00422187478
0.000234171377
0.00052630087
0.000239166475
0.000237372181
0.001151153497
0.004763428852
0.012339764252
0.000234930327
0.000239257784
0.000529954343
0.000234410543
0.006357935349
0.00244730263
0.000244415449
0.00081691375
0.011263016464
0.014542722121
0.000238791825
0.005258333271
0.009060274214
0.036089508434
0.000534688281
0.001122149191
0.01405874458
0.000242773717
0.000238688994
0.000530145456
0.016589138366
0.000242517156
0.001118772815
0.001124091691
0.006710817461
0.000240832365
0.00083298145
0.000240499622
0.00053567241
0.00023660799
0.004165495454
0.010362356736
0.003266857444
0.008505901419
0.000246309032
0.000238668537
0.001127107953
0.004351335417
0.020935631485
0.001129271933
0.007721860394
0.0026480677
0.00627181179
0.011516409643
0.001145375226
0.002312402317
0.006336448274
0.009531741246
0.002560292658
0.003767243292
0.001145530018
0.000245938562
0.000242279566
0.003692348117
0.002000126381
0.004333139111
0.00789276793
0.001125756182
0.002607341466
0.001135612583
0.002340763102
0.000246625799
0.000846494529
0.003268969326
0.015263072767
0.000526935206
0.001401905595
0.01064491456
0.000243287103
0.000242071682
0.000237445972
0.001138962241
0.000239419491
0.006013020801
0.000242296079
0.001147826835
0.000235151577
0.000528052711
0.001162750815
0.009653326708
0.005129732912
0.00023615984
0.000531406641
0.00024383625
0.001439355367
0.000244637408
0.000246617996
0.000237130409
0.000529182657
0.000238255502
0.045955465197
0.002415026611
0.000234717603
0.001125709908
0.001720815034
0.002912173539
0.013503881108
0.001140669744
0.00447242085
0.01392781946
0.030487270643
0.006790747962
0.000526995808
0.00615704501
0.000857783623
0.000240109851
0.000244339558
0.010023183177
0.000837721113
0.000822807448
0.000247441043
0.00083074384
0.006217401475
0.000528440525
0.000245737239
0.000246611327
0.001171761441
0.003658500774
0.000240054962
0.000236005186
0.000846065662
0.004776441641
0.000235285416
0.003888334101
0.038405323105
0.000237506027
0.000238292669
0.001139985494
0.000239376353
0.000235880073
0.000241362983
0.011047977826
0.000240265206
0.000865666878
0.000235937785
0.001426365598
0.003554836502
0.000240869701
0.000239357229
0.00053480523
0.000535255907
0.001116194099
0.000533379855
0.000243313123
0.000234394903
0.000238872687
0.004891292223
0.044706515432
0.000242012932
0.000242909426
0.00085123386
0.01036447523
0.000234870471
0.000244174054
0.000238740682
0.004240847153
0.000242413579
0.000235998373
0.000236193609
0.000234756839
0.000235591098
0.009498677968
0.000241666337
0.041288897125
0.000234976791
0.006616966088
0.000243101824
0.003622922551
0.000239248913
0.021575958584
0.055450733743
0.000246677232
0.006894693795
0.001149664005
0.000237325756
0.013512603774
0.008622582102
0.000243102602
0.000236000581
0.011130802498
0.000823172644
0.00585834895
0.000856017321
0.005201244661
0.000246099044
0.000234883121
0.000238557549
0.001816435579
0.007263731958
0.000239740516
0.008266958203
0.000234657483
0.000236521521
0.00023744079
0.000238140587
0.000241429079
0.004615834486
0.000241737704
0.000242012461
0.000838135669
0.00262599249
0.00546728209
0.00602800178
0.002419614065
0.000862776293
0.024267412447
0.004901682224
0.000243941463
0.000245030318
0.000243051609
0.007510602096
0.000818449806
0.029241371553
0.071689884132
0.004511439285
0.000241478783
0.000242304865
0.000239223624
0.00023890055
0.00024539725
0.000237438568
0.000529425314
0.002379210582
0.00023959105
0.005540523339
0.000242182831
0.000239592225
0.009110862411
0.007698857435
0.000236432993
0.002036890816
0.005735862392
0.000242388755
0.006630406466
0.000234524105
0.000242651742
0.000235542134
0.007180767512
0.000245514408
0.0002367977
0.000854347003
0.003556224834
0.000236275747
0.003754378625
0.00023653264
0.006960862974
0.000245196278
