0.000243074004
0.012496102326
0.003528007267
0.000240998633
0.000242497762
0.000244655187
0.000246683095
0.006184359257
0.000236664828
0.009942590005
0.000243660955
0.004478336736
0.000240184147
0.000241657297
0.005019961901
0.00024579613
0.0020712614
0.00266823711
0.005889863912
0.001125630325
0.005551377828
0.011024985299
0.023578944343
0.000246125698
0.001441810065
0.000235281763
0.000529237713
0.003644910758
0.001718148133
0.007896469919
0.000238873082
0.000237215829
0.003596524941
0.00024526856
0.000833833754
0.000245861627
0.000243902815
0.000234547853
0.000819813594
0.002046351758
0.004327087173
0.000245660938
0.001480857592
0.000239420522
0.000243354792
0.000243935624
0.000243848719
0.000233821904
0.000525522023
0.000236390371
0.000849426028
0.00201560461
0.000234600901
0.00023539043
0.00052801087
0.000236194665
0.000243745801
0.000239366764
0.004293464396
0.000244345359
0.000246388337
0.000842287107
0.000241739312
0.000235350823
0.000530543589
0.001721742599
0.000239110807
0.00053034459
0.002711473069
0.000237879639
0.000831447968
0.001117082406
0.000525779887
0.004862405686
0.000817719017
0.000241660293
0.000237378382
0.000817766131
0.002984821192
0.000528817076
0.006095341079
0.000244783319
0.001731907644
0.010147008149
0.00024463994
0.000245355781
0.002656695167
0.00052763523
0.000242281743
0.000533427907
0.001441223642
0.00053634194
0.000244079442
0.002740988998
0.000244978894
0.000236963507
0.000531430768
0.001987862227
0.000243715387
0.026300425245
0.000245009864
0.000245067291
0.000833839174
0.000245292481
0.000239088404
0.000235937852
0.001149048
0.003916294911
0.000236465669
0.000238156213
0.000246588339
0.00336549705
0.004513761825
0.000234612262
0.0002359119
0.000528827235
0.001126487317
0.002426909957
0.00024121512
0.001149707664
0.000245652532
0.000245928765
0.00024350474
0.00023913412
0.000235210931
0.001123995927
0.000246315301
0.000537352535
0.000237241676
0.000847002548
0.00024235491
0.000236704059
0.002315785567
0.003509080554
0.00242539353
0.000240581678
0.001169559205
0.00023753403
0.000236693175
0.000819116406
0.001111465273
0.000235846046
0.000845865574
0.000239959966
0.000242310767
0.000241141668
0.000240435283
0.002375229572
0.002071332763
0.001160799532
0.001117023278
0.000238829473
0.000246722843
0.038139801414
0.001477106899
0.000243724889
0.000244172719
0.001725655409
0.041106224093
0.00024254989
0.000239671174
0.008432593586
0.036723855172
0.000244796545
0.000236947912
