0.000241234808
0.004988206516
0.000235599337
0.000528500436
0.000240709133
0.00053273293
0.000238178138
0.009426856598
0.000242285635
0.008874204767
0.000246366323
0.015300919254
0.007732381421
0.001136280834
0.008614298691
0.001816183347
0.001131412019
0.005617256942
0.009949485398
0.060825132539
0.000246184289
0.003895171039
0.000235175081
0.001122120855
0.005878782039
0.002575085169
0.000247386939
0.011722856849
0.057199879546
0.000239488514
0.000242222677
0.000239548611
0.000239590831
0.007457675996
0.008040068875
0.010080683849
0.007157648519
0.008210547323
0.005701053125
0.000238723303
0.008326100481
0.000238725354
0.002007726741
0.005430725118
0.009471095808
0.000244855367
0.000527212852
0.039416046122
0.043229476234
0.006618034964
0.011055407814
0.011928928
0.017315608502
0.00024665979
0.005659358619
0.000526431136
0.004174528713
0.010230529825
0.022387797292
0.001112463368
0.009648566523
0.000238625356
0.004261175819
0.004096217561
0.000241273113
0.006839351814
0.006759498666
0.000238158181
0.003245085862
0.004131120173
0.00634645392
0.009908768443
0.000245702161
0.000531251062
0.009403066988
0.014008984736
0.000234648158
0.004891400487
0.000245820672
0.000246539932
0.000529582068
0.005578859909
0.005293592602
0.006639267605
0.049198494059
0.000530545313
0.001404924711
0.001988830753
0.012277226731
0.0002476048
0.002205772021
0.031490003421
0.003639076539
0.000237544596
0.000833733769
0.009330361097
0.000244529625
0.005828677554
0.000241060266
0.000824647299
0.01511010971
0.004955844401
0.00024491217
0.001147992989
0.014938950602
0.006437180238
0.005571913758
0.006389291167
0.017831099662
0.000239569769
0.001494914043
0.000242242397
0.013432898016
0.000239430628
0.005188085713
0.011787856828
0.002274546145
0.007320591736
0.008169773762
0.000243064913
0.000860033611
0.008736871853
0.000246096718
0.005815398412
0.015603914273
0.054447248737
0.000239513063
0.006068130485
0.000236645038
0.000241167972
0.005943718027
0.007862379656
0.000237500351
0.002902703227
0.014904739207
0.008539611142
0.000526185762
0.000817217302
0.000236118658
0.000820754215
0.00053542215
0.001701168674
0.013501413957
0.0011123184
0.011512373336
0.015682201214
0.00023816268
0.006676545051
0.000242100457
0.0002397351
0.000531851313
0.009108950668
0.030088519742
0.000241391801
0.005933605559
0.000235065508
0.000245497787
0.000528534886
0.001165970637
0.000246099459
0.000526479611
0.002087737036
0.003772091401
0.000237514667
0.000821678201
0.000840985526
0.000527039493
0.00476181525
0.000242270468
0.000527156447
0.00206289109
0.003959042557
0.003976424829
0.007653272437
0.008206744151
0.000246670038
0.000238279008
0.00391308819
0.00024489618
0.006632216928
0.000526555177
0.009832029866
0.048624170806
0.056736093173
0.000245705269
0.000234937412
0.002035420896
0.002257737577
0.000236182066
0.002087608524
0.003835517316
0.00603896015
0.002302007923
0.003633148771
0.004797925105
0.000237691875
0.001736946786
0.011973731216
0.000531505928
0.006235052804
0.008286625935
0.000538636398
0.000240459607
0.000246049392
0.004733536839
0.013594418807
0.000241351598
0.004957222135
0.000247078799
0.000530049433
0.004905401232
0.000240698803
0.000236475304
0.002354807831
0.000818803113
0.002568177506
0.000247175415
0.009458113055
0.002021989346
0.004073092248
0.00052585021
0.021005090111
0.023185432899
0.000820157025
0.005711655328
0.009509799473
0.059613191957
0.000529384234
0.001157902008
0.000240143758
0.003776267796
0.00865376623
0.000246027434
0.006629752983
0.000234680081
0.008422129704
0.001148197874
0.001850630287
0.011054132788
0.000236130791
0.002377138517
0.000238295529
0.000239175374
0.014705713971
0.002207207077
0.004272597082
0.000236902081
0.000525847848
0.000235612804
0.00478858062
0.00024057156
0.000240958435
0.007283412089
0.020174777263
0.039440464705
0.000246588134
0.000529583511
0.003661562642
0.005668171665
0.007361201144
0.001110871208
0.000240730658
0.000823709928
0.002001844062
0.007517082205
0.03366956029
0.000238767763
0.001113605262
0.004026863758
0.009284419194
0.000525979011
0.006386811711
0.00873133416
0.000238317738
0.000239402808
0.000529472726
0.000527182331
0.007906569466
0.021001053756
0.000236525686
0.000527232933
0.001137771523
0.020209225258
0.00834546087
0.004327563296
0.000237450331
0.000820744422
0.00023390174
0.00343583368
0.024660683608
0.00437104325
0.00907114878
0.034819998036
0.02084091626
0.029061433675
0.011381387
0.000239829203
0.008902411004
0.007342102984
0.012788184504
0.000239505363
0.000819472394
0.00257068546
0.004720776313
0.00024420252
0.000244926211
0.001435153406
0.022550434675
0.00231727902
0.012045456415
0.007018929715
0.000240905787
0.000824834553
0.002167635276
0.000245221958
0.000528016023
0.008820210128
0.000240026337
0.000241848587
0.000235689895
0.009569084698
0.017801116745
0.044304418992
0.000237730283
0.000235744163
0.000236205924
0.000526612569
0.004610749908
0.002063897191
0.000236222455
0.000242255848
0.000533387394
0.003815562237
0.000242518645
0.000534103793
0.002526408761
0.000525996197
0.002086962117
0.000244324974
0.002507364856
0.006879317399
0.004245511026
0.000236049428
0.000531785705
0.000233911656
0.000526442185
0.001134834185
0.00023444593
0.00023517823
0.000239069159
0.000834766985
0.000240759264
0.000824953535
0.00023825467
0.004684835642
0.023927866176
0.000238489905
0.001112377154
0.001791035779
0.005958164249
0.008469345482
0.000237915619
0.000853556484
0.002612918131
0.000240083051
0.009937473835
0.000245537056
0.001110248376
0.002743580868
0.000242318771
0.000237190935
0.000820491576
0.001999105
0.004472511038
0.000241252041
0.000819121359
0.000526731106
0.002883662847
0.006529410546
0.001695182507
0.008868384224
0.011210402323
0.000241126322
0.001460383922
0.003538164545
0.013888904841
0.000233946436
0.000526656141
0.002985157794
0.018242944289
0.004221309855
0.000240962207
0.000241812636
0.00024573106
0.000237112994
0.00115089431
0.001762132064
0.005855544919
0.000236392989
0.000245065532
0.000527089548
0.001137690537
0.000527265236
0.00656232174
0.002560020898
0.000244205761
0.001445867731
0.007990044114
0.017631650683
0.000529360193
0.010148112745
0.016787696228
0.023671575914
0.000532052217
0.001116373689
0.009116124919
0.000241267118
0.00023533313
0.000528123244
0.011742093391
0.000234419262
0.001110674921
0.001110237647
0.007485078014
0.000234474807
0.000855941118
0.000237812056
0.000532984844
0.000241270636
0.005859171669
0.008297932038
0.003037529924
0.007309512334
0.000238367999
0.000242435483
0.001143874899
0.007522497522
0.011525209191
0.001112634402
0.045408413588
0.000532529049
0.014888027293
0.001418352104
0.006385336111
0.010145832495
0.000528419493
0.006233901553
0.016881636993
0.00676456296
0.001198686454
0.000245213621
0.000239054006
0.003650122557
0.001125676303
0.003771192198
0.010842574098
0.002362073812
0.0032354607
0.001744066176
0.01161402122
0.000239963631
0.000852179208
0.005716154212
0.011346056628
0.001117575488
0.010356550756
0.000240711024
0.000238035398
0.000528818924
0.001126335193
0.000244286106
0.003998120021
0.000236165908
0.001167696664
0.000236120869
0.000529022003
0.001127705705
0.004458387491
0.009836365816
0.00024256474
0.000537811541
0.000238459898
0.001153346336
0.000242364593
0.000236591565
0.000245383231
0.000537435479
0.00023880432
0.037275269662
0.002368498193
0.000243499153
0.000817456063
0.001981609498
0.001437197066
0.013708103164
0.00111680404
0.004661403141
0.008014351396
0.064717509085
0.000839522307
0.005389611943
0.006466141569
0.000852659951
0.000239022087
0.000243251794
0.00448137807
0.000858865684
0.000861182562
0.000238717171
0.006541234194
0.000530343962
0.000243002806
0.000247164553
0.001133314667
0.010204009392
0.000234863148
0.000238859263
0.000835995665
0.003567587655
0.000247171435
0.037300728659
0.000823694447
0.005006780265
0.000237684028
0.00023847067
0.001127163495
0.000242136178
0.00023576964
0.000244787689
0.005630413753
0.000246264243
0.000855204978
0.000242721281
0.00297911387
0.000247291774
0.000246231893
0.001149657996
0.000530865726
0.001176803918
0.000535937767
0.000235482832
0.000239752869
0.00023826562
0.004890685156
0.051867759978
0.000246415011
0.000240182109
0.000822506543
0.006731717268
0.000236966503
0.000246270086
0.000238344489
0.005313288195
0.000236687419
0.000247227583
0.000247422819
0.000237984459
0.000241415209
0.009342128343
0.000235012865
0.011324713518
0.000239642615
0.0039602203
0.000241593808
0.00267039228
0.000245532429
0.014904171777
0.000236275552
0.008154840698
0.001177416694
0.000241375389
0.05977841559
0.007552646844
0.000245321583
0.000244459824
0.00750523935
0.000841577865
0.005614568355
0.000852559104
0.004490525887
0.0002409105
0.000246967049
0.000236822068
0.005389377068
0.00666785843
0.022910227045
0.000245368601
0.011945656713
0.014293231114
0.000236764644
0.000238093826
0.000239013095
0.000238286201
0.000241343711
0.004511749118
0.000236783228
0.000235704149
0.000844827357
0.002914509042
0.005707089499
0.008227233019
0.005438465529
0.000858159241
0.020192854094
0.004632274892
0.00023720403
0.000240333204
0.000241237406
0.008429907915
0.071329698951
0.000827047487
0.030064122004
0.03538366901
0.006046630554
0.000242191198
0.00024301728
0.000236291477
0.000243897825
0.000240256506
0.000235704302
0.000527691048
0.002481476316
0.000242293994
0.005487980346
0.000244803114
0.00023854619
0.011596391405
0.00448877816
0.000237785396
0.001999243219
0.00377666851
0.006020410084
0.000233929981
0.007409380082
0.000245989455
0.000234922389
0.000245075893
0.007429033088
0.000238393601
0.000243682395
0.000822231698
0.004818680448
0.00023452167
0.003825501603
0.000237709225
0.006599997402
0.000240101666
