0.068291195961
0.000532888532
0.007241076781
0.000238237381
0.000533651707
0.000239206941
0.007733506687
0.000245294082
0.00023815314
0.025361855444
0.000241220778
0.000243528883
0.060514081113
0.004554450625
0.000528079244
0.002314071392
0.000242847537
0.001796430253
0.000245682067
0.000240623981
0.007525808579
0.002328597951
0.010254311041
0.024628936092
0.00212196598
0.005581623667
0.00613798939
0.000239796395
0.000531723651
0.000245130364
0.002876941403
0.00023639575
0.000536990631
0.009502861972
0.00353651062
0.010144327813
0.000245674625
0.000242427621
0.000235711458
0.015479838013
0.004538953747
0.000244361915
0.000530285391
0.00702964997
0.028310027868
0.013037898256
0.02144212377
0.001115415924
0.001774160725
0.020250455737
0.007234925648
0.010695738791
0.000237154368
0.011283824096
0.033867137637
0.006595282863
0.014810076576
0.094220766065
0.006047262148
0.001496119191
0.000237577819
0.000242400039
0.002377945967
0.002041928642
0.000246267389
0.012904314295
0.027428684898
0.000244282265
0.000245807008
0.007553862674
0.001797189559
0.000238894726
0.000240259369
0.000246083009
0.000235089699
0.001490763592
0.000245086846
0.001135608029
0.007327191278
0.005273974493
0.000244852993
0.000245388717
0.00023657103
0.000238459576
0.01542524646
0.030347842882
0.000243438806
0.00175119214
0.002555185065
0.008340432302
0.000238567703
0.003649292259
0.000235120524
0.000235866926
0.002046003597
0.000241072174
0.00053277116
0.000537524094
0.014760435899
0.00024347882
0.000244718476
0.000239070323
0.001138252465
0.000238774786
0.000243943401
0.00145681915
0.000236483443
0.004305828351
0.000527916608
0.00619817492
0.000840508567
0.003600494899
0.000865362446
0.000239603855
0.000240315191
0.000238652147
0.000241098738
0.002377209692
0.000235767692
0.00748619237
0.000236624264
0.000241764187
0.002659195796
0.000243062706
0.000243234544
0.000236922672
0.0039234341
0.008702519806
0.000234997479
0.010323667299
0.00082212504
0.000530817102
0.0462674173
0.004764448715
0.01209707405
0.002085700214
0.000246469372
0.000243730894
0.000236044159
0.000242448607
0.003990273456
0.004876040719
0.00023491929
0.002325216989
0.00023898039
0.00053142373
0.000531525544
0.009011122681
0.000242363932
0.002685980203
0.000234031086
0.000234958761
0.000240807669
0.003836468191
0.012387857832
0.000237509073
0.000241587065
0.0002359249
0.00052851084
0.000245726024
0.003531516552
0.00024270647
0.000851660175
0.000242454984
0.000243598352
0.000234510836
0.000526338385
0.000239872301
0.005093669755
0.000241878817
0.005228243779
0.000245861442
0.000244770598
0.008829780979
0.000245179518
0.002065795404
0.000243316133
0.002688065299
0.00142485797
0.000236849679
0.000242853645
0.00024208513
0.000242864474
0.000526938688
0.004547056415
0.000240745596
0.0062199691
0.000240888687
0.003629335102
0.006359212396
0.000848770498
0.012242553417
0.000821394496
0.006486886003
0.010842334368
0.003005896228
0.001149534393
0.0005317479
0.001141755277
0.00441495035
0.000528136453
0.002479249983
0.000822367872
0.000526807114
0.006812506447
0.000526743157
0.009208476899
0.000242810609
0.006218523394
0.006733639572
0.000239160034
0.000850298216
0.000238537408
0.000531640744
0.002673497549
0.000237091298
0.000241264716
0.000238750853
0.004794500145
0.010015965091
0.00024201699
0.002423999178
0.000536032799
0.000242588683
0.000243836307
0.000530784459
0.010517235803
0.001750016965
0.010756305557
0.000236037287
0.000237829014
0.0073467071
0.010882305057
0.003586021871
0.000238682636
0.000529672137
0.00418925395
0.005247604041
0.000237641065
0.001138257868
0.003077934477
0.0002370549
0.00203572077
0.000239250358
0.001115078464
0.004931340969
0.000836859235
0.005320803471
0.004973051942
0.00024255224
0.00318763267
0.000825070488
0.009257976069
0.000236935166
0.00052753719
0.001601129996
0.000242313042
0.001921468157
0.000246503357
0.000235683222
0.000819427398
0.000530126738
0.001115339185
0.003662651511
0.000235607448
0.000245603816
0.000242963086
0.005323503261
0.00024291437
0.000235672135
0.005286839449
0.000237843068
0.002089305304
0.000235482502
0.000241673112
0.003465121734
0.000529601155
0.002065813053
0.004481036931
0.000237763765
0.000855120278
0.000240398136
0.000241005103
0.000239995484
0.000237045315
0.000240455329
0.000863768125
0.000235477762
0.000239754336
0.000531856466
0.002038882091
0.004778682716
0.000244596008
0.000527864261
0.000235199102
0.007732050722
0.000234691996
0.000234917245
0.000817490205
0.000836524627
0.000242128204
0.000531286041
0.00647889643
0.001448176547
0.000235316781
0.000244453542
0.004840824306
0.000246357847
0.001741300453
0.001739964418
0.006950007403
0.000235323967
0.000531079936
0.000823970518
0.000244190529
0.000241646158
0.000527371011
0.000242793274
0.000864425565
0.00083588705
0.001431037164
0.000247036217
0.000529982626
0.000820427899
0.000241020699
0.001779895108
0.005342553743
0.000235508932
0.000245795084
0.000246368158
0.000245964978
0.000238425609
0.000534395337
0.000235656766
0.000239499674
0.000826030118
0.001480127045
0.039520119609
0.000245129172
0.001789241306
0.000240404626
0.000532591324
0.000245645409
0.000236696408
0.002983269273
0.000829930124
0.000236584205
0.000235715776
0.001815567761
0.000242372027
0.000239179412
0.001819934242
0.00024175669
0.000245526616
0.000247400624
0.000241278817
0.001458927643
0.000869046944
0.000245823601
0.0002408175
0.000824049451
0.000239883077
0.000860965238
0.000839060744
0.000245345036
0.000240180006
0.000862492482
0.001783527465
0.000246101237
0.000239371775
0.000835115208
0.000235912483
0.025058669357
0.000235314552
0.002366540194
0.000243226178
0.000246802936
