0.000241234808
0.004988206516
0.000235599337
0.000528500436
0.000240709133
0.00053273293
0.000238178138
0.009426856598
0.000242285635
0.008874204767
0.000246366323
0.015300919254
0.007732381421
0.001136280834
0.008614298691
0.001816183347
0.001131412019
0.005617256942
0.009949485398
0.060825132539
0.000246184289
0.003895171039
0.000235175081
0.001122120855
0.005878782039
0.002575085169
0.000247386939
0.011722856849
0.057199879546
0.000239488514
0.000242222677
0.000239548611
0.000239590831
0.007457675996
0.008040068875
0.010080683849
0.007157648519
0.008210547323
0.005701053125
0.000238723303
0.008326100481
0.000238725354
0.002007726741
0.005430725118
0.009471095808
0.000244855367
0.000527212852
0.039416046122
0.043229476234
0.006618034964
0.011055407814
0.011928928
0.017315608502
0.00024665979
0.005659358619
0.000526431136
0.004174528713
0.010230529825
0.022387797292
0.001112463368
0.01168752718
0.000243748323
0.005313881045
0.004854262356
0.007656749529
0.022007997986
0.006869424852
0.000245968701
0.003515414137
0.004097434608
0.004598291347
0.06069983053
0.00023553679
0.00024386739
0.00362062827
0.01613914385
0.000237036164
0.002977213074
0.000235143649
0.000235862909
0.000239893201
0.005754149428
0.011653613775
0.024481983951
0.031163761905
0.000234737479
0.001122116877
0.005812722418
0.008740111052
0.000243717747
0.004318913551
0.010521616524
0.004150501217
0.000245458077
0.001147131491
0.008981658986
0.000245030484
0.004428177979
0.000236843839
0.000820430872
0.009413057371
0.004933581119
0.000237768316
0.000821540497
0.014513190135
0.003251769511
0.000531780783
0.00506965471
0.006331127078
0.015900301041
0.000246361815
0.00082870627
0.002404780182
0.000239633199
0.007505467427
0.009003676273
0.00617970057
0.018029959244
0.026473623046
0.000245883179
0.000868669592
0.005235256732
0.000237311187
0.009869477526
0.011291692954
0.061214076391
0.000246130229
0.005931739024
0.000234809185
0.00023733423
0.007828380379
0.000244635145
0.008541919933
0.000244376603
0.000245594514
0.006273969976
0.008603879036
0.003534116514
0.000823192062
0.000236997907
0.000821633464
0.001734899055
0.006947310079
0.010952536729
0.001306776768
0.006367249636
0.033643280756
0.042092911225
0.000235250945
0.00808108377
0.000243615429
0.000244393658
0.00052811422
0.005500385661
0.019312746506
0.000241632513
0.002739101693
0.000243131496
0.000533970716
0.001163604346
0.00024740113
0.000526778633
0.002062036058
0.002334247034
0.016152386493
0.00082020021
0.00498107889
0.000837919652
0.005656508485
0.008000685832
0.000234162733
0.000532048712
0.002067783355
0.004127531143
0.004164723167
0.061939289525
0.009703469501
0.000241069092
0.000245501747
0.000526931668
0.003897191001
0.000234575155
0.003937460394
0.000239566326
0.002674332299
0.010099368497
0.034027622355
0.000235595735
0.000236679868
0.00391124477
0.002121449952
0.000237528436
0.002341060066
0.007204681249
0.009992281025
0.002040418239
0.008955806387
0.016422577642
0.000239222396
0.001418262997
0.017655540444
0.000528156417
0.002928253108
0.01259298784
0.00111791938
0.000245539997
0.000245044732
0.005074667934
0.018105740989
0.00024592801
0.004187204717
0.000237682097
0.008533213934
0.000245754547
0.000530725613
0.001759696847
0.003500819064
0.004082959867
0.000246686544
0.004708306033
0.001414984784
0.018882248561
0.000531816336
0.001115747983
0.006076100656
0.000533544858
0.004538398727
0.009821455994
0.023104715944
0.000537448382
0.00023609024
0.000241057845
0.003195620271
0.018456205653
0.000245585965
0.004856270421
0.000239117429
0.006195040986
0.004629276934
0.004157354413
0.00475352078
0.000242490808
0.002068180656
0.000234767706
0.000235647551
0.010774867995
0.002317450454
0.004658761086
0.010264060542
0.000238542797
0.000527488564
0.00023888327
0.006925308396
0.00900394984
0.00023694888
0.000235929359
0.005677768814
0.00582077226
0.044773460516
0.000246593625
0.00141671016
0.005107052129
0.00986436051
0.005000740376
0.000237117011
0.001455494367
0.013495137987
0.015711862392
0.000825430867
0.001712565317
0.007254625266
0.00905157882
0.00199962084
0.002581222422
0.006838276137
0.017344871569
0.012876134251
0.018274258275
0.000236145998
0.000244719025
0.00053382744
0.000533488077
0.006982420103
0.011175269738
0.000234346106
0.002014287099
0.002889368818
0.031716853639
0.008021452758
0.003891364803
0.000821312466
0.003203945314
0.000243190058
0.007374064135
0.015754272651
0.004939699513
0.006587739288
0.016812592353
0.007755061305
0.050443463804
0.02099271641
0.00440764621
0.02008164037
0.00024160229
0.008942976954
0.003845480723
0.012448609819
0.000237019672
0.000820214684
0.001403294974
0.004547241289
0.000241447862
0.000242171553
0.002014398748
0.016946817498
0.001814295835
0.009373488456
0.007909180691
0.000528733621
0.001112664046
0.002011803252
0.00023711971
0.000238093016
0.013711141157
0.000240916661
0.000241656517
0.00023928764
0.029826416666
0.038164435637
0.055573242955
0.000235477488
0.000234559419
0.000247097658
0.000525444108
0.000526713413
0.00173615006
0.001494168087
0.00024557642
0.000238309815
0.000529441361
0.003815014266
0.00023599571
0.000528689486
0.002316709245
0.00024153013
0.002243526142
0.000239771938
0.002254637904
0.003804050895
0.008294336965
0.000246709965
0.000529446242
0.001125019753
0.000233963539
0.000245122981
0.000239317647
0.000822015473
0.001122043036
0.000235582926
0.000235014352
0.007486345428
0.000243277251
0.000826144636
0.001911483655
0.005042464388
0.000238443735
0.000851464468
0.003789594897
0.000246106373
0.004825218103
0.001149091995
0.00273619837
0.000245759566
0.00023734659
0.000532530207
0.002901463506
0.003569268187
0.000237259191
0.001155491498
0.000533991239
0.003793392742
0.005439215831
0.00378533155
0.006888256198
0.02627389626
0.000244895869
0.001140861049
0.005310028075
0.018148917995
0.000238375759
0.002963587117
0.004338902143
0.000242417484
0.000243267913
0.000244143008
0.000240632252
0.001128413568
0.005096610317
0.020073754437
0.000233396214
0.000239766307
0.000526971972
0.000237155949
0.006552013693
0.002412980701
0.000242694894
0.000850507205
0.018790773927
0.030006172913
0.000241578929
0.005313218481
0.008430207762
0.015256351396
0.000537360333
0.000818086046
0.00838867943
0.000235580743
0.000235437608
0.00052689407
0.017187858781
0.000242817485
0.001158073144
0.000236269369
0.000820087924
0.01243500381
0.000236544593
0.000836613389
0.000238280947
0.000533453735
0.004179181267
0.010288752943
0.003309087577
0.013821674012
0.000246246809
0.000234830928
0.001149270344
0.005177365917
0.029762262344
0.00111367426
0.051963618921
0.000235878206
0.011505291341
0.001130467646
0.006812292917
0.008132622637
0.000527795136
0.002280144837
0.00618662439
0.009883523555
0.000528649326
0.004095771853
0.001160115955
0.000240312083
0.00023648689
0.002987526362
0.000236315062
0.001432626791
0.002918584681
0.009049170781
0.001117770183
0.008054101373
0.00207646164
0.01000584387
0.000241107922
0.000846839511
0.007353412842
0.010495373896
0.00111626389
0.007617595425
0.00023989689
0.00023560537
0.000238344737
0.001139861006
0.000238015808
0.005711466998
0.000243607996
0.001149138752
0.000233591599
0.000526492733
0.001130910732
0.009064228548
0.007650103414
0.000238376954
0.000533623755
0.000244689837
0.000527635753
0.001138519805
0.000242328132
0.000239486523
0.00023811167
0.000530163918
0.000247251952
0.002459823817
0.000237384027
0.001115379645
0.002622733829
0.001723044602
0.013578596602
0.001461017778
0.004766878101
0.006772473508
0.009692795266
0.00141781475
0.007765763819
0.00175050871
0.000831175953
0.00024198769
0.000246217397
0.004557797464
0.000820060484
0.000851406852
0.000235898608
0.009037912443
0.000235980251
0.00024655097
0.000529468224
0.00023928662
0.000239155387
0.001177305501
0.001799282462
0.000241821955
0.000233846082
0.000846153363
0.007808663541
0.000241069721
0.033844356755
0.000850297652
0.004830354135
0.000236391128
0.00023717777
0.001138870595
0.000239787582
0.00024426964
0.00024064744
0.009467248375
0.000245910372
0.000855203474
0.00023881395
0.000821093591
0.004624857415
0.000246134746
0.043482471341
0.000244992392
0.001109418495
0.000527481567
0.001160419759
0.000534054174
0.000241844869
0.000234468657
0.000235589711
0.004953009247
0.043456012183
0.000239623741
0.000243539334
0.000838863768
0.01015555024
0.00023838388
0.000242080297
0.000240150038
0.006673761647
0.000236575444
0.000243176153
0.000243371389
0.000243178746
0.00023529249
0.011532329478
0.00023509313
0.019657538794
0.000246591408
0.00505355154
0.000241289307
0.00496123789
0.000245528514
0.004241183577
0.010827431169
0.000240846825
0.028730703453
0.001173918881
0.000241706018
0.00881791204
0.000244208092
0.000239273166
0.015275124074
0.004431181867
0.000832192265
0.004971374837
0.000246066774
0.00024564113
0.000241833495
0.005263799435
0.006972373143
0.048604826274
0.000241879966
0.023054279548
0.000236560322
0.000237922402
0.000238841671
0.000245568336
0.000242069496
0.004538474903
0.000236372579
0.000242434915
0.001434785256
0.002361725426
0.008359061016
0.006721673691
0.006799026834
0.000234816698
0.000817900072
0.007974820988
0.004613904276
0.000233831427
0.000239383893
0.00024432392
0.007519785095
0.034761439789
0.00085505752
0.032058256839
0.028426472223
0.000238146315
0.000238972397
0.000240375051
0.000242525706
0.000235187677
0.00023503875
0.000527025496
0.002415810764
0.000239062182
0.006670848315
0.000242169745
0.000240513254
0.013547188557
0.002992245598
0.000529973209
0.002091431032
0.005601928313
0.000246417833
0.002213874881
0.000243374928
0.00023491215
0.000242763256
0.008227884841
0.000244246566
0.000244807282
0.000862356585
0.004856774621
0.000240845491
0.003957938375
0.000246404611
0.006850765035
0.000237309474
