0.068291195961
0.000532888532
0.007241076781
0.000238237381
0.000533651707
0.000239206941
0.007733506687
0.000245294082
0.00023815314
0.025361855444
0.000241220778
0.000243528883
0.060514081113
0.004554450625
0.000528079244
0.002314071392
0.000242847537
0.001796430253
0.000245682067
0.000240623981
0.007525808579
0.002328597951
0.010254311041
0.046547128254
0.002074892472
0.007354138637
0.00931393941
0.000241850507
0.000527097417
0.000242217698
0.002820510435
0.000235553169
0.000538275018
0.008841350423
0.002916462876
0.005155704707
0.000236540249
0.000242119495
0.000235694182
0.012220048051
0.004307941593
0.000244627449
0.000235025725
0.009380262847
0.036653708257
0.012203973374
0.047678926466
0.00116644654
0.001736667523
0.008538134546
0.014572292487
0.02003465767
0.000236795465
0.007216556833
0.023523984478
0.005380786252
0.012236045493
0.015224774085
0.00630567244
0.001487429454
0.000238326308
0.000243148528
0.005720747794
0.003352811306
0.000235339386
0.015595369575
0.024387477918
0.000237724661
0.000239249404
0.006787624012
0.001742896128
0.000236896329
0.000238260972
0.000235053173
0.000234214505
0.001489888398
0.00023374961
0.000524803585
0.00145383621
0.002970352504
0.002768234717
0.00023592796
0.000236463684
0.000242550671
0.000242410652
0.005562884484
0.030866685273
0.045967023968
0.000236590851
0.001796344185
0.001726797293
0.007809693839
0.000241768662
0.004777495703
0.00024359621
0.000244342612
0.002064571686
0.000243487665
0.000535186651
0.000534025021
0.029444736358
0.000245277815
0.00023820894
0.000246984606
0.001146166748
0.000240828031
0.00024143294
0.00085823454
0.000246605491
0.004108842779
0.000237461657
0.005927394275
0.000867170639
0.010370655878
0.000840327531
0.000238066059
0.000238777395
0.00024215325
0.000239084653
0.002096481571
0.000244269191
0.012157335346
0.000244508484
0.000246151005
0.002890512286
0.000244093054
0.000244264892
0.000239149881
0.006705458232
0.001446657791
0.000237354208
0.005084577203
0.00084666656
0.00052862312
0.025680753628
0.005653497911
0.009798958613
0.002116189521
0.000241003504
0.00023979676
0.000242289027
0.000234862349
0.003003362616
0.000244953195
0.00023827568
0.00053014526
0.000241878223
0.00332205214
0.000234838964
0.000234629505
0.000235062983
0.002863428465
0.003446880453
0.000239335265
0.000244330038
0.000243164767
0.000243929644
0.000246580829
0.003497120418
0.00111071605
0.000240044016
0.000532676463
0.000238734026
0.000238753598
0.006965270556
0.000240514905
0.006425982076
0.000239499813
0.000239737473
0.003788386159
0.000236291581
0.002082907467
0.000244835966
0.0002407247
0.001465770999
0.000245211868
0.000244187803
0.000241287931
0.000242067275
0.000531783755
0.006580405186
0.000238395847
0.007454176129
0.00023889735
0.006376189146
0.004944411849
0.000834963271
0.015820857296
0.000822475326
0.004042242899
0.00462429668
0.002959205581
0.001166045227
0.000237186768
0.001138194145
0.004240853069
0.000538318962
0.002394998654
0.000819515185
0.000532302161
0.006458874531
0.000528962593
0.010822846245
0.000236523122
0.005061567967
0.009326334674
0.000238345391
0.000862458556
0.000233919849
0.000527023185
0.002338751527
0.000233876806
0.000245519865
0.000243158659
0.005384171832
0.012901131021
0.00023421538
0.002364197568
0.000538071042
0.00024384519
0.000245092814
0.000534708049
0.009345862158
0.005172245541
0.002111200068
0.000234747388
0.000245955661
0.007873548161
0.024262639614
0.007895553726
0.000237067544
0.000536834812
0.004233684477
0.009081182233
0.00023849315
0.001429448522
0.003979866809
0.000244789554
0.001817455424
0.000243443378
0.001414563968
0.007663701688
0.000863979685
0.005896910779
0.005020993874
0.000238034074
0.002953240368
0.000824047606
0.011476985291
0.000239521349
0.000531578994
0.000839183711
0.000243954601
0.001748606639
0.000239667689
0.000244529774
0.00086727395
0.00053366524
0.001144877687
0.003363037125
0.000240898255
0.000237299184
0.000237530343
0.004441959132
0.000238291303
0.000238341347
0.006045567018
0.000245267684
0.00209672992
0.000240724285
0.000234161821
0.003366610443
0.000532247674
0.001751460273
0.003270933972
0.000241164313
0.000832520826
0.000237982662
0.000238589629
0.000238177571
0.000234813191
0.000245730667
0.000832179754
0.00023632132
0.000246719962
0.000538822092
0.001408425098
0.004388824233
0.000239271358
0.000535539611
0.00024101647
0.006402509399
0.000239760868
0.000235973652
0.000831546612
0.000819785965
0.000236518161
0.00052916164
0.005967196761
0.021665385285
0.000239492916
0.000243356155
0.004199859205
0.000236008468
0.001780522143
0.001132335666
0.004957851291
0.00024298913
0.00053062098
0.000835357435
0.000245681964
0.000246035067
0.000537900606
0.00024252115
0.000838153441
0.000833170377
0.002301378537
0.000246759207
0.000533481832
0.000824919957
0.000238082253
0.001765804872
0.022224829487
0.000235878705
0.000245175484
0.000245748558
0.000244824648
0.000241053413
0.000535406007
0.00024655005
0.000242843535
0.000842373979
0.001482435075
0.010503828558
0.000237526857
0.001826230152
0.000240548558
0.000532735256
0.000246143338
0.000244335932
0.002659268785
0.000843229169
0.000243295929
0.000236577151
0.00177625569
0.000237568396
0.000238231687
0.001776862971
0.000241063083
0.000234544114
0.000236469853
0.000241547414
0.00147219624
0.00086312441
0.000238805009
0.000244811476
0.000828043427
0.000242424177
0.000863506338
0.000832839572
0.000234630253
0.000240442701
0.000836755177
0.001793144435
0.0002434986
0.000236617852
0.000819361285
0.000235293327
0.033095930397
0.000244867961
0.002349148314
0.000237016692
0.000246971929
