0.000234967641
0.000535576936
0.008580516077
0.000235726303
0.012682765098
0.048077000603
0.000533222408
0.01655618374
0.000237731907
0.000238124164
0.000241169106
0.000535751339
0.000234500848
0.041746689549
0.009692403976
0.012367375594
0.000244322173
0.000245380764
0.000245040497
0.004689168472
0.042118516835
0.020801142039
0.032450137326
0.082489564269
0.000234799598
0.017575786591
0.055679202109
0.000245724756
0.010294791811
0.000245239509
0.000237935867
0.048935111929
0.055985714575
0.000237788771
0.04832239711
0.000238356473
0.000242717186
0.010248029104
0.026790220195
0.006553051569
0.000235316031
0.005156256836
0.014585661289
0.000238061888
0.009255080315
0.007661415363
0.010284259161
0.097182866603
0.021464880301
0.075307394727
0.000532350599
0.000535172123
0.008252633322
0.01250663254
0.037479786452
0.007159260572
0.000236765048
0.000241017978
0.01770198068
0.035313801306
0.06835666487
0.000538208615
0.025791146606
0.084155606385
0.000234714695
0.011113595229
0.003886538311
0.000241255782
0.000243351333
0.004804782428
0.009005373151
0.006490718788
0.014017933303
0.032571265199
0.000536397308
0.007739287058
0.008198287708
0.019590074431
0.026012961046
0.027469225431
0.000234254523
0.000527325822
0.008902778532
0.033662326586
0.000235928785
0.000240753486
0.000531854868
0.012022689092
0.000240475681
0.017621075107
0.02490529579
0.042825405931
0.043908287068
0.00024717783
0.000236753333
0.000239703774
0.00986524349
0.019271817376
0.000242890646
0.000528338094
0.015033448936
0.00023492408
0.000235223304
0.018684338678
0.000242715118
0.000239127965
0.0115703743
0.021207656043
0.111945325425
0.009164030012
0.028444470126
0.000238551781
0.000531469576
0.008878660533
0.010606787126
0.014649874002
0.066622672641
0.002877953935
0.006677658354
0.012554885545
0.003258267199
0.005918840359
0.020609665204
0.090083072859
0.000239994428
0.000245835095
0.018482616563
0.021110535016
0.01799091224
0.018348084028
0.028315351996
0.007042624497
0.002592597846
0.02382014804
0.065794479808
0.104241176444
0.017921459203
0.020250801467
0.000530420273
0.005778583171
0.000244807198
0.046390748849
0.066660998938
0.011113381214
0.015188592649
0.015408505674
0.039896273502
0.013634112846
0.000240525882
0.002675934099
0.033787112361
0.00023436235
0.004508088365
0.00023714983
0.016587977347
0.01981400585
0.000234299331
0.013057395717
0.017519650212
0.000236334269
0.011688559269
0.03751854547
0.000241661267
0.001141897734
0.029079561866
0.033160309267
0.040487546359
0.000239079934
0.000527029364
0.002684132683
0.000246025952
0.006902488063
0.007430877528
0.068510551103
0.072006899299
0.006076056109
0.000240827904
0.006850061741
0.00023945463
0.008849503196
0.075845825267
0.083788720579
0.000817712177
0.020192882095
0.021066872529
0.03128008764
0.001740382139
0.009750402579
0.000246565263
0.003299646238
0.000525327087
0.000525747995
0.006281680336
0.000234303094
0.000817718705
0.007562406691
0.011683892528
0.004564715317
0.000529975988
0.000821050245
0.00351092887
0.007826067141
0.033217056522
0.000234696242
0.000526542792
0.008709031989
0.001435791561
0.012265398542
0.000244721399
0.000246653271
0.000863844927
0.008160565908
0.00081944537
0.004548093348
0.002029153015
0.000242184685
0.007465494011
0.020922151857
0.003705058362
0.000235155962
0.009767950133
0.003080945575
0.010521691116
0.011394051946
0.00024017589
0.00082303675
0.001406300063
0.07799719274
0.003002144054
0.012373190997
0.069058403477
0.005453977768
0.003989324056
0.000242679681
0.007359508149
0.011904613399
0.001110852367
0.000529187778
0.009294377073
0.010272387496
0.00536537804
0.005947821141
0.062397428849
0.063131325468
0.00085586655
0.001109665381
0.014812444676
0.098524976863
0.000237092883
0.000820654336
0.005366375162
0.018378546003
0.007549155524
0.001121905153
0.0043041072
0.034092418483
0.004961935198
0.008939523461
0.000531885185
0.009738613675
0.015476617971
0.000241464126
0.000239394241
0.00177471006
0.000829954049
0.007530310938
0.000234309926
0.00023834143
0.000527241036
0.010304641818
0.000241933247
0.004212188155
0.007378108821
0.068660212141
0.000530109267
0.005054047467
0.000234735674
0.000528541485
0.00990914335
0.000237005762
0.000238531039
0.006372526472
0.000239011058
0.000817683389
0.001691095657
0.005948342873
0.006822209034
0.000239566476
0.00110974677
0.003483435919
0.056561272246
0.002505782724
0.004752523061
0.000829043919
0.000241300835
0.001433361528
0.015513648093
0.000237435946
0.000238245344
0.000530636195
0.000820980937
0.002246503813
0.000236052947
0.000243021229
0.000525617597
0.000528756171
0.017729780019
0.095283417211
0.000236217774
0.000821163945
0.004944634287
0.000849003065
0.000526796651
0.002010599725
0.037352307415
0.002038004952
0.000235630921
0.000239526103
0.000819016838
0.002381476604
0.003561379042
0.000235790593
0.001436629348
0.003082160454
0.000236193812
0.011884611385
0.000242534423
0.013243459986
0.032717402492
0.010137847577
0.015560079465
0.000820614059
0.002276158258
0.003469289519
0.039979998675
0.001926441513
0.00052620864
0.001122867986
0.008122369163
0.000235295386
0.001136565395
0.006078930849
0.000233948959
0.000818446651
0.013251659088
0.020825618185
0.031416154998
0.062030421999
0.000236529
0.000818190931
0.000239524662
0.000817720094
0.03375704117
0.000240414483
0.000243631261
0.001121692778
0.000526219428
0.005553438603
0.016181460115
0.000235698816
0.000528898995
0.004546909488
0.004572378574
0.004776166465
0.023231092839
0.000237611491
0.00277182987
0.008050002229
0.000235658902
0.000245413642
0.004932854389
0.014475097287
0.062386093855
0.012999932593
0.026227712551
0.026822295436
0.000820631861
0.006865482335
0.001404718295
0.017207080521
0.029169430278
0.008509282778
0.03601824314
0.000239715683
0.000240700411
0.005423799108
0.006763976823
0.000247189087
0.003771089453
0.01706252773
0.000241905195
0.000537266915
0.004368214665
0.000242988882
0.001196456165
0.000529638721
0.0083112341
0.00024354544
0.000237533399
0.006166856978
0.000527679176
0.006193500495
0.000245281082
0.002273555285
0.000243268546
0.00023825852
0.006722445844
0.009895887004
0.015620037169
0.000234608257
0.000235217405
0.00052608688
0.000818080716
0.000239997287
0.000237344539
0.000529084147
0.007765819102
0.000240157099
0.000531894986
0.004007962565
0.000238526189
0.00023929825
0.004496311876
0.004651386017
0.000240013634
0.014054836713
0.017574892199
0.006579002521
0.002374739489
0.005023278029
0.001145614206
0.000243563796
0.001134149784
0.000234629183
0.009924488777
0.015328356708
0.062606970803
0.000236133266
0.000526342056
0.000824193234
0.005649141317
0.013113181431
0.011051662103
0.025381943719
0.040316110575
0.000234803951
0.011050630863
0.032894236753
0.065868559104
0.000237535574
0.006018999322
0.018336656914
0.000235895769
0.00052745005
0.000238310655
0.003822787652
0.009966346876
0.002963414981
0.000235727248
0.002279655356
0.000239205184
0.005210140218
0.01057395674
0.025253675688
0.000535134867
0.000234945409
0.003661788306
0.007723301779
0.011217659069
0.016472495167
0.023590109437
0.005600462387
0.000239564489
0.000240921344
0.000239064941
0.006665975459
0.004346356755
0.014434120522
0.000236891849
0.00111431067
0.00169764847
0.018998136983
0.02806131752
0.000236642398
0.000237682459
0.000527976756
0.002627325917
0.008865892879
0.000245962571
0.000236466124
0.000526751992
0.00499869017
0.000240408527
0.001177962414
0.009127643593
0.000237954333
0.008124180545
0.023259514503
0.028083243229
0.00023868356
0.000238966284
0.006134482147
0.009050219343
0.004992949729
0.01146534483
0.023868755754
0.00354406459
0.00023439312
0.000525470241
0.000526312761
0.004390562754
0.000242510608
0.001143676346
0.002030735312
0.00024126382
0.009429624065
0.069029059062
0.00024203393
0.001115994679
0.017403723899
0.000244826979
0.005288781709
0.00632707454
0.01011140667
0.005826802833
0.008345423112
0.01530054834
0.018666759818
0.007455639639
0.000823423646
0.001431652234
0.000526336424
0.009823819509
0.00670840315
0.01486481615
0.063900611872
0.0036794476
0.000241320868
0.003491034032
0.006777249363
0.007068091489
0.000233435291
0.000526488249
0.009891849644
0.000245751406
0.003061249431
0.004169704106
0.017371534843
0.039839665907
0.000241896234
0.002686128494
0.000239969798
0.000852608171
0.00202985906
0.001793123574
0.001122322718
0.004529066079
0.018315255492
0.000235408249
0.000527236258
0.010518629537
0.000242490708
0.002067096346
0.000242953954
0.007289394851
0.001811922268
0.00438549804
0.00024425543
0.005398597296
0.008003934581
0.000530460643
0.002128701089
0.002867603859
0.007898252615
0.000244586864
0.001112133503
0.004355028356
0.000241792562
0.000243323272
0.000246012974
0.001111197088
0.012323592927
0.005966794469
0.001742920836
0.011912672625
0.052439993244
0.000819153268
0.006685672833
0.000239337526
0.000239944291
0.000239916458
0.008163993943
0.017358641185
0.040928420863
0.000233314248
0.006494502335
0.000234958272
0.002089464874
0.00211365682
0.000237926732
0.01204651103
0.013850488423
0.009995133347
0.023254185177
0.000236569073
0.005510046203
0.000235568959
0.000234111259
0.006139283908
0.000236600735
0.000236205641
0.004854569174
0.000527602573
0.00583711771
0.007234894035
0.021377798879
0.007815614356
0.015727771741
0.000234650431
0.00023525653
0.000244260244
0.003514292987
0.00023710152
0.000821636376
0.000234650264
0.000238107228
0.007403232011
0.008568766001
0.000241308817
0.001116095755
0.004984890462
0.00023729415
0.013304561366
0.015050839983
0.001997405091
0.004354944776
0.000238975487
0.001117965483
0.007022587119
0.01417879699
0.00052937147
0.011554928924
0.028887381493
0.001611327762
0.022499457745
0.000527280682
0.000238390982
0.002633752528
0.005027491471
0.004999353218
0.001748578224
0.000234230105
0.002112006768
0.000236226455
0.004580542174
0.000238631979
0.0048028743
0.010515834051
0.021440993346
0.000240843913
0.010368391021
0.018771071896
0.020534109121
0.000242496568
0.011068670335
0.007517005833
0.008218870975
0.012801545995
0.01770307214
0.000245686107
0.004505275666
0.011182531148
0.000240267986
0.0002465379
0.000243516391
0.002030277308
0.009161869923
0.000246488999
0.002348169347
0.001465132703
0.001121585437
0.00551962225
0.016091812755
0.005501902752
0.014779675697
0.000238201285
0.002899909639
0.003776099983
0.017233984279
0.001471916145
0.000822733606
0.008384914919
0.000237352024
0.000239011933
0.000839320473
0.003789194897
0.019704819908
0.000235696503
0.000240529208
0.014776446674
0.001767612489
0.005506340635
0.00142237675
0.00712684401
0.013823512649
0.000241623217
0.003166393729
0.004622471605
0.010512680391
0.001466550382
0.000234996192
0.006166610088
0.008264371862
0.000244960149
0.000837131992
0.001414280444
0.003491393454
0.001764998331
0.002620083625
0.01306180434
0.000244295509
0.005212587886
0.013654115297
0.017126841282
0.000821139345
0.001710946953
0.004628448781
0.006401595318
0.008756290389
0.001162461434
0.001124366823
0.002720028083
0.000237013278
0.000865573579
0.01361924284
0.021692288046
0.000235780832
0.00052699927
0.001508929054
0.002411781359
0.003897403443
0.000243162742
0.000817597114
0.002856246585
0.001723987985
0.006131905079
0.008475584011
0.000240926147
0.003170555657
0.004959994787
0.000235888562
0.004946067692
0.002101668305
0.000243805548
0.004462629935
0.000237876801
0.002378328916
0.000246253924
0.016667540616
0.030700214762
0.000236217457
0.000860213046
0.000237289472
0.001124705052
0.003839481745
0.006819158238
0.000241249102
0.000532925681
0.003968334131
0.000237413182
0.001184881843
0.002379014285
0.000237898811
0.003517388442
0.006472840939
0.00144072764
0.000246327355
0.000537160132
0.000840213
0.037825613026
0.001721423149
0.002302657832
0.023260091234
0.000530369949
0.002952232735
0.000244213836
0.00024633804
0.000244069184
0.000237639519
0.0017665792
0.001460311975
0.002945476903
0.000529331984
0.001127014462
0.0017083098
0.000238048115
0.002659762462
0.000243203161
0.000241708089
0.004417555409
0.000236164609
0.000864579822
0.002003110851
0.0037497051
0.011985689406
0.000530324659
0.005549763983
0.001817003028
0.000241024267
0.000246329939
0.001757967997
0.000824143261
0.005246747734
0.005829972063
0.007580528389
0.008465966266
0.00111338963
0.005553951522
0.000236033751
0.000236222092
0.000532345354
0.000244809167
0.000534313689
0.002785569353
0.00433491061
0.009287452162
0.023364029784
0.032652905007
0.004100242662
0.005001225083
0.000239938282
0.000245256781
0.0029722678
0.00081743738
0.0008465665
0.002568943225
0.006420115248
0.011095520031
0.000234156495
0.001109125768
0.000236293123
0.000235814543
0.000234376419
0.000854370456
0.00236399746
0.000529591078
0.004208588341
0.002076734829
0.003254775355
0.000236202575
0.000239527666
0.000245240457
0.000869233306
0.00321694773
0.00141697475
0.020103664063
0.000234657672
