66
65
92
65
83
80
68
44
91
218
134
106
127
91
100
104
115
97
84
92
110
88
128
114
139
104
150
115
138
146
171
162
197
136
142
88
85
199
77
173
194
66
212
73
71
81
98
356
313
136
122
137
139
101
125
144
114
131
130
131
110
132
115
109
110
127
134
107
103
98
67
103
107
110
286
152
156
143
364
380
137
130
182
170
130
390
269
219
218
291
249
148
347
124
112
499
89
135
151
162
388
145
292
396
113
69
87
484
64
45
407
70
137
140
356
129
138
101
109
91
89
93
99
109
264
101
372
297
99
256
214
81
365
193
91
299
85
195
271
211
297
292
69
58
45
30
15
17
6
6
