68
70
107
63
81
79
67
45
91
215
120
108
118
109
99
85
110
92
79
81
117
102
133
105
127
102
172
109
148
129
153
152
168
166
158
79
70
203
67
157
194
56
206
62
70
88
90
266
266
119
123
135
129
109
117
136
98
119
125
132
97
108
120
108
89
116
127
89
113
106
76
106
109
80
301
147
166
132
319
326
117
114
151
129
115
417
249
235
220
277
273
169
373
120
138
490
92
164
174
172
418
178
296
390
97
55
103
469
77
53
370
72
183
170
375
168
141
133
128
124
117
130
137
140
268
118
360
326
123
248
240
122
387
225
110
321
112
234
296
245
304
310
89
76
56
31
17
16
4
4
