67
67
92
65
83
80
68
44
91
224
147
104
122
96
107
103
135
98
95
99
121
110
168
134
139
91
160
141
152
132
191
159
195
189
160
85
97
213
87
173
193
84
207
79
75
69
74
306
291
129
126
146
134
111
140
137
122
132
141
136
112
130
132
128
110
131
127
110
103
116
80
119
99
99
292
147
158
127
349
361
126
127
170
91
86
393
279
204
198
321
274
145
391
114
112
519
75
129
171
175
440
148
300
389
91
49
77
480
64
40
400
63
146
163
405
137
131
98
103
87
85
90
83
102
295
93
366
330
96
257
211
88
375
201
84
321
87
191
297
210
305
294
72
60
43
36
22
16
7
5
