245
274
238
252
54
34
48
50
28
44
203
127
73
105
52
65
41
63
49
59
43
51
80
63
74
76
84
85
90
96
50
93
44
208
157
56
93
103
152
58
65
101
47
101
158
218
153
256
184
135
210
138
125
171
128
120
136
119
169
73
108
128
130
133
77
104
105
103
84
103
120
105
88
124
74
84
79
117
119
148
146
118
129
106
111
118
117
111
133
124
243
131
93
246
157
139
260
118
135
275
99
113
96
101
114
186
155
165
151
174
168
155
152
166
377
398
213
155
147
206
157
168
149
136
151
149
105
165
178
447
228
214
261
520
245
255
191
110
207
100
123
175
271
157
182
194
189
204
271
260
268
373
360
406
195
210
130
418
648
415
246
261
347
513
189
475
490
430
372
339
285
257
335
302
311
255
316
295
275
268
108
306
353
147
321
156
101
80
295
335
304
120
372
351
316
46
58
378
51
104
