275
245
184
233
40
52
54
47
51
46
192
159
97
151
75
93
49
60
67
73
60
60
79
53
61
78
80
84
75
115
61
92
41
194
167
64
126
118
134
62
65
117
51
96
177
238
163
266
209
103
229
142
145
210
126
146
135
111
191
100
120
112
137
129
130
134
122
118
86
114
131
104
103
115
97
83
84
140
137
123
112
97
106
108
114
100
84
94
105
117
237
144
87
172
138
165
290
123
116
262
98
139
105
97
92
195
162
208
179
205
238
159
166
166
331
412
213
157
130
214
162
150
158
151
171
154
101
149
178
398
235
221
264
434
211
265
206
99
188
92
92
137
282
139
164
194
173
173
247
267
255
337
317
405
219
237
139
394
561
389
270
292
281
499
226
405
440
391
359
297
232
253
306
303
302
239
305
268
252
266
93
297
310
173
299
174
127
69
286
290
310
153
360
345
323
65
69
278
61
102
