21
17
14
21
15
18
14
15
12
12
6
55
43
28
30
38
22
25
19
29
16
28
34
23
27
33
34
30
33
44
40
41
35
9
5
42
43
50
7
43
42
43
41
28
57
11
36
60
50
46
5
56
33
56
31
40
36
32
48
28
43
32
49
46
38
50
28
26
29
35
39
30
28
38
29
32
24
48
52
39
49
38
49
48
46
44
39
33
38
38
16
83
32
13
79
84
24
66
60
18
38
73
33
31
43
50
50
51
46
71
50
57
49
44
34
18
69
29
28
76
22
27
20
32
32
29
25
28
37
49
104
83
96
31
60
89
57
27
72
19
13
25
87
55
33
30
26
28
41
49
42
77
70
69
59
103
58
41
72
51
121
78
63
87
66
37
96
91
108
58
68
68
87
99
87
63
81
79
60
83
51
63
77
62
60
50
61
32
75
53
50
45
52
47
54
25
40
41
14
45
