12
24
20
23
15
10
13
19
9
19
8
35
28
30
18
24
16
23
14
20
10
19
30
25
31
26
35
31
32
37
43
38
33
6
8
43
37
44
7
34
46
51
37
19
45
34
46
40
41
41
37
51
35
40
39
33
35
36
51
24
31
29
49
46
26
37
26
18
30
29
42
38
30
37
19
28
22
40
32
43
55
54
51
41
46
43
42
38
41
36
20
63
31
10
71
82
26
63
81
23
27
65
29
37
35
40
51
52
35
53
64
42
39
39
34
20
67
27
28
60
32
28
33
25
30
33
32
26
23
50
90
86
92
38
58
103
102
27
77
19
18
30
61
57
40
39
28
24
38
48
44
81
71
70
79
97
55
41
65
50
104
104
62
98
76
42
111
131
105
48
70
75
100
108
84
78
72
73
75
77
50
63
79
66
50
59
54
34
55
42
35
48
40
43
47
24
42
45
16
36
