0.000240395521
0.000839450662
0.012708635849
0.000240838027
0.014406280591
0.048676870822
0.00084478417
0.014586367088
0.000246014612
0.000236026594
0.000243941629
0.000530209919
0.000236568524
0.034722070194
0.008252715663
0.020694858309
0.000241330428
0.000245652762
0.000240397401
0.005617721069
0.01519573796
0.01658841981
0.063008133762
0.068901686102
0.000234569216
0.000242153889
0.000819683781
0.00024136707
0.000243949851
0.000849459875
0.000233707812
0.000243828779
0.024791217323
0.069176996678
0.000239553951
0.02311617373
0.000243081127
0.000246731834
0.00536316264
0.024359380144
0.007624574949
0.00024087743
0.004999077037
0.022586272734
0.007723437815
0.006812431826
0.027083117061
0.065250677314
0.037118710733
0.056225375649
0.000525913448
0.007130896261
0.019197351533
0.020690865943
0.007811817644
0.000244423682
0.005486589927
0.000239412926
0.019696223066
0.069790600839
0.07249352834
0.000237986348
0.011269126152
0.005134500898
0.000246683734
0.000527894115
0.009781886468
0.000242108625
0.008847006624
0.000529787622
0.003307787325
0.011136040108
0.023525220464
0.000234728789
0.004220969404
0.004379480039
0.011962763098
0.014584057729
0.042872323218
0.000239162474
0.000245460736
0.000531901277
0.007638336498
0.012187799651
0.000237285395
0.010806518386
0.020169443616
0.026637613139
0.042873252856
0.048411727512
0.000240756627
0.000236282686
0.005616218518
0.011718215459
0.000240555376
0.00743620326
0.021816003397
0.000237126959
0.000529843977
0.000234854731
0.010274984401
0.00023983457
0.010123623597
0.011288818385
0.04801649419
0.008687835699
0.022254490102
0.000240808966
0.000241253484
0.012423988907
0.004689589565
0.01293836761
0.044151476189
0.00232272479
0.009556851339
0.029617113211
0.002361142024
0.014785177296
0.000236350414
0.007566712509
0.037484763689
0.000239376636
0.000240863868
0.006452536747
0.009911946844
0.010951474169
0.016794590475
0.008431849072
0.029647168048
0.065243590861
0.000242732921
0.008494857153
0.000237168971
0.000246819605
0.000536430822
0.00023641928
0.01316363419
0.076077752591
0.092350378309
0.011199955419
0.013566338314
0.000527362493
0.004863774657
0.007263045555
0.000245587663
0.002615873337
0.037928943808
0.039096980413
0.000235809479
0.007852821208
0.000236768536
0.005091175421
0.010604852109
0.000237778524
0.012155063847
0.023026687073
0.031061351047
0.000237254392
0.00024630337
0.000246343105
0.00419947883
0.000241566482
0.000243183617
0.018347749723
0.01894386205
0.000234517061
0.000234471647
0.000246436667
0.010328907282
0.015503385163
0.033264982781
0.034431710121
0.000239328148
0.00787715379
0.000240726571
0.005817320895
0.000239794313
0.00662704025
0.071841785065
0.072424827235
0.000526764751
0.015758886731
0.038376728926
0.054401549516
0.002506936553
0.00421722669
0.000234152147
0.00052501117
0.003520900544
0.000244882815
0.000245167592
0.007959698379
0.000235830962
0.007631397289
0.00023641448
0.00023387245
0.00472724501
0.012597402321
0.00024022735
0.004649750181
0.005208258975
0.000239197235
0.007045524433
0.000244376233
0.001626436808
0.000238495818
0.012006506392
0.001761979891
0.000526969094
0.000237684157
0.005289438193
0.015557160908
0.003738022076
0.000246819273
0.006681063055
0.000846834403
0.000236452823
0.001705498279
0.016653469371
0.00024645471
0.008152799939
0.004366800714
0.000245417814
0.005466732167
0.070591616474
0.002114496051
0.000246119872
0.00851395265
0.00023718861
0.000245805049
0.004115144869
0.007329754035
0.00024542995
0.010594863687
0.000239854322
0.018823417165
0.081050046004
0.000825918717
0.004941908246
0.019314583271
0.027188579636
0.055998548656
0.000239153674
0.00181454799
0.002278917243
0.004190914726
0.012555464478
0.002017455067
0.028591616118
0.000235794942
0.000821193106
0.001111236984
0.005924172879
0.000525570263
0.000526606469
0.005240485207
0.014781757366
0.000238858447
0.00396554517
0.000238889134
0.003941055978
0.000246024213
0.000247095584
0.000235337544
0.000528379977
0.002371679601
0.005414099697
0.000236414432
0.000528587674
0.008077597326
0.000238961744
0.002303846746
0.006315816715
0.073580520409
0.000529359846
0.003610878651
0.000238153131
0.004288887102
0.000234717592
0.009689243244
0.000235485073
0.000527315517
0.008699127507
0.001112045287
0.002860739284
0.000243657604
0.000237907347
0.00172096188
0.037861124591
0.000528212428
0.006311121777
0.024958524115
0.072234683733
0.001130420024
0.055601309023
0.079535618833
0.000238986607
0.001420675361
0.010838688168
0.000243123988
0.000841113738
0.000858482027
0.000237079078
0.000245948126
0.000867295104
0.000240972776
0.000531603165
0.031832161813
0.063459388701
0.067349885606
0.000238595863
0.001487867749
0.000237932009
0.003611005767
0.000237820047
0.001141176736
0.000528987389
0.001110429339
0.002870895119
0.004581990664
0.000235683556
0.000528741726
0.002897238932
0.006955501822
0.002002791396
0.00318145035
0.032272348632
0.075462178911
0.000237985862
0.000242412638
0.007691833768
0.000530848843
0.020302603577
0.029239149505
0.007001575464
0.009685454476
0.000822575442
0.002692131547
0.005810338376
0.032763593512
0.00086506354
0.000525791659
0.015816284153
0.000240632563
0.001115835546
0.010263165786
0.00024336254
0.000835620799
0.005954331169
0.017148370068
0.023430739125
0.045497649547
0.000234986625
0.000817940995
0.000240759516
0.000532419893
0.000533040733
0.004866552821
0.000245683174
0.000239469537
0.00111285939
0.000530535204
0.00023822039
0.000531807078
0.00024585602
0.005921151145
0.002023017814
0.036018313366
0.054519975238
0.000240307937
0.000532581797
0.01006876301
0.019381366486
0.000238105371
0.000234190563
0.003498272185
0.015930084915
0.021688871318
0.000530199042
0.021658651645
0.026897502649
0.028659375313
0.000527660768
0.016207073139
0.010949159705
0.011822118387
0.000238220267
0.005283771521
0.008080085947
0.000529366098
0.00753852838
0.000240991602
0.000239984859
0.000241398902
0.005397335377
0.004471610901
0.000236880491
0.001918304232
0.000235843005
0.002115120447
0.000237998967
0.001416842908
0.00024322081
0.007037890987
0.000235761242
0.000236357529
0.000819930503
0.010459422729
0.000527464651
0.004314736862
0.000236108331
0.005578176085
0.00023849572
0.000823563214
0.01088478919
0.025401916304
0.000245811097
0.000525880836
0.00081772259
0.00024677055
0.000238324627
0.0005294413
0.012175747707
0.00023973601
0.000245466485
0.007620679348
0.000242122523
0.003020669591
0.000241377258
0.005310474498
0.000235879431
0.003203429455
0.020937974046
0.000243084838
0.0043014758
0.00642482871
0.017062294218
0.001163550392
0.000237289538
0.000828856565
0.001410908021
0.000240487217
0.008780049219
0.013418149375
0.021580640895
0.060235299517
0.000237811465
0.000246371937
0.001709126795
0.030825647482
0.031408650828
0.0017044832
0.015469649565
0.022327437536
0.000531569149
0.000821319356
0.014684360933
0.003552171989
0.000239063926
0.011063972973
0.000233890432
0.001705468786
0.029807658418
0.047973808657
0.000235027247
0.000246245328
0.005162915158
0.000526932116
0.002314086314
0.007040935475
0.005756684568
0.000238076931
0.00697454643
0.000528226424
0.003146195127
0.006657609102
0.011203441701
0.00024154339
0.008464931499
0.011084953558
0.02287935819
0.000240199248
0.000245456503
0.00024181344
0.00140678727
0.005181617687
0.000530795096
0.004538252137
0.003193085241
0.017972045428
0.030716376294
0.003107624131
0.007159285856
0.015990523704
0.000241853668
0.000529845636
0.001149520583
0.000241921574
0.000246594789
0.000238683616
0.000526167936
0.000527450272
0.002022097174
0.007964540677
0.000531234284
0.005103796942
0.000235323874
0.000246418082
0.004103915878
0.005864147773
0.000237550726
0.005821220432
0.013017465304
0.019893331677
0.025700603781
0.000235662343
0.000245651965
0.000238120008
0.000530564915
0.000530055595
0.005078529225
0.000532672659
0.002015929086
0.010406132444
0.003044385007
0.000528128726
0.004408326575
0.000241852769
0.000820429753
0.003812636367
0.000240163322
0.001109843505
0.008740768681
0.000239344736
0.010316712018
0.015268113704
0.000235217577
0.000245066283
0.001139928177
0.006434056812
0.000532374221
0.006401117309
0.014921750931
0.017250323041
0.039023170427
0.000240215319
0.008749112415
0.000534453617
0.003168064868
0.014720455165
0.021128012748
0.000526897121
0.006571671176
0.000531004811
0.001162838161
0.000245660142
0.000530432628
0.008399215638
0.046243187096
0.059172670423
0.000238282663
0.000245261333
0.010970676576
0.000238819878
0.000235801769
0.000528999211
0.001720526522
0.006890257669
0.009505231844
0.000235492573
0.008803387325
0.025225163709
0.00974118977
0.000239658958
0.000843545186
0.002007658595
0.000237186149
0.009203507368
0.01857602056
0.000236478369
0.000245090026
0.000234658291
0.001109718038
0.000235866059
0.0063835708
0.001730495346
0.000245881285
0.000817779602
0.006942729401
0.033455405875
0.00024454482
0.004904982459
0.016724783102
0.000240935392
0.000244196112
0.000245246467
0.009676258104
0.011424359186
0.012879871006
0.028587544287
0.000236656307
0.001977747003
0.004895189786
0.019021852603
0.010354771969
0.004476422885
0.014811555124
0.016874821777
0.025954500285
0.007198454878
0.021355827427
0.000235931288
0.006842581938
0.000528648946
0.0046089607
0.013709651426
0.000239929731
0.000532440638
0.000867363007
0.003538861825
0.005931260291
0.013066220459
0.039200459427
0.00024207557
0.000529042004
0.001152673338
0.027284013585
0.04194863212
0.000235767578
0.0038980821
0.013359264559
0.00023605062
0.005712849797
0.008384892014
0.009550542285
0.000530616379
0.010038506503
0.016008238006
0.000244212999
0.01310118231
0.000236365343
0.002354671127
0.000236238394
0.000529312475
0.000238371658
0.000243467936
0.000531452282
0.000821535921
0.008628818726
0.00053233391
0.002308495495
0.000239999824
0.003427156001
0.000237808723
0.006117505249
0.012160819589
0.007921148968
0.0049445087
0.009958370593
0.000528927262
0.001136943597
0.014044379436
0.000234852899
0.000817051552
0.011700429443
0.044084755161
0.000838363465
0.000235208137
0.000819362913
0.007645966429
0.013103775461
0.000840110154
0.006036138159
0.001126891154
0.000243798025
0.001456680085
0.002383490574
0.000235704696
0.000236412072
0.000234190473
0.000525563564
0.027179327741
0.000236558798
0.002612672819
0.014172065263
0.000243618477
0.00083427679
0.002611071708
0.000236592553
0.001441829912
0.005689679868
0.000246269444
0.003639369417
0.004223607996
0.00052774499
0.005828617559
0.001813064117
0.010788615746
0.000237981305
0.002305684629
0.00669652537
0.004945551476
0.000243304165
0.000246511102
0.002362517137
0.000530433022
0.005878363911
0.000235978918
0.000839524755
0.001424565222
0.0011321324
0.00142468722
0.010374548006
0.002275439521
0.003442625429
0.009176800816
0.01109707132
0.001470611739
0.000533503363
0.002978424406
0.003631628685
0.000234612931
0.000238727361
0.000856551695
0.000242625085
0.000238054848
0.002973893909
0.010258831396
0.002070028538
0.007580086052
0.000238980041
0.001722505504
0.009187853176
0.000237625828
0.005302083044
0.006466348065
0.000237608838
0.000239760905
0.001115157436
0.00592974593
0.000849099205
0.001445766547
0.000238107207
0.003023905856
0.006086233762
0.007861729851
0.000244704667
0.005195116043
0.000244283929
0.001761181608
0.000234212307
0.003212754268
0.005582232039
0.001443280363
0.000235509222
0.004810541516
0.01316970727
0.000235928161
0.002035349234
0.000244047361
0.000530824365
0.000243177884
0.00024409147
0.002147444026
0.000244602683
0.000534731566
0.000827437621
0.009520864234
0.004969908534
0.027043534542
0.03764215349
0.000531106899
0.00298912768
0.005925493317
0.000527684794
0.003596880729
0.000245529962
0.001729853026
0.00024115191
0.000825250645
0.000239204268
0.000244245108
0.007306776392
0.003260280826
0.008355112172
0.000237735997
0.003530821902
0.008456711874
0.011258191807
0.036411470606
0.000818896043
0.009985743242
0.001404672419
0.012398157888
0.015018325842
0.000242642479
0.000239422798
0.003043144671
0.00359069756
0.006997492672
0.000237542412
0.000241246115
0.002051262753
0.000241611492
0.000241432405
0.001152598088
0.002057699929
0.000823140873
0.002103582265
0.000526649982
0.006138343336
0.008470108053
0.015893050284
0.001143382273
0.000532726625
0.001117097908
0.000239060691
0.000235564349
0.002244603061
0.000243769437
0.003181089108
0.000246068551
0.000237392722
0.001112361738
0.003339566623
0.012079911919
0.000234369387
0.002708086361
0.000857312976
0.000243950146
0.000245874359
0.003832146093
0.000235059478
0.000528673045
0.002901723599
0.003777900594
0.004653182929
0.017063869628
0.000236719603
0.004230592512
0.002291304772
0.003759602489
0.000838267893
0.000238094774
0.000243350882
0.000531640965
0.001767797023
0.000237446831
0.001112893042
0.006086780875
0.006669782806
0.000234531611
0.001135903518
0.000245369083
0.001167184233
0.000241261863
0.00024273105
0.000240044631
0.000247000607
0.00052898872
0.000237484654
0.001442740241
0.004672707037
0.000235619379
0.001149886414
0.00316863749
0.003750786753
0.000239111959
0.000234653309
0.000243629185
0.000243890039
0.000240364457
0.005855879131
0.012783733844
0.016882316825
0.000234872848
0.001123271339
0.000832177817
0.003052562768
0.000819309729
0.000243542913
0.000235294906
0.001746788666
0.000528528968
0.001139215586
0.002142501709
0.000857498671
0.000235971063
0.000850460444
0.000233620597
0.001476847579
0.000238026814
0.000529177135
0.000236509624
0.000819624282
