0.000239536687
0.004851369479
0.000241487825
0.000241992729
0.000240685422
0.000241124718
0.000238939378
0.003294563113
0.000235221449
0.009186839784
0.000236185854
0.014522089886
0.019038229979
0.009979712899
0.000848375207
0.014214875893
0.002381178651
0.001113778486
0.0061460419
0.010635481183
0.058833939595
0.005138310508
0.005166777608
0.006742295064
0.000245073459
0.00085502158
0.007997810661
0.000824580562
0.005274638659
0.013408223672
0.000525743343
0.01636378386
0.027711486324
0.000237301513
0.00024085606
0.002927700674
0.011628200086
0.005283354843
0.007080696481
0.007663773982
0.006519314682
0.012691413996
0.018054249461
0.000235903208
0.000242517041
0.000235207739
0.003014437225
0.001143521995
0.001725758148
0.02037186809
0.006139199579
0.001457144316
0.0071683184
0.014667199579
0.003809626333
0.044157704275
0.053430743342
0.000238230168
0.003332535341
0.000241511055
0.002714922585
0.000242296784
0.000243638565
0.002973421006
0.007399229059
0.000241122007
0.008082579147
0.000245363435
0.000235098607
0.000239438341
0.000526499543
0.001118535384
0.00084119432
0.000240581464
0.00322992935
0.008009999212
0.023951450931
0.005222625813
0.003763818147
0.020223743205
0.037809671373
0.00503240856
0.002921380912
0.011584429032
0.000240208643
0.005848659717
0.009561853162
0.000245039849
0.00024186727
0.000838310375
0.004931162201
0.009477761179
0.000532950794
0.001459618021
0.01803487677
0.000240277069
0.000235739738
0.007095973053
0.012060668926
0.007586633949
0.000849901337
0.006732980366
0.013811633043
0.000235595017
0.002940980622
0.013899475647
0.000236907026
0.005905460805
0.000240423411
0.000238476951
0.000834452211
0.005771754564
0.000818564894
0.003151193011
0.007125752899
0.021177103501
0.05523860207
0.06762860513
0.075708851905
0.000236581499
0.000234211338
0.003314080905
0.011195931604
0.00302801465
0.008346869527
0.000236177078
0.000241140117
0.009139157067
0.013379231635
0.005100265742
0.004987362459
0.014002110598
0.002412360123
0.000822274061
0.011976123891
0.000242692367
0.000245064145
0.000245132597
0.000243334729
0.012494661052
0.004320772903
0.012239301648
0.000233988657
0.000238488995
0.000235302468
0.000246279615
0.000239602134
0.006894913091
0.008300042762
0.010276364849
0.000241240445
0.000526489829
0.010057714639
0.000238807713
0.000836306721
0.000242020909
0.000527164377
0.002506215492
0.007712840102
0.001420439772
0.00638259408
0.052142734135
0.00358709993
0.000235307604
0.000235827304
0.000240382003
0.000246409742
0.000239896321
0.005749136302
0.007245012124
0.000240295228
0.000233872049
0.000526738304
0.000240251484
0.000237009535
0.007236098196
0.057603129067
0.000241867966
0.000236692914
0.001428161618
0.007352514442
0.000240697805
0.001108335738
0.008723114563
0.009594681794
0.006447666879
0.007029400935
0.002401257105
0.00024451403
0.000245205351
0.000243875305
0.008897799062
0.000238525503
0.000531039435
0.002036756231
0.008557280162
0.007660852
0.000235381969
0.000241633243
0.000527794889
0.000239393675
0.010592274721
0.018073829882
0.003278472432
0.000235161888
0.000525354143
0.001135768097
0.003002788399
0.000526607597
0.008854504131
0.032073709248
0.000234056529
0.000525021036
0.017323029036
0.000235280592
0.000238399038
0.003467713374
0.004063475361
0.000866584796
0.013242204838
0.000235857375
0.000528059365
0.003514741391
0.011509296032
0.00024187582
0.000234644036
0.00023526723
0.005393442126
0.00023819486
0.000241801287
0.003588528107
0.001112978602
0.004915491804
0.00024400701
0.029930626998
0.000236962192
0.000825507216
0.001711666665
0.000234112347
0.00023574121
0.002732637119
0.000529062756
0.000237238432
0.000241455448
0.001175898947
0.017845682243
0.008055329439
0.020075151594
0.074091638886
0.000527214886
0.000245571421
0.003013122745
0.001114539236
0.006147568096
0.000532840233
0.000533339725
0.004373982555
0.00729810248
0.030574682045
0.000240011935
0.000240888376
0.006106884097
0.022747019841
0.00023439028
0.000245676613
0.000246490015
0.000236585395
0.014516935013
0.00885269523
0.003023577461
0.002290220279
0.012759083797
0.039011544563
0.000246176337
0.001400879885
0.005255979841
0.013646918905
0.000238004412
0.005512741587
0.008757171876
0.065125504483
0.092844929589
0.000842175799
0.008422578223
0.000243309598
0.000245083556
0.006110375188
0.000237619994
0.000240319464
0.00799878854
0.02027056368
0.000237658923
0.000243393134
0.004918324686
0.000237466289
0.007630254501
0.011912095827
0.003054646806
0.000530497488
0.00053139711
0.001140327242
0.024186677097
0.000239694742
0.000823610418
0.006097935084
0.0002458603
0.003623314675
0.00551836253
0.000243154819
0.00023462674
0.000526361589
0.000244008933
0.000236002189
0.000247225516
0.000823822693
0.010454246658
0.00330906368
0.005841938429
0.007297739517
0.029446354011
0.000826407411
0.00746596555
0.04039025647
0.000236506508
0.000241661604
0.000534202281
0.007525158344
0.027707373409
0.000237909366
0.003920366776
0.000236739899
0.000534241187
0.000531603375
0.001784755226
0.000235783053
0.000242253209
0.002696850595
0.0014310672
0.000237168269
0.000243350174
0.00052978141
0.000530672154
0.000245806138
0.000237039394
0.000235162492
0.000528579944
0.002672951
0.000239814193
0.006733228695
0.020513712285
0.001155386382
0.000244992389
0.000240942207
0.004479279787
0.01449837936
0.046675755184
0.081183708886
0.004007515539
0.000532945729
0.012093390278
0.020725421532
0.00024133297
0.004658631354
0.000235119619
0.004288955611
0.000238440032
0.001988542625
0.003762517965
0.00934042222
0.005752498978
0.000239770444
0.000535426017
0.000241412887
0.010242639912
0.000236578846
0.002639146165
0.016164283419
0.002723258006
0.00023955597
0.005313224751
0.006189189286
0.000246413843
0.000242071781
0.000242504743
0.00023420838
0.00023455322
0.002293300811
0.003168674493
0.003752705282
0.018978827124
0.011334189201
0.019274033559
0.001164211995
0.00023512418
0.004024846128
0.000240998816
0.001744624048
0.00980656517
0.000236427634
0.0005318985
0.006133325938
0.011085063703
0.015420085829
0.000824754745
0.000235014869
0.000241871576
0.004790416934
0.014901515447
0.017590403046
0.004209087956
0.012070489929
0.00023704228
0.000238024904
0.000235019568
0.003700826472
0.002031182289
0.004958015522
0.000245883675
0.000244388069
0.004615809624
0.007943484666
0.000240859207
0.000240919841
0.000241852851
0.000242973738
0.001692704018
0.004303330189
0.011806500637
0.012641780684
0.001153344332
0.000239733074
0.000531734236
0.00023446309
0.003676931513
0.000243424096
0.001172815389
0.006865525142
0.002397149277
0.000237324135
0.001151433797
0.000238058259
0.005334017176
0.015569052213
0.000244870967
0.000245959091
0.000246275635
0.039608026249
0.000244125936
0.000528316927
0.001731626559
0.00024547489
0.000848108701
0.000243132781
0.000244087311
0.000243301624
0.000237561551
0.001446945877
0.00900326777
0.002717363819
0.000243190831
0.000821734438
0.001405114015
0.005485318498
0.000537789392
0.000236947324
0.000240493289
0.004514186201
0.000234762462
0.006847929688
0.000234713932
0.000238874667
0.000529472651
0.005149044185
0.00543186031
0.006015791621
0.000862270302
0.00053282045
0.002690103222
0.000238472946
0.000241410209
0.006070680227
0.000241152611
0.000242018591
0.000236628108
0.002872926586
0.006991761673
0.000826978019
0.013182291753
0.000234759954
0.000240505303
0.001152655947
0.000240481904
0.008676572892
0.004226743277
0.034449077663
0.000865329924
0.000235781507
0.000236838201
0.001111220894
0.003774721238
0.005231895976
0.000246321455
0.000241925455
0.001697054452
0.002279133384
0.000234411412
0.000240936516
0.000243923941
0.00024285401
0.010464192716
0.000832604585
0.000239611506
0.000530896132
0.00325943429
0.011181475589
0.000242809393
0.000236640056
0.000243402542
0.026248176993
0.051687269084
0.000236025672
0.000242533841
0.000535371536
0.000244844735
0.00024421953
0.004832073615
0.000239227822
0.00023865427
0.001114649055
0.000236741886
0.000235953387
0.000236074505
0.001727308416
0.005458378762
0.000240431868
0.000856890348
0.00023753136
0.000237641107
0.000237970293
0.007674984107
0.000244698117
0.002417682345
0.000233575303
0.000243572543
0.000527919559
0.00112504841
0.002038059391
0.009402136622
0.000236707505
0.000529012255
0.003761257966
0.001443541559
0.007442453542
0.00024285496
0.004513314848
0.002059584824
0.000236027198
0.00024289049
0.000243610418
0.000535274599
0.001792687744
0.002944861052
0.013993152083
0.000240363276
0.001722983648
0.000238248671
0.000238258348
0.009032450671
0.000234134229
0.005756284557
0.000237659725
0.000241474656
0.002464869233
0.004778397371
0.00179954248
0.009118705011
0.000241047397
0.000528900368
0.000526725556
0.011421793747
0.000245155018
0.000241214313
0.007925084014
0.00482504624
0.002439284858
0.00024200488
0.001749395071
0.000242527107
0.000842826995
0.000241901828
0.000233831384
0.000525817844
0.004128376185
0.000234861229
0.000832056008
0.000837814485
0.003506059291
0.000825205029
0.000246492918
0.004517116164
0.000234130508
0.00024334564
0.000241775132
0.000529668706
0.000239967711
0.000240086905
0.006634055651
0.039466334117
0.00023445726
0.000241767058
0.000236101059
0.000237804658
0.000819193977
0.010476515122
0.000243834531
0.000244507408
0.000239585599
0.000234878915
0.000246288883
0.000246459276
0.000868340227
0.000241108953
0.003900011078
0.000235713584
0.000239694668
0.000850800311
0.008049563056
0.0215487798
0.000235832406
0.003478590473
0.021327734816
0.004594397027
0.001797770866
0.030051617079
0.007612033582
0.00389983911
0.000237104008
0.000237983684
0.000238507859
0.006097945501
0.005429267083
0.006626801451
0.000245442335
0.000244503515
0.000234845597
0.000246213387
0.000246601823
0.003543836796
0.000239768287
0.000847423472
0.000239507077
0.002644718605
0.001131462211
0.006248309705
0.000235889728
0.000244020151
0.000241928939
0.000236779901
0.000245519734
0.000234218251
0.004692163065
0.000241897854
0.001721619203
0.002305509166
0.041556231084
0.003805266183
0.000238758117
0.000244540461
0.000825964203
0.005151562029
