0.000242694731
0.008439574104
0.010136921262
0.000243299616
0.00024564141
0.000241331807
0.000236214761
0.004985794274
0.000238554553
0.011774651596
0.00023466455
0.003012920827
0.00023870767
0.000237884905
0.005130905292
0.000242655773
0.001127334308
0.001724714097
0.006141537892
0.00504380513
0.009741349501
0.015068774969
0.016361581897
0.00024232538
0.001471685585
0.000237234429
0.000531188751
0.003692079529
0.005605133575
0.019267665194
0.000246550815
0.000234260968
0.002656702
0.000235075968
0.000821588872
0.000235858723
0.000234621135
0.000235852123
0.000821132211
0.002125716946
0.000234878996
0.008134013385
0.000243701758
0.000237706192
0.005129978415
0.0002376909
0.000243122171
0.000239489825
0.000235660085
0.0002448525
0.000245402051
0.000240505595
0.000531830996
0.001114976194
0.000246825116
0.000238729472
0.000531345248
0.00023633646
0.000235826231
0.005152289398
0.000237806435
0.000244029435
0.00082790689
0.000239861619
0.000237370524
0.000530773097
0.000831113997
0.001414210502
0.000241293444
0.000535364465
0.002702657794
0.000238580771
0.00297453498
0.001174319938
0.000234804954
0.000819243379
0.00023805863
0.000235329536
0.000243582992
0.000861173734
0.00270267156
0.001114336856
0.010916908781
0.000239566933
0.001998149061
0.005903998893
0.000238666579
0.000530843348
0.002044677164
0.000243368735
0.002064605824
0.000234576502
0.000817724162
0.000533205818
0.000242142184
0.000534793583
0.002728595627
0.000246292727
0.000239033196
0.001148304121
0.001439705947
0.000243400496
0.000239859808
0.00084872292
0.000240920637
0.000233969364
0.000526487443
0.000843351374
0.000234987888
0.000237557383
0.000246476318
0.000842541592
0.002411311433
0.000239177305
0.000239931068
0.000237002475
0.000526442435
0.003794160752
0.000237747871
0.002898714
0.000241906919
0.000235598464
0.000234360655
0.000830987438
0.005439637325
0.00083368431
0.000834631631
0.000238249487
0.000243713116
0.000241036236
0.000244995484
0.000836192639
0.0002352529
0.000238223976
0.001430919956
0.000244721731
0.000855676168
0.000245797143
0.000234739129
0.004134959945
0.003333315101
0.000240565741
0.002968828967
0.000234455287
0.00117234439
0.000234746171
0.000246296743
0.000817836777
0.028812521083
0.002656295244
0.000247085762
0.000838952015
0.00023844696
0.002640820845
0.000236423243
0.000243007376
0.00023561129
0.002649245041
0.000236212561
0.000240095996
0.000239255709
0.000240771358
0.000245283516
0.000239343086
0.000239646392
0.000244092624
0.000240985721
0.000244060685
0.000245856185
