0.015841151109
0.000529863614
0.017986545304
0.011898403133
0.000238985362
0.000527748399
0.000236863943
0.008957449589
0.00023657448
0.000240266573
0.000243926122
0.000245938223
0.033640591768
0.005565661988
0.000532031175
0.00233208191
0.000239768756
0.001493436755
0.000245725644
0.000238609985
0.004027364405
0.001134333298
0.007897038635
0.015535295173
0.002443461414
0.005674071659
0.007376098019
0.000247082794
0.000246935053
0.003929492757
0.000235771803
0.00052900082
0.010171005323
0.004386795727
0.011445254758
0.00024283299
0.000246168475
0.000239609593
0.009605451274
0.003548136178
0.000246314292
0.007733631536
0.029187107791
0.015727194573
0.034182078707
0.001163068695
0.000821337803
0.016538844402
0.010341424246
0.018080798298
0.000243740268
0.011565908397
0.027847482062
0.008635480382
0.013036190197
0.025506707655
0.007664721217
0.000235131783
0.000243267182
0.005914139113
0.004568390419
0.000233249571
0.006308023889
0.02475670926
0.000236944242
0.000245640552
0.00023792009
0.005328585868
0.000234955102
0.000827272241
0.000237991467
0.000243807696
0.000239288966
0.000235542988
0.001526109281
0.001461289923
0.002949024557
0.003544572367
0.000237693174
0.000247216591
0.000245613202
0.000237633308
0.022614301559
0.041676173051
0.049122333724
0.000240511523
0.001936357411
0.001440511789
0.004422745247
0.000239408958
0.005790653131
0.000238715023
0.000244454584
0.003037940458
0.000244520644
0.000835441244
0.000830562125
0.010286856892
0.000235807241
0.000528244649
0.000244694998
0.000532183314
0.000236127367
0.000240442846
0.000242586615
0.001440245137
0.004329061719
0.000242100929
0.004912234399
0.000237967068
0.000822771172
0.006121503838
0.007082978214
0.00023432954
0.000242419162
0.000533701918
0.001793582384
0.000236978633
0.009325377156
0.000243193352
0.000238645627
0.000239550775
0.00053225571
0.002710256622
0.000238725933
0.000239550466
0.000236996372
0.005369770793
0.000236255061
0.003835198615
0.00023802794
0.006787652168
0.009703487006
0.000240242266
0.004201072597
0.004729364517
0.006477776279
0.000235888005
0.002745650285
0.000239851882
0.000233823181
0.000234745615
0.00426687525
0.007193975232
0.000235359534
0.000240733082
0.000533147468
0.000530674124
0.002991359487
0.000234632145
0.004117760071
0.000241979001
0.000236916298
0.000244589512
0.004672911196
0.025063439085
0.000243164078
0.000244123373
0.000241606247
0.000242457306
0.000239506522
0.001731444826
0.002898352293
0.000243435911
0.000236805744
0.000245678963
0.000236783906
0.004686871981
0.000243322629
0.004626088173
0.000244549886
0.000238849829
0.005945688582
0.000242377089
0.000533590048
0.000240018227
0.00053299482
0.00024447635
0.000245609611
0.000529350513
0.002303699624
0.000234303195
0.000526566022
0.000234703332
0.004249566422
0.000526950243
0.007204716475
0.000240548776
0.006725406826
0.000241454964
0.000527400448
0.010886089272
0.000239360272
0.000823829044
0.002028595015
0.000532618529
0.004913311509
0.00085593897
0.004836568728
0.000534231161
0.000237269604
0.000529867572
0.002052613272
0.000819548143
0.000530524459
0.009376049456
0.00319475887
0.005870320832
0.000242496515
0.003516247526
0.000234642088
0.000238980892
0.000525806036
0.000237600433
0.000529971066
0.000243054346
0.000235001234
0.000526033279
0.005139046752
0.017981939443
0.000241625648
0.000241769361
0.002584315526
0.012700598525
0.000527370042
0.000239826402
0.000244183016
0.003250487255
0.024942253983
0.000246193274
0.004575352592
0.000530299143
0.000237077433
0.003627288885
0.00052826689
0.002089557714
0.002836903411
0.00085523362
0.004367732781
0.003589752638
0.000239022804
0.000821136067
0.004614182893
0.014398288983
0.00023660969
0.001414783124
0.00023678305
0.002086673528
0.002682636559
0.006179898547
0.007410716654
0.00084639325
0.00024668838
0.004273194233
0.000239443621
0.000823837298
0.014725865417
0.003980461905
0.000238211143
0.000234494964
0.000533014948
0.001116863305
0.006772116141
0.000241016526
0.000236555509
0.000863062135
0.000864351302
0.00498440364
0.001717969337
0.000866371652
0.006396914412
0.000533364707
0.003523942346
0.000244106558
0.00083945657
0.002337090958
0.000822494842
0.0034614476
0.000241406721
0.000529383077
0.01043861149
0.000843958595
0.005203111576
0.002293360366
0.000240606706
0.000856909367
0.008342587864
0.000530884291
0.000240322426
0.001731330793
0.044937537264
0.00023554952
0.000245884603
0.001722724436
0.000239697953
0.000847112875
0.000828711802
0.001739120054
0.001438815035
0.00929193794
0.005617387891
0.000243735382
0.002411646263
0.000829582045
0.000246469777
0.000528619597
0.000240233971
0.000243472574
0.002021138851
0.001482627505
0.001947803541
0.000240014036
0.000856955521
0.00024326434
0.00023623137
0.002629682952
0.000244392022
0.001182280385
0.002575790674
0.000818120159
0.000239198087
0.000537908168
0.00082534306
0.000840218091
0.003782062057
0.00145084239
0.003861978985
0.00024154504
0.00360832789
0.000235033213
0.007715132041
0.004136482821
0.001136365185
0.000234736665
0.000531723559
0.000823958696
0.000861370061
0.000240665627
0.000237443879
0.000829264384
0.000238671816
0.000246074182
0.000236902977
0.001152731443
0.007365225671
0.000238206051
0.000530405388
0.001798139976
0.000244458325
0.000533175057
0.000236194076
0.000530104476
0.000244716999
0.008414918359
0.022277707623
0.002382452619
0.000236430461
0.000235938723
0.000236955022
0.000529260568
0.000243501513
0.000527077354
0.000242859575
0.000864746205
0.000242809002
0.00455966205
0.000532729044
0.000245527671
0.000240316226
0.000240413176
0.001463585806
0.001748478558
0.002682451726
0.001178913185
0.000244410677
0.001743801362
0.000240709756
0.000234569919
0.001136593317
0.000235840698
0.000243062335
0.000826142078
0.000238352769
0.000242635189
0.000234577378
0.000241002948
0.00024176145
0.000238847117
0.000234866022
0.00024242419
0.001169118911
0.000246560915
0.000235942029
0.000238790118
0.000245050239
0.000235101887
0.000237975945
0.000238050992
0.000245145817
0.000244415178
0.00023842815
0.000245624968
0.000243112865
