0.000240395521
0.000839450662
0.012708635849
0.000240838027
0.014406280591
0.048676870822
0.00084478417
0.014586367088
0.000246014612
0.000236026594
0.000243941629
0.000530209919
0.000236568524
0.034722070194
0.008252715663
0.020694858309
0.000241330428
0.000245652762
0.000240397401
0.005617721069
0.01519573796
0.01658841981
0.063008133762
0.068901686102
0.000234569216
0.000242153889
0.000819683781
0.00024136707
0.000243949851
0.000849459875
0.000233707812
0.000243828779
0.024791217323
0.069176996678
0.000239553951
0.031896864715
0.000234353881
0.000245978385
0.011027894133
0.015783237213
0.004897533329
0.00023846202
0.004366668843
0.016351082819
0.003655371177
0.00497843234
0.01227895477
0.018348055523
0.019198520001
0.000529151385
0.005538514243
0.026350828557
0.059089923504
0.007590556825
0.000234782417
0.005855040833
0.000240342251
0.010428860362
0.06754840975
0.000246055918
0.009136129542
0.006730171055
0.000236265932
0.000242523811
0.000243452576
0.00812008741
0.000238020143
0.011413386521
0.000237683173
0.006862822894
0.014770262848
0.018559735696
0.000243412232
0.007800592916
0.002004028712
0.020768135285
0.026739493713
0.056054785367
0.000241266196
0.000241787589
0.004753808794
0.023441885285
0.000236378508
0.008738174565
0.005516931969
0.00990125012
0.023605739422
0.036818567752
0.000235044539
0.000246128591
0.000526575792
0.006096383185
0.031510021403
0.000245974692
0.012272749831
0.027058630804
0.000243320387
0.000536037405
0.00024519131
0.007231104507
0.00024468399
0.008756709981
0.015806705803
0.02284461904
0.005124859744
0.026978642075
0.000243666048
0.000535420622
0.01860943682
0.005149991601
0.005745339858
0.065632013263
0.004684015967
0.005266036079
0.015178147719
0.00520351017
0.009401790622
0.014619053813
0.03997985662
0.000243114926
0.000246715522
0.018153577498
0.016623485349
0.033800647182
0.006906013761
0.052922170319
0.000242673761
0.010709924798
0.000245129259
0.000234824361
0.000535853709
0.000246049813
0.002600833325
0.043021380428
0.061358554433
0.011104307466
0.018394077968
0.000244377016
0.0072543317
0.009861296796
0.00024059816
0.002692692456
0.011913865338
0.053384704076
0.008945285557
0.005113508717
0.008056855695
0.000235636169
0.02498645304
0.025446111036
0.061350749789
0.062388481546
0.000239064773
0.000238662364
0.000529911592
0.005893494831
0.000237809536
0.010350772542
0.012825425242
0.000239997065
0.00023985015
0.000245078793
0.018018825878
0.062513600879
0.004694543742
0.000239898222
0.000532851565
0.005992245713
0.000241331974
0.008376982061
0.07049914106
0.000237860817
0.000821936444
0.019373779408
0.03696933729
0.121861790609
0.006549406939
0.012807225597
0.003870471772
0.000234617546
0.000526598833
0.006825193344
0.000527045612
0.006294371794
0.008233068905
0.000235242522
0.000233722406
0.003348652978
0.017000197935
0.000527430808
0.007692600546
0.004240172454
0.000237633132
0.008521214908
0.00023981988
0.000242521936
0.001170208859
0.00024531792
0.006475934633
0.000826260879
0.004406578591
0.00053136663
0.000235573361
0.000246931669
0.007693157813
0.015742103813
0.000531138771
0.003230399205
0.000526988367
0.00690475132
0.000845504704
0.000235230946
0.00319152426
0.013494474719
0.000233879207
0.001110541368
0.05686877384
0.004439154535
0.000236810854
0.000528422611
0.006092771818
0.000535594048
0.0060495911
0.074037336195
0.002096496852
0.000237771139
0.007647718426
0.000237539293
0.008945690557
0.016267437505
0.000240857636
0.000532308258
0.012205624887
0.000236763819
0.005053546992
0.008996722399
0.001112245881
0.003152083209
0.011891262468
0.016261424457
0.081680141841
0.000240595061
0.001445410134
0.0023059011
0.005235279385
0.031967581493
0.001433767799
0.009806203245
0.000527752701
0.001705938857
0.00732358167
0.00023458957
0.005003651697
0.005586082701
0.003557215198
0.000235726333
0.003673673209
0.000236028048
0.000239637387
0.001841314141
0.004477356585
0.001745464033
0.000238959249
0.005699165841
0.062931561185
0.000234893544
0.000526041542
0.006978002037
0.000245147618
0.001767644303
0.00493883522
0.000242383824
0.003666608612
0.00024470556
0.000534577803
0.001420861379
0.002017245676
0.003207787585
0.000240021313
0.001466088384
0.017645309778
0.000239032328
0.00439453354
0.058470530533
0.067579929549
0.001194425725
0.010274516587
0.07624500697
0.001698628975
0.003410258542
0.024406604048
0.000243372682
0.000234483679
0.000527335152
0.000818206631
0.00082739837
0.000235645246
0.000246646231
0.000817842858
0.000234890125
0.013680889784
0.021706085552
0.042372107294
0.000236793122
0.001480329674
0.00052925683
0.003663258368
0.001120909067
0.00023644591
0.001912599738
0.014419218637
0.004754987012
0.000239586212
0.000532566035
0.007576906708
0.010946735788
0.00229376059
0.026359128666
0.060149006386
0.0748222814
0.000244820909
0.000237536468
0.011649426218
0.000234162875
0.024689912506
0.03183850672
0.008977629429
0.010993874772
0.002765465289
0.007767310408
0.00835035987
0.031611999587
0.000823374126
0.000843565762
0.00481377816
0.000237113203
0.001124345746
0.003469565537
0.000240835015
0.000853325382
0.006088970018
0.035988134943
0.042816142702
0.000528534256
0.001122813849
0.000237256495
0.000528940951
0.000529540862
0.006918790035
0.000243686323
0.000237331298
0.001123792896
0.000237763838
0.000529251344
0.000529784641
0.00023435892
0.000527945608
0.000242985848
0.005792324482
0.001113400937
0.006160966091
0.062912713899
0.000237954506
0.000530228366
0.015318748387
0.018230586981
0.000246980125
0.000235420855
0.006435806496
0.011119271796
0.023808191481
0.000235591405
0.006844671177
0.021605233199
0.03383275537
0.000837170874
0.006936338499
0.0002364246
0.005289662479
0.017820459111
0.000237846598
0.006143709071
0.012308393696
0.000234413443
0.009562469588
0.000236591238
0.000233823911
0.005936711648
0.006484190001
0.000235181384
0.005579238175
0.000244013511
0.005823279014
0.000236803198
0.000528655113
0.001402088148
0.000237256235
0.000238032731
0.006454665218
0.000242867682
0.000234531283
0.001420384413
0.00758678455
0.000530517476
0.010364632679
0.000239731542
0.00501356848
0.000528227898
0.000532871224
0.013452300095
0.017174919987
0.000236644944
0.000237662852
0.000821764283
0.000242927002
0.000233676212
0.000524792885
0.009514701073
0.00023836933
0.000525005663
0.008406419503
0.000238168053
0.004803283632
0.000245203841
0.005927157517
0.000528869753
0.002901350856
0.01448438446
0.000233988315
0.006473008923
0.012303061244
0.00113858533
0.000242280482
0.001150898965
0.003479073983
0.000237080804
0.010327623253
0.010911419142
0.035748535988
0.066736580939
0.000234902716
0.000243463188
0.002009030237
0.002592282133
0.026939667833
0.000527699248
0.011427460287
0.036095791202
0.000235754885
0.001720133058
0.010210287068
0.005890525296
0.000233895349
0.000526299037
0.007898860638
0.000234286311
0.001109667851
0.017088466867
0.024367616522
0.000239464697
0.000242626499
0.006564973841
0.000237259629
0.002174805956
0.009436117699
0.008670849888
0.01294574731
0.000533964101
0.003247099194
0.004716676647
0.042145317644
0.000524663937
0.00742530551
0.035756622462
0.054642032379
0.00024071304
0.000245970295
0.000235393831
0.000527956736
0.002578838301
0.008681676299
0.000528358891
0.003899466213
0.003455228404
0.008852960184
0.013249906423
0.003035793124
0.004040662393
0.038127561492
0.000242618105
0.000530610073
0.00116328502
0.000237463769
0.000245790554
0.000234737994
0.000526638885
0.000235176985
0.000527843994
0.002113106223
0.007521775379
0.000533043191
0.004944601604
0.00024072042
0.000238350126
0.004186834627
0.006834316857
0.000236391506
0.004383052151
0.015207699353
0.026426244566
0.036563471678
0.000241897287
0.000244907665
0.000235024667
0.000527469574
0.000236456544
0.002380733301
0.000235641806
0.002025709752
0.005689013606
0.003087056699
0.000234754336
0.000241136405
0.002353379592
0.000233552849
0.000527187988
0.001123931923
0.002466970019
0.000235077168
0.000235569357
0.001149192951
0.009115808908
0.000238032674
0.008895995418
0.024986752078
0.000237607053
0.000243441586
0.000834301392
0.00813300704
0.000235310387
0.007129342452
0.014881589852
0.026989534978
0.055020236329
0.000234861991
0.003536609952
0.00023613021
0.000819417549
0.005392460779
0.019452198075
0.000528709751
0.005849712051
0.000534620934
0.001153358795
0.000242597788
0.00053037997
0.00708721539
0.010000720157
0.031713676282
0.000237002215
0.000243023545
0.007135680233
0.000235479514
0.000241211118
0.000235006935
0.001706356053
0.002453898723
0.007000819482
0.000244076546
0.007039598263
0.026808219357
0.011909193727
0.000238039677
0.000854890584
0.003793979609
0.000240892062
0.00853422381
0.016598633495
0.000236828389
0.000237263885
0.001151323632
0.000529652758
0.008196975925
0.004830092599
0.005069632352
0.000235793716
0.000817156367
0.007015189777
0.008058023404
0.000246347129
0.006167299335
0.018519354062
0.000244564754
0.000237959475
0.00023900983
0.00081971314
0.012167666846
0.017423598183
0.035065309986
0.000239674122
0.002262456472
0.018143277026
0.021055290461
0.011303353319
0.004392258478
0.006750202779
0.012164089869
0.000239461538
0.003285231292
0.000818972788
0.004042446823
0.025719718447
0.000238819748
0.000530614327
0.000868477885
0.003563381958
0.006618268991
0.0190174436
0.048182967459
0.000235189027
0.000535155461
0.001188392315
0.007250938593
0.016894369384
0.000242702706
0.002697306689
0.007490254273
0.000245813121
0.00436671577
0.014514528401
0.059122741484
0.008811961472
0.017309886018
0.000242685646
0.009570624455
0.000533525176
0.00237383096
0.000233706606
0.000526780687
0.000239394355
0.000234435533
0.000234663528
0.001109048859
0.005281696076
0.000829589074
0.003204511033
0.000240205212
0.003333281315
0.000527415583
0.005893274232
0.00841301557
0.009103672452
0.003130945936
0.010732726872
0.000528657222
0.001112678038
0.011189673059
0.00170759917
0.014422089836
0.027844262477
0.000830304471
0.000242017967
0.000826172743
0.005882056434
0.010261742601
0.000832273253
0.003641497764
0.001138330461
0.000246046763
0.001497928823
0.002105427196
0.000234546993
0.000526638792
0.000240267337
0.000531640428
0.009113870681
0.000239395866
0.002500153401
0.010824708527
0.000235376442
0.002042767332
0.004094569473
0.000531558306
0.001419748979
0.006966806798
0.000238170435
0.002959024034
0.004125499324
0.000533455814
0.006033793578
0.001735811129
0.019449637397
0.000233687282
0.001706306722
0.008552851752
0.001158780594
0.002403423255
0.000242323808
0.000243502415
0.00242450845
0.000241612251
0.006059307062
0.000237732194
0.000854940219
0.002641749369
0.001420747012
0.002017522363
0.011038006876
0.003742344015
0.005784006015
0.006365190202
0.01349987573
0.001468820678
0.000530464452
0.003216691883
0.013407694772
0.000236878773
0.000528454866
0.000243091925
0.000821916259
0.000245441257
0.000244002843
0.003070841904
0.004680038273
0.00240593515
0.012927398605
0.001111034928
0.01353888433
0.000237048991
0.006779808128
0.008237579269
0.000241196604
0.000238112178
0.001113508709
0.006079629677
0.001138703097
0.001723547522
0.000237363463
0.003070984785
0.004666067583
0.012781245413
0.000235468354
0.006996893268
0.000242573724
0.001798471403
0.000233835145
0.003186312883
0.005857580395
0.001440019561
0.000533598303
0.007805966476
0.009258631221
0.000236671953
0.002062093026
0.00023486747
0.000851625665
0.000234107894
0.000241547644
0.0020669002
0.00023511564
0.000818443503
0.000531638832
0.0092709155
0.002656979241
0.021806631954
0.045511518394
0.000528981363
0.003319212313
0.002980924041
0.000235022729
0.003634218664
0.000235826325
0.001708671549
0.000235940313
0.000820039048
0.000237572151
0.000245531311
0.005521971838
0.003223439534
0.014082835374
0.000240403588
0.00297719955
0.007088605861
0.01178393319
0.012991199639
0.00111605922
0.009462786824
0.001695179726
0.003590457345
0.011351904475
0.012809358193
0.000244259348
0.000533292128
0.003298031475
0.003785251133
0.011668112224
0.000236750573
0.00024604687
0.002098735065
0.00024182728
0.000238797556
0.001158620329
0.00382724779
0.000846464563
0.034576205521
0.000234809317
0.002888482295
0.006718365649
0.011000003233
0.002069327531
0.00023608626
0.001150457543
0.000235702747
0.000243017748
0.002074710384
0.000245006353
0.003295128259
0.000239154018
0.000239459988
0.001114429004
0.001988343393
0.007685825738
0.000234796666
0.00266951364
0.000858482587
0.000241742715
0.000241667994
0.003953420753
0.000238952043
0.00053274458
0.001116928174
0.002876279188
0.010176702541
0.000234221704
0.004228094613
0.001431495365
0.005611776917
0.000834970793
0.000246553159
0.000237826252
0.00052641176
0.001772281332
0.000236339798
0.001111756547
0.003175195849
0.005506879066
0.000236087546
0.001137459453
0.000240333904
0.001162149054
0.000234564239
0.000239219552
0.000242178308
0.000236755983
0.000531744096
0.000527593534
0.001995824139
0.003755709524
0.000532241522
0.000823210931
0.002023203812
0.004355758051
0.00024025881
0.000243834569
0.00024398358
0.000245574903
0.000240819783
0.006141912197
0.00829984345
0.011490905427
0.000528700415
0.001113098906
0.000856250627
0.003696882251
0.000855465504
0.000241116724
0.00023568892
0.00052687749
0.001414001648
0.000527696223
0.001112382841
0.002048717514
0.000847532907
0.00023985619
0.000863950297
0.001732307313
0.000234946158
0.000528096437
0.000235151413
0.000831266071
