0.000239536687
0.004851369479
0.000241487825
0.000241992729
0.000240685422
0.000241124718
0.000238939378
0.003294563113
0.000235221449
0.009186839784
0.000236185854
0.014522089886
0.019038229979
0.009979712899
0.000848375207
0.014214875893
0.002381178651
0.001113778486
0.0061460419
0.010635481183
0.058833939595
0.005138310508
0.005166777608
0.006742295064
0.000245073459
0.00085502158
0.007997810661
0.000824580562
0.005274638659
0.013408223672
0.000525743343
0.01636378386
0.027711486324
0.000237301513
0.00024085606
0.002927700674
0.011628200086
0.005283354843
0.007080696481
0.007663773982
0.006519314682
0.012691413996
0.018054249461
0.000235903208
0.000242517041
0.000235207739
0.003014437225
0.001143521995
0.001725758148
0.02037186809
0.006139199579
0.001457144316
0.0071683184
0.014667199579
0.003809626333
0.044157704275
0.053430743342
0.000238230168
0.003332535341
0.000241511055
0.002714922585
0.000242296784
0.000243638565
0.002973421006
0.007399229059
0.000241122007
0.008082579147
0.000245363435
0.000235098607
0.000239438341
0.000526499543
0.001118535384
0.00084119432
0.000240581464
0.00322992935
0.008009999212
0.023951450931
0.005222625813
0.003763818147
0.020223743205
0.037809671373
0.00503240856
0.002921380912
0.011584429032
0.000240208643
0.005848659717
0.009561853162
0.000245039849
0.00024186727
0.000838310375
0.004931162201
0.009477761179
0.000532950794
0.001459618021
0.01803487677
0.000240277069
0.000235739738
0.007095973053
0.012060668926
0.007586633949
0.000849901337
0.006732980366
0.013811633043
0.000235595017
0.002940980622
0.013899475647
0.000236907026
0.005905460805
0.000240423411
0.000238476951
0.000834452211
0.005771754564
0.000818564894
0.003151193011
0.007125752899
0.021177103501
0.05523860207
0.06762860513
0.075708851905
0.000236581499
0.000234211338
0.003314080905
0.011195931604
0.00302801465
0.008346869527
0.000236177078
0.000241140117
0.009139157067
0.013379231635
0.005100265742
0.004987362459
0.014002110598
0.002412360123
0.000822274061
0.011976123891
0.000242692367
0.000245064145
0.000245132597
0.000243334729
0.012494661052
0.004320772903
0.012239301648
0.000233988657
0.000238488995
0.000235302468
0.000246279615
0.000239602134
0.006894913091
0.008300042762
0.010276364849
0.000241240445
0.000526489829
0.010057714639
0.000238807713
0.000836306721
0.000242020909
0.000527164377
0.002506215492
0.007712840102
0.001420439772
0.00638259408
0.052142734135
0.00358709993
0.000235307604
0.000235827304
0.000240382003
0.000246409742
0.000239896321
0.005749136302
0.007245012124
0.000240295228
0.000233872049
0.000526738304
0.000240251484
0.000237009535
0.007236098196
0.057603129067
0.000241867966
0.000236692914
0.001428161618
0.007352514442
0.000240697805
0.001108335738
0.008723114563
0.009594681794
0.006447666879
0.007029400935
0.002401257105
0.00024451403
0.000245205351
0.000243875305
0.008897799062
0.000238525503
0.000531039435
0.002036756231
0.008557280162
0.007660852
0.000235381969
0.000241633243
0.000527794889
0.000239393675
0.010592274721
0.018073829882
0.003278472432
0.000235161888
0.000525354143
0.001135768097
0.003002788399
0.000526607597
0.008854504131
0.032073709248
0.000234056529
0.000525021036
0.017323029036
0.000235280592
0.000238399038
0.003467713374
0.004063475361
0.000866584796
0.013242204838
0.000235857375
0.000528059365
0.003514741391
0.011509296032
0.00024187582
0.000234644036
0.00023526723
0.005393442126
0.00023819486
0.000241801287
0.003588528107
0.001112978602
0.004915491804
0.00024400701
0.029930626998
0.000236962192
0.000825507216
0.001711666665
0.000234112347
0.00023574121
0.002732637119
0.000529062756
0.000237238432
0.000241455448
0.001175898947
0.017845682243
0.008055329439
0.020075151594
0.074091638886
0.000527214886
0.000245571421
0.003013122745
0.001114539236
0.006147568096
0.000532840233
0.000533339725
0.004373982555
0.00729810248
0.030574682045
0.000240011935
0.000240888376
0.006106884097
0.022747019841
0.00023439028
0.000245676613
0.000246490015
0.000236585395
0.014516935013
0.00885269523
0.003023577461
0.002290220279
0.012759083797
0.039011544563
0.000246176337
0.001400879885
0.005255979841
0.013646918905
0.000238004412
0.005512741587
0.008757171876
0.065125504483
0.092844929589
0.000842175799
0.008422578223
0.000243309598
0.000245083556
0.006110375188
0.000237619994
0.000240319464
0.00799878854
0.02027056368
0.000237658923
0.000243393134
0.004918324686
0.000237466289
0.007630254501
0.011912095827
0.003028646806
0.000239597926
0.000823083765
0.023653439329
0.000235957333
0.000819873009
0.001414938055
0.000244058137
0.004164612588
0.007638257373
0.000238402997
0.000242232702
0.00023905824
0.000240101639
0.000245382168
0.000834979345
0.009818529155
0.004545524852
0.007287638453
0.011674106814
0.024015781265
0.000823268683
0.003766470067
0.018842796665
0.000245416999
0.000235017886
0.000526847971
0.017673573313
0.044834670103
0.000236079198
0.00510852951
0.00024514254
0.000525747934
0.000533659033
0.003606746091
0.000235185058
0.000241655214
0.0026182526
0.000818378789
0.000527926537
0.000245582056
0.000245265451
0.000244617507
0.002632283747
0.000238631419
0.005144175251
0.027214938418
0.001172243674
0.000239985863
0.000244511999
0.003904873807
0.012256688473
0.016084664366
0.044145250971
0.003671123498
0.000528958763
0.00391497819
0.017383466398
0.000242515608
0.005054935914
0.000241216915
0.003177952548
0.000238231363
0.002762732519
0.00632111826
0.008538338892
0.014062388631
0.000243141854
0.000534765097
0.000241867149
0.006882529349
0.000238023067
0.00277915396
0.038434628753
0.002952714677
0.000233721882
0.005398179583
0.00876816131
0.000243818239
0.000235990701
0.000236423663
0.000244040349
0.000244385189
0.002597308003
0.005232498164
0.018195805871
0.011861379146
0.012445894208
0.001181956867
0.000235536046
0.003796211581
0.000240752614
0.001147984418
0.002110318968
0.000241134499
0.006289969756
0.008976719835
0.014059282697
0.000863060369
0.000243954799
0.00023793139
0.00402590426
0.010330055825
0.01178736585
0.027469468911
0.011644078787
0.000235168728
0.000241807585
0.000243931145
0.003652629747
0.00241160519
0.010661501119
0.00023768397
0.000235197756
0.004520140143
0.010204098134
0.000240573669
0.000235661481
0.000236594491
0.000235069984
0.001402070368
0.00458349506
0.007724122675
0.009082283545
0.008193260606
0.010144538252
0.001166370803
0.000246037965
0.000538039127
0.000239258027
0.00367396434
0.000527530026
0.007599646769
0.002388393716
0.000236800435
0.001137910097
0.000240670314
0.003239995571
0.005319881885
0.000243083685
0.00023508674
0.000235403284
0.054129846284
0.001757535072
0.000243467329
0.00082010114
0.00024126853
0.000242563153
0.000234327309
0.000237345846
0.000820811676
0.015510677198
0.001721480899
0.000242191081
0.000819797337
0.003482443835
0.004814912937
0.0005274135
0.000243231053
0.00024015361
0.004617846522
0.000243759514
0.00571112372
0.000240965509
0.000239842415
0.000534246521
0.004744447308
0.006916712281
0.021157886021
0.000860843509
0.000528867591
0.00172219635
0.00024116244
0.000237286276
0.005645711419
0.000237727393
0.000238593373
0.000243330762
0.00379118526
0.011446000788
0.001460739755
0.010993605448
0.000243763871
0.000246809428
0.001158960072
0.000243055612
0.003350469224
0.005124923419
0.000854892972
0.000238631478
0.000239688172
0.001127070865
0.004393400721
0.011402946883
0.000237996446
0.000243970424
0.002316260916
0.002607335072
0.000234690316
0.000241165212
0.000234983521
0.000237520191
0.011072769735
0.000827593067
0.000234847772
0.000526132398
0.004723251328
0.00989632657
0.000236107331
0.000243867976
0.000240461668
0.037569332446
0.061231428804
0.00023490542
0.000241397251
0.000534039473
0.000246654957
0.000244917978
0.004537169821
0.000245859626
0.00052672764
0.001136206207
0.000245572706
0.000234877826
0.000234998944
0.001736986057
0.005033632
0.000246955848
0.000850414328
0.000235581475
0.000242000115
0.000242329301
0.007192605575
0.000236868434
0.005432885076
0.000242302827
0.000237065236
0.000237702194
0.001151831045
0.00470387196
0.015703397243
0.000238653474
0.000530958224
0.003592739275
0.001131485362
0.013388919562
0.000240838339
0.007865828113
0.004850827428
0.000240694997
0.000239045343
0.000239765271
0.001468970511
0.002638501232
0.014041967264
0.000243944318
0.002004565418
0.000247025255
0.000247034932
0.007633168063
0.000240688606
0.005723838934
0.000236527339
0.00024242835
0.002372704471
0.002961712878
0.002391149386
0.006122171478
0.000243614123
0.000533465646
0.000235251903
0.013131031502
0.000243803612
0.000236151127
0.007643389758
0.004865333705
0.026140469113
0.0002344762
0.001728866391
0.000238140139
0.000838440027
0.000243659903
0.00023645423
0.000236830991
0.006936863438
0.000235276746
0.000824784769
0.000834131589
0.003343237009
0.00023520391
0.000840114815
0.000238773852
0.004904400954
0.000234261234
0.000243476366
0.000241157575
0.000529051149
0.000235585165
0.000235704359
0.006064858832
0.000235806501
0.000240473989
0.000241942829
0.000242957959
0.000838944714
0.011562252863
0.000241285727
0.000241958604
0.000238237665
0.000238747883
0.000243964337
0.00024413473
0.000866015681
0.000240297519
0.002670154603
0.000235579892
0.000243962221
0.000858491903
0.005188844026
0.048956113124
0.000243520378
0.03616817982
0.003326509089
0.001756771639
0.006974690078
0.00489840583
0.0002413636
0.000238050775
0.00023857495
0.006089554806
0.008499779197
0.004972352049
0.000243422153
0.000242027436
0.000240057746
0.000241758658
0.000242147094
0.002632295054
0.000235038966
0.000842670683
0.000241979239
0.004421593059
0.001416023759
0.003759408073
0.000245935064
0.000241701775
0.000241166922
0.00023637086
0.000245263535
0.000234897346
0.004757211069
0.000240360968
0.002881869962
0.038802995791
0.00398739677
0.000238467936
0.000238325527
0.000236898154
0.000868195926
0.005801455776
