73
70
102
81
65
83
75
74
53
73
228
74
90
89
79
87
83
78
58
64
89
72
107
64
69
94
75
99
123
87
141
96
152
130
189
156
85
185
226
91
87
77
73
178
91
67
53
326
136
125
128
140
82
141
117
122
86
137
94
136
97
105
130
102
120
106
136
109
120
102
127
88
92
250
130
342
116
272
135
87
150
288
143
106
142
197
261
258
262
294
394
481
98
119
152
463
313
93
75
112
150
134
413
350
71
91
102
465
383
58
103
76
156
184
130
137
108
102
97
98
100
378
103
100
281
89
366
424
88
374
266
79
227
215
66
342
64
52
213
251
352
342
380
45
32
25
20
17
4
5
