73
70
102
81
65
83
75
74
53
73
228
74
90
89
79
87
83
78
58
64
89
72
107
65
69
94
75
101
123
87
141
97
151
133
186
154
85
185
226
91
87
77
73
178
91
67
53
343
133
127
130
143
79
141
117
123
93
140
98
141
97
111
131
105
124
109
136
106
120
98
127
88
95
246
136
345
122
273
133
88
146
289
136
108
141
205
276
251
274
295
393
498
111
122
152
464
334
104
79
116
140
130
419
332
62
91
93
497
371
45
107
72
172
181
124
126
103
99
97
96
96
378
95
99
300
89
372
425
85
396
283
77
201
219
65
361
65
52
206
225
338
325
382
45
33
27
22
17
5
5
