200
201
178
178
171
161
41
54
43
53
42
37
219
172
146
77
87
69
60
47
50
58
62
53
38
48
68
75
91
83
85
67
89
66
80
61
71
97
80
49
165
144
74
83
62
72
85
52
113
277
218
184
251
170
163
146
134
192
151
62
118
213
128
140
134
116
131
122
105
132
116
130
93
123
114
88
97
97
96
114
73
99
81
95
112
112
109
109
111
119
120
115
267
185
221
93
167
154
156
267
159
78
107
182
131
90
171
123
144
163
151
150
155
158
160
171
186
148
174
126
145
143
146
158
205
169
163
159
122
109
225
438
241
199
344
198
158
485
232
215
509
177
181
212
175
220
237
232
246
279
285
303
277
405
178
508
251
254
628
138
242
193
302
306
428
409
442
313
407
245
324
256
247
303
300
259
293
264
274
271
105
325
316
144
245
60
155
106
262
261
341
123
318
341
309
53
85
322
50
70
