199
201
186
190
180
189
49
47
46
44
32
48
174
185
148
84
79
74
57
42
40
58
59
50
45
45
65
53
75
61
77
74
85
79
78
95
82
103
78
69
148
135
62
77
63
59
79
61
94
225
209
218
238
157
142
148
133
180
108
83
131
202
131
107
130
109
102
109
115
124
108
131
89
128
103
79
108
78
110
100
92
105
92
107
121
115
121
122
108
120
127
124
248
133
194
77
139
116
102
227
124
78
82
167
137
91
139
129
152
178
144
188
156
176
150
130
169
165
165
153
137
146
156
151
195
174
180
163
141
130
247
393
253
202
321
193
128
472
259
196
471
144
163
223
146
195
236
202
228
266
312
294
368
392
198
414
218
238
523
123
234
209
284
294
409
425
401
304
407
250
325
237
252
288
290
258
264
257
279
288
70
295
345
140
253
49
150
94
271
292
332
113
314
326
304
44
67
298
29
90
