23
25
22
22
28
20
10
14
8
13
6
11
24
1
1
18
32
18
20
27
25
25
24
20
22
24
25
29
26
31
25
25
17
20
25
18
25
23
50
28
3
6
49
24
31
46
25
40
33
9
34
22
31
24
36
29
30
35
41
26
19
38
43
33
41
30
41
37
35
34
44
22
32
29
26
32
28
34
24
45
21
31
32
30
50
44
41
42
39
41
33
31
0
88
16
32
90
74
71
11
68
32
32
98
37
37
52
37
38
48
30
45
48
59
42
47
53
28
50
30
32
22
25
27
21
28
26
26
31
23
110
17
105
88
34
93
25
17
114
97
45
26
56
63
60
43
31
23
42
26
41
39
67
31
64
95
91
126
67
78
101
93
44
41
53
39
88
45
111
61
103
56
75
99
95
71
65
76
56
63
62
59
44
51
38
25
67
44
54
52
43
60
51
52
48
20
34
63
18
32
