22
18
20
25
24
25
13
13
9
14
8
12
13
1
1
27
30
23
19
26
26
23
26
20
24
23
25
25
23
27
20
23
23
23
23
23
24
21
41
44
3
4
39
25
42
38
26
42
25
7
37
3
4
34
31
25
43
40
25
27
22
45
35
34
33
36
30
26
41
28
37
29
29
34
32
33
24
26
26
31
29
33
31
32
50
46
42
46
42
39
35
34
0
74
13
25
73
60
67
17
59
27
35
91
36
34
47
40
32
44
36
52
41
57
40
38
42
26
48
20
30
19
26
27
18
32
21
25
28
24
73
18
102
79
37
76
18
31
82
69
54
19
55
60
60
40
28
20
43
27
52
43
68
35
37
97
71
85
75
71
71
66
61
42
58
48
88
53
109
73
96
68
89
93
87
63
68
56
62
69
49
50
53
66
42
22
60
47
57
52
50
47
44
48
49
20
33
49
11
40
