0.000242601922
0.004945582386
0.000239178938
0.000531189442
0.000237440676
0.000530272306
0.000240971444
0.003040819008
0.00024091911
0.006096147918
0.000244422706
0.012223808439
0.116656568822
0.000245901936
0.008680587539
0.001125336873
0.013033833887
0.00241780809
0.001109649184
0.009068839964
0.006533407821
0.036251462964
0.005460868092
0.000235493802
0.005812676497
0.012339453506
0.003863183731
0.000237553645
0.00024110678
0.002658993081
0.000237949937
0.000530211635
0.017289700608
0.000239733895
0.000239798085
0.000237292202
0.000244257449
0.004072004596
0.009641966502
0.016261280095
0.005515726356
0.006426473431
0.021160296606
0.000236706232
0.000242520688
0.008634500153
0.000235408518
0.002011619396
0.006169329017
0.000243280858
0.000237569451
0.005499493439
0.028051438446
0.006616040363
0.014629532194
0.023488698513
0.062093185365
0.000239192233
0.004232945561
0.00023382948
0.002959420135
0.01204392113
0.025368453323
0.000528889411
0.009602779189
0.000246796896
0.004584177542
0.000244932718
0.000534154297
0.013312405389
0.007417799306
0.001171776526
0.028410468943
0.031710401207
0.005790210981
0.034057919739
0.000242260536
0.005966179785
0.023705603897
0.000242531087
0.005852566915
0.000236376546
0.0005286507
0.000234751696
0.004546045672
0.008313453328
0.023451652662
0.049123565728
0.000528053597
0.001985036343
0.005799270581
0.008246356712
0.000529091541
0.006899526887
0.01607449635
0.000234798833
0.000245250338
0.002031587432
0.011878639597
0.000242963207
0.001736081225
0.001433942664
0.011773428537
0.00869572937
0.000238312027
0.000531013441
0.011632609192
0.004931788771
0.000532004652
0.00545920869
0.005611057574
0.017675284703
0.000526687876
0.001426698639
0.00023845009
0.002660160977
0.000531313921
0.003813266053
0.031029000717
0.00229356071
0.00537429544
0.006833093937
0.00023495708
0.000836589294
0.005523056154
0.000245644302
0.005241320697
0.01488396026
0.078774922066
0.000240656746
0.007372003619
0.000245449713
0.007879582715
0.000243825104
0.00845039296
0.00024102487
0.002599820257
0.010543893806
0.004639859853
0.000244917744
0.000535445307
0.001145778832
0.000244714692
0.000240212029
0.000824017664
0.002593189744
0.004341353712
0.009147815379
0.000527363687
0.001137998619
0.003190363269
0.066741998947
0.002246582361
0.000238174488
0.00823950957
0.000241449845
0.000244632171
0.01648858233
0.038845833627
0.000242795321
0.006402202205
0.000234991677
0.000533221513
0.000527925519
0.000528288532
0.001258518655
0.003307197108
0.00052834165
0.001707285828
0.000531923638
0.001599728317
0.000526930801
0.006321455919
0.000235504538
0.000240149203
0.001137194871
0.000242009324
0.003205719593
0.006294381172
0.011077440002
0.000245807544
0.005764095411
0.01086437027
0.000234037624
0.008451971385
0.000530561787
0.013130807196
0.024267532209
0.036814188898
0.000244735015
0.000533732686
0.005908045582
0.002550292272
0.00024185532
0.006684165098
0.00023452276
0.007323603068
0.051944972427
0.001721932334
0.0108394847
0.019952544334
0.000238127997
0.001721231458
0.003064024403
0.000246948271
0.000243445028
0.012244551129
0.063653357182
0.000527024171
0.000240115895
0.00023628522
0.007331727936
0.007915051995
0.000236163485
0.010697478435
0.00024080031
0.0048422366
0.000236956427
0.000239345832
0.000237541298
0.001417166391
0.009097805736
0.000242423146
0.010785624867
0.000529535272
0.001126412052
0.003494433946
0.000529572639
0.003675167572
0.007974400168
0.000240685765
0.012827944172
0.025516347938
0.059722968051
0.000538428183
0.000245887856
0.00024618654
0.011148999805
0.030123099994
0.000235577891
0.008654052141
0.000237336891
0.007738298899
0.007920084754
0.003246649719
0.006179523143
0.000242526586
0.000533400868
0.003854294815
0.000245821865
0.000246260553
0.014998875363
0.001124183236
0.003226382654
0.000236354082
0.001139928667
0.000241134327
0.000243762349
0.006077328583
0.000240124071
0.016656059499
0.063293220639
0.056146957443
0.068735595844
0.000238951864
0.000528027895
0.001416473804
0.010245707663
0.005170591008
0.000235902842
0.000235916302
0.000820222919
0.000238576489
0.002924103014
0.005281736986
0.002972044721
0.039937615264
0.000529375055
0.003178072885
0.0083442924
0.020679475243
0.000530432969
0.004797985883
0.00748583879
0.002602697131
0.000247059782
0.000243822621
0.000530857427
0.008915491814
0.06521021046
0.000236535242
0.000536893706
0.000533193145
0.000825539913
0.02800264729
0.006811263951
0.000235783975
0.00113662132
0.000243696777
0.000533118361
0.001472508236
0.000242524248
0.010214875805
0.050223315005
0.01112847788
0.024665366319
0.047619710874
0.010256776551
0.05547187818
0.002375627821
0.000235062286
0.000241363117
0.006883161052
0.000246719006
0.003550757061
0.026299285209
0.000238767643
0.000526673579
0.000527152599
0.004616441586
0.001125622339
0.018393987572
0.000237793379
0.002969980261
0.009160032801
0.000528052703
0.011425663464
0.000241777583
0.000825694388
0.003158777152
0.000245656209
0.000246897261
0.012435099608
0.000236675528
0.000237287696
0.00023706231
0.00023451752
0.024545621179
0.025140766783
0.000240889077
0.000535400565
0.000240384837
0.00053144294
0.00484300784
0.002327758209
0.000237504532
0.000237388369
0.000235939708
0.000236366826
0.002075769271
0.000244237246
0.0005362333
0.001454290863
0.005712518999
0.000237378931
0.00024547159
0.000830221939
0.00450128433
0.000240405794
0.000534641424
0.000241488424
0.001142012894
0.014143701172
0.021125983679
0.002681473798
0.001135152258
0.000237085875
0.002684690938
0.000243381055
0.005477979727
0.000235088196
0.001997862527
0.002593208851
0.007511296925
0.000237318056
0.002050549325
0.000234858849
0.002936553866
0.016768212196
0.000240904412
0.000244680254
0.000857126689
0.000241464446
0.000536748193
0.000820700874
0.006717127181
0.000533501211
0.00023474813
0.000818609957
0.001780424863
0.000239784363
0.000242837468
0.001401528314
0.008314559813
0.011395986757
0.013436564371
0.000535020937
0.001751001944
0.002201448347
0.004977141089
0.006954090697
0.000824230043
0.006288636418
0.000235643414
0.000243489437
0.000235014946
0.001732074017
0.004335443125
0.000532819772
0.008843878588
0.002220001758
0.010124048588
0.000243715504
0.012104062902
0.001429794068
0.005548764413
0.001694966834
0.003151408035
0.000241833918
0.008063235843
0.019400112122
0.006351873183
0.000235468169
0.003176876702
0.004052164332
0.00023456987
0.00430825785
0.000528176477
0.001112375468
0.000538406299
0.013014746955
0.000236843368
0.002328506899
0.000241956299
0.004072503547
0.00553088285
0.005943677233
0.000243068193
0.006807829196
0.016101064666
0.000236090092
0.000244522097
0.00081865821
0.00169376884
0.000245203718
0.000527344214
0.006904293927
0.012353507412
0.001138779172
0.000244136367
0.000234582309
0.000526324876
0.005738577087
0.001109549479
0.004366808362
0.007942239908
0.000528944692
0.002950695468
0.000242662903
0.000234442248
0.008290571185
0.001739956834
0.003336817627
0.000234875776
0.000530582223
0.003218117855
0.009381419254
0.012531188404
0.000840310909
0.000237277313
0.000243323749
0.000243708005
0.000528743136
0.002026337879
0.010482150601
0.000534775522
0.000245040133
0.000244434126
0.000828851811
0.001413326251
0.013127849078
0.000244094308
0.001925214105
0.000240050233
0.000531286529
0.000244930924
0.006414294244
0.000243800602
0.005956296281
0.001119722196
0.006189738856
0.000841543539
0.000240597226
0.000241965938
0.000242320679
0.000242623236
0.001142110674
0.000240662742
0.01615648711
0.02985085988
0.00144310903
0.013327856544
0.007721180144
0.013009511243
0.019855830918
0.001448533229
0.000242806669
0.000246501074
0.00053844633
0.000238991513
0.003226555296
0.010983818277
0.000233999708
0.001761745302
0.000244264517
0.001449525559
0.002335923971
0.007289409671
0.003323564888
0.000827576637
0.005977124371
0.000243977849
0.000532052526
0.000233209055
0.000242535806
0.001723751965
0.000234334159
0.004280962041
0.002334154172
0.000827192759
0.000242064889
0.000243411052
0.000246484175
0.02391882582
0.000236316624
0.000854609964
0.000239155704
0.001440245179
0.000234410164
0.000246412746
0.000246760535
0.000237794332
0.000241152197
0.009641680302
0.042562253175
0.000819128867
0.00024049716
0.00258276778
0.009983154291
0.005832292243
0.000241477719
0.031740544429
0.000238899035
0.000242189043
0.000240349084
0.001155142556
0.000242353898
0.000245826887
0.000235014865
0.009335263436
0.000860887863
0.000246063383
0.003230165397
0.00531190104
0.000237711357
0.000245015985
0.000838174003
0.011551675834
0.000241010383
0.000532994128
0.005122649835
0.000532987203
0.000235406126
0.000234820065
0.001754701303
0.008538062722
0.022022737184
0.03089588109
0.000536341496
0.000244089459
0.000234771894
0.00241489721
0.0002351912
0.000244200004
0.006092196646
0.007248047188
0.015133153551
0.000235007675
0.000244827866
0.000239459888
0.000235814095
0.000236155944
0.000243418872
0.000243858266
0.000847588693
0.000243042294
0.001727146966
0.008552740542
0.000239270085
0.002958770064
0.000235945182
0.000239958995
0.000236591291
0.000535142558
0.003265841598
0.000235241037
0.000235947271
0.000240067679
0.004825571657
0.001473077562
0.024139822305
0.000233804399
0.001192751987
0.005522233821
0.000852573829
0.004332434973
0.000831898103
0.000239897762
0.000236462025
0.000236798849
0.004255815626
0.000241230041
0.001130789272
0.000237391319
0.0057895975
0.000246652125
0.007063596308
0.000820547645
0.034987628312
0.011481014015
0.000237503582
0.003026623192
0.000242271802
0.018966973244
0.00023897082
0.000244209844
0.000238989108
0.004237131657
0.000864859741
0.000236903327
0.000243097342
0.000236658168
0.000240509678
0.001704256642
0.000239598385
0.000246720766
0.006393558005
0.000242080286
0.001178481817
0.003249740453
0.002367847684
0.003224161165
0.000240380315
0.001434467481
0.048595766417
0.016199472108
0.000236947064
0.008100403948
0.000238657414
0.001771444671
0.000244868034
0.000246730588
0.000246538257
0.000868610446
0.003284501857
0.000868563242
0.000245792772
0.000243822292
0.000535980376
0.002094484045
0.000244207305
0.00053073332
0.001150352521
0.000234314041
0.002553358107
0.002640572072
0.000239532862
0.004072678814
0.000851049676
0.005458176901
0.000242044271
0.000234928568
0.007241754208
0.000235455168
0.000242011843
0.000240759257
0.001444419854
0.03639134203
0.004972067895
0.000243845992
0.001805500935
0.000854353288
0.000237251769
0.000245356852
0.000536799333
0.000242890105
