0.000246212726
0.000531256151
0.013790529639
0.000235473297
0.024109724838
0.025452620811
0.00143271185
0.017161889902
0.000234747013
0.000528162016
0.000239066066
0.000240916197
0.000243491653
0.001731782561
0.007738788396
0.025410625719
0.00024586294
0.00023423898
0.000242665255
0.004434939292
0.051270647829
0.044341896052
0.072004613199
0.000848045565
0.061546762948
0.00024432067
0.000246192533
0.013988427981
0.000243208413
0.000235636933
0.03611707665
0.06579120182
0.003679001091
0.072465228946
0.000240519968
0.009136612812
0.022129975618
0.005106485359
0.000245732256
0.005332368512
0.012099717591
0.00659891399
0.007832395428
0.041724649269
0.002314168786
0.030641755544
0.090867748518
0.000238076994
0.00813018545
0.018685306594
0.005383638267
0.000242209759
0.013637720021
0.029887648294
0.000244932623
0.000536518994
0.064131180417
0.000233282439
0.009863604537
0.000237830682
0.000241190517
0.026355703191
0.037922613815
0.000530273727
0.007978494858
0.000236984431
0.007856671023
0.013306198339
0.0512498982
0.000239911004
0.007814897526
0.006404213028
0.006986693779
0.028447368027
0.044755804461
0.000237520619
0.002667111552
0.000242960613
0.007572908455
0.023642707219
0.011459013972
0.016220738195
0.016537584062
0.07129921323
0.000242438363
0.000528971382
0.014711367834
0.000235887935
0.000527065756
0.00053011827
0.010420957172
0.00024131583
0.000533333434
0.01881959067
0.009721702508
0.034863566126
0.051510988795
0.027602522199
0.029057614475
0.005325410139
0.047088071506
0.009698023954
0.006685541222
0.00726771618
0.020535581451
0.036175901306
0.002620283932
0.005243929701
0.017679565696
0.003502787491
0.010213058762
0.007652938923
0.000241425482
0.01350314711
0.014084933114
0.005088841606
0.015997518166
0.041470885978
0.048127210283
0.01318127852
0.019015211181
0.007836118397
0.024595890977
0.035469059481
0.00023400591
0.000241168754
0.021836632346
0.000244621075
0.000244746146
0.000235943345
0.000242103393
0.071237444295
0.075171969476
0.020462174085
0.06963346683
0.006866380943
0.060542412241
0.080252152156
0.006031365991
0.000247154323
0.002755968532
0.048447838851
0.066391600905
0.010873540424
0.013915548313
0.014497567279
0.000238056858
0.000241306199
0.01410254548
0.004511245904
0.018924154994
0.031435849404
0.071174434407
0.00552295939
0.009194922438
0.000235620461
0.000526779624
0.009247263337
0.000240477558
0.000532730315
0.006692369753
0.072977325005
0.080253580795
0.087204145078
0.005009103191
0.000525679162
0.006719309218
0.00024482039
0.008351170805
0.00980843352
0.07306450765
0.00717809697
0.012900700146
0.028753294509
0.041658681433
0.00427938735
0.007713852051
0.000242014507
0.005290412508
0.00023826417
0.000531243339
0.007494427927
0.021554966965
0.000531392787
0.00544836164
0.00023918812
0.00053114364
0.007067051214
0.000242489599
0.009832239264
0.000235898089
0.000237113408
0.000847621531
0.010500988287
0.000532558567
0.002386572309
0.000527751438
0.000848860078
0.000235957052
0.004672228475
0.009393267487
0.012305665897
0.003860677075
0.000238245771
0.009402931249
0.003780983115
0.000240151413
0.002341806983
0.007245290692
0.000526994025
0.001124437993
0.03182710956
0.004702078723
0.043282951487
0.00023685218
0.000529312063
0.000241951381
0.001406395317
0.014286847736
0.000237555341
0.002380920393
0.00023730435
0.000238139479
0.069142876943
0.000530017113
0.006209699988
0.004982269513
0.000245306513
0.010419109075
0.063712140032
0.007401113937
0.009314279224
0.059386400697
0.000526118541
0.002518994448
0.001144168276
0.00413522145
0.016936205779
0.000241129787
0.000531971379
0.000532850536
0.00262329622
0.016146359596
0.044884010131
0.000238577228
0.001126267085
0.000238271549
0.000822323612
0.011382039336
0.024762539336
0.000527669217
0.003739833859
0.004327666502
0.00024641103
0.00659178637
0.002304426908
0.010142016622
0.000239094352
0.000836468607
0.010031711765
0.000243957358
0.004805881802
0.011415610237
0.068557263983
0.003466664657
0.000240415601
0.002695192926
0.007283152658
0.00023437908
0.000245998399
0.002947191412
0.000533178511
0.004422881079
0.009125576903
0.025122130694
0.000235910699
0.003199339648
0.001174183556
0.000242722021
0.004393294849
0.012244658764
0.063129975697
0.000853796809
0.000240176455
0.004673785975
0.000858341271
0.000244518201
0.000245721487
0.000840901003
0.000239323392
0.009655072102
0.028564144831
0.030894120076
0.000241432841
0.001439054509
0.000237118051
0.000821697475
0.001446349715
0.032000310225
0.000235739835
0.004432261556
0.009687290892
0.012015943496
0.00023975974
0.000837333225
0.005861364926
0.000244187285
0.011740746657
0.000239632983
0.005986919199
0.07134266173
0.000526824688
0.00772632308
0.000241585856
0.001763179131
0.010450225427
0.000867943683
0.000857089623
0.009435614188
0.000241712607
0.000824734072
0.053649475841
0.000242535437
0.000846038619
0.00958475339
0.01700214767
0.000234383461
0.000844579828
0.000243487355
0.000535096543
0.014634884725
0.000244123107
0.000243270863
0.000233967141
0.003657987063
0.000243384646
0.001802787833
0.004113453174
0.001983723815
0.004917965368
0.018136121876
0.000235036109
0.008858239848
0.064161620134
0.079320753693
0.004456938968
0.000243530843
0.006422512693
0.01372530495
0.015208284397
0.000239233581
0.016046255338
0.050864605099
0.055198923093
0.001737443624
0.005877192124
0.000235043023
0.000235496897
0.001441201951
0.013071524166
0.061379496792
0.063076782401
0.00084717994
0.001781415926
0.009880699295
0.000235804222
0.0005286323
0.000243027408
0.018564528444
0.00024040039
0.013070755422
0.000234999172
0.000526798785
0.001113561301
0.012763248627
0.000240711195
0.002301276741
0.008086848644
0.00702546719
0.000245989408
0.004865197067
0.000240079933
0.001469695451
0.000823316436
0.015695210967
0.020837184375
0.040846623819
0.000235400103
0.000528046273
0.001111885576
0.000239022561
0.003280345105
0.007031929715
0.000527461722
0.003798492363
0.014845800706
0.000240595128
0.002731678128
0.000245356752
0.001984769307
0.029497455938
0.000241830508
0.001472221132
0.00694144665
0.001153858196
0.000245066406
0.0008348637
0.009849025333
0.012344749729
0.03049987376
0.035125772483
0.000238543541
0.000829503106
0.002311201772
0.000239318748
0.000822391181
0.0239722218
0.054284310038
0.000244404792
0.009698070967
0.006392885329
0.003084093245
0.002911779232
0.011188161509
0.000244058822
0.000244179838
0.000241288355
0.005128928765
0.000238735311
0.000238857595
0.001745122063
0.006051148508
0.000532890291
0.001430429738
0.003064182375
0.007372352143
0.000239463001
0.0090417126
0.01159814006
0.014673427651
0.000243684023
0.002001179727
0.004369189355
0.000238645338
0.003505722384
0.004400638229
0.011290043145
0.036257603352
0.004738691775
0.013105669423
0.016298113403
0.000235573223
0.008952922418
0.013310163334
0.002024453473
0.009887743498
0.001579799114
0.001137705891
0.002822944708
0.000239725469
0.000531714547
0.000240435491
0.001452875358
0.016954489371
0.000239753643
0.000235689508
0.004668337077
0.010807618812
0.004036077109
0.02853701746
0.100177456922
0.00024586345
0.000243918665
0.002968516554
0.000235472329
0.010312133275
0.036005094766
0.00023467487
0.004166451992
0.000238615891
0.048852918745
0.001693872928
0.009478847095
0.013865452528
0.006754718892
0.030887345115
0.000235018986
0.002922282056
0.000528973474
0.003833448058
0.013295310286
0.027632964667
0.000244013729
0.000245207154
0.001406053764
0.006737356774
0.006681163972
0.026053651677
0.030926421709
0.034739418244
0.00024442734
0.013086758427
0.002913412106
0.008386216897
0.008677094162
0.000237889584
0.006994010439
0.00082247264
0.001419738577
0.000236097255
0.005076953274
0.008802993709
0.061935879767
0.000238688919
0.002915421265
0.009282353112
0.06042045546
0.000245024586
0.002601474518
0.000241487607
0.001140819473
0.002610020624
0.000238681456
0.001464293226
0.01347853709
0.017968281918
0.011707054247
0.000236798871
0.000850964467
0.001142055297
0.000238711175
0.000529213459
0.007013235718
0.009509178753
0.000237875777
0.000238071529
0.00052557344
0.001439303336
0.000234768035
0.000817915032
0.017432642196
0.001185167967
0.000239664591
0.010613871429
0.000238937038
0.004325446806
0.00493491924
0.007188437727
0.005452943816
0.000235087133
0.006000446602
0.017456069897
0.019030183224
0.002930321306
0.019033396732
0.00146410338
0.005063331769
0.000237086583
0.001108320462
0.001691916231
0.004618006068
0.013712846648
0.017260727397
0.018850973491
0.000235305517
0.008721415503
0.006162429227
0.009555235416
0.013832415713
0.001150657389
0.000835375034
0.005252167755
0.001753104626
0.004539050986
0.016480830514
0.000237762225
0.000530387924
0.002419617779
0.008495426762
0.000238635982
0.007134264447
0.01627541924
0.007992135514
0.000245885959
0.008360662343
0.020318263044
0.021483959884
0.000528468292
0.001744725572
0.005305883821
0.000245480257
0.007723668217
0.003316033809
0.000234396888
0.000526757794
0.000243435306
0.002041315295
0.005266272128
0.000238328023
0.00053086407
0.000235363655
0.000235353332
0.00023722154
0.008654975707
0.008847940186
0.005564307998
0.000234427625
0.012631678337
0.004921660275
0.006098740754
0.007857982013
0.000866044434
0.000235288941
0.000243068133
0.000532566914
0.001141477761
0.000852395944
0.00237720812
0.01315389851
0.00024470509
0.006854434508
0.003206366947
0.009356553282
0.000239008492
0.001481821176
0.001122348553
0.010609142471
0.028744377722
0.000236589631
0.001125312362
0.002305192955
0.011351130223
0.010183106711
0.000237359398
0.000240326793
0.006905773053
0.002932208066
0.003516565374
0.000243763375
0.000245909465
0.004667102977
0.000240329976
0.001125112711
0.006139545299
0.022106685123
0.000240748548
0.001119271667
0.004123235153
0.000847445965
0.008203914029
0.000527495379
0.001415952609
0.007600118563
0.000238891625
0.000241274368
0.000527026103
0.002378348443
0.007754904319
0.002097613771
0.00023544856
0.000245709768
0.001800531069
0.011410287092
0.000238759369
0.000860311426
0.000829672989
0.002909367613
0.000237101022
0.001137893791
0.004686859456
0.002312822163
0.004085125809
0.005706471535
0.004263178185
0.001428105157
0.00936030617
0.000240784461
0.002608017948
0.017356103521
0.000243983464
0.000244547912
0.000243892142
0.000239730259
0.010091478895
0.013901053432
0.000828834232
0.001426921552
0.000838046055
0.008557047773
0.014412748432
0.004079726063
0.008466041771
0.014232756817
0.018535863366
0.003075174417
0.001424482821
0.003516039879
0.000242780227
0.003217976568
0.005735901626
0.000236057621
0.000245468975
0.003939385411
0.000529519461
0.005852676482
0.015642564306
0.003487175529
0.000235347088
0.001714342419
0.016932415659
0.048647690792
0.001140682281
0.003788232563
0.00455618806
0.001745545944
0.009792133349
0.000241741107
0.003481483216
0.012629341055
0.000238873382
0.000236112348
0.002349826634
0.000238875973
0.002579293101
0.003770788857
0.000855859854
0.000242824899
0.000832250248
0.002292591346
0.000531118614
0.000821383843
0.005799266059
0.006381359074
0.000244965228
0.000534517978
0.002969089731
0.006860537028
0.012326337536
0.01762144169
0.000243409577
0.000235751159
0.000819627343
0.000241560543
0.001434318435
0.000529639553
0.001695910252
0.007282985621
0.008448269917
0.015689520039
0.000235524415
0.002315281065
0.040498247962
0.002069265585
0.000242412777
0.000531948106
0.00111625377
0.000239441844
0.000527030426
0.000235245232
0.001115801578
0.001711671743
0.00229376024
0.000534077788
0.004631946924
0.000240189111
0.001115028961
0.003487641246
0.000536950508
0.000858655374
0.002312703259
0.004074191304
0.010363829554
0.000235161529
0.002986891004
0.001152495271
0.000237068408
0.000527795607
0.000529403184
0.000854803418
0.001432695496
0.005568237197
0.00023592533
0.000528551388
0.000236512181
0.001131443671
0.00297130778
0.000245962497
0.00052763028
0.001704609153
0.004922466979
0.011391407123
0.021997848667
0.000527584143
0.001124454067
0.000536246185
0.000237096514
0.001150968408
0.002687879127
0.000245016924
0.000527985109
0.001110227473
0.00169259237
0.003535457175
0.004422890334
0.000242807717
0.000528119429
0.001139157586
0.000858730403
0.029514346071
0.000238078459
0.001126443229
0.000240235167
0.00085146222
0.000240921062
0.000820596311
0.003191358516
0.00024019682
0.000241603041
0.000240184556
0.000850462463
0.000239819561
0.000838186973
0.000538480179
