0.000246212726
0.000531256151
0.013790529639
0.000235473297
0.024109724838
0.025452620811
0.00143271185
0.017161889902
0.000234747013
0.000528162016
0.000239066066
0.000240916197
0.000243491653
0.001731782561
0.007738788396
0.025410625719
0.00024586294
0.00023423898
0.000242665255
0.004434939292
0.051270647829
0.044341896052
0.072004613199
0.000848045565
0.061546762948
0.00024432067
0.000246192533
0.013988427981
0.000243208413
0.000235636933
0.03611707665
0.06579120182
0.003679001091
0.072465228946
0.000244099558
0.007699233692
0.02021653664
0.00698068868
0.000244392409
0.005318439206
0.0187944649
0.00492316152
0.006742719055
0.008490867503
0.001426565762
0.01494836705
0.035500798977
0.000527340205
0.00939475916
0.030864042958
0.014010759486
0.000526437898
0.016594196109
0.01950765661
0.000238436946
0.000529936726
0.007975314889
0.057820292217
0.006937470966
0.000237007973
0.000245008341
0.006153879009
0.007028577079
0.027301085601
0.000239259742
0.007164814599
0.000244007828
0.008766424467
0.047474947075
0.067161283539
0.000236277136
0.007306289027
0.003459474205
0.024234293087
0.0383590821
0.000237704633
0.005798865492
0.000244743876
0.007900802617
0.013402720961
0.012163194706
0.020679823425
0.057754582431
0.07182544549
0.00024332221
0.000241016808
0.005437469828
0.000239357995
0.0005304982
0.010174672596
0.000243086622
0.000244699658
0.020437066532
0.000234428183
0.000527062909
0.014633677298
0.036732156966
0.053624491803
0.011480431076
0.05900096683
0.056629555218
0.093450266092
0.012393682598
0.002010905294
0.026679340018
0.036144086307
0.069784139902
0.002902780906
0.007615715873
0.013373136036
0.002028556494
0.011841929306
0.000244896329
0.014566840443
0.033705544949
0.039978906816
0.012759709698
0.023131612895
0.051179861414
0.007313687884
0.013299332061
0.012250533509
0.022191128179
0.000245561347
0.000528103152
0.04005531545
0.066548713506
0.000235625443
0.000527014762
0.000242525611
0.000233874789
0.069680571456
0.074109907126
0.083577046922
0.009956428258
0.015028451021
0.067027417633
0.070656012894
0.076323956353
0.008593335407
0.0002403503
0.002707180686
0.058126930668
0.070381536836
0.00420336599
0.006319677422
0.007193033972
0.000237289817
0.000240501862
0.024114774992
0.032813323421
0.037820840341
0.042485571349
0.005205431661
0.031067910551
0.000242712727
0.000242970361
0.000535001282
0.009684780753
0.000236228004
0.000528480761
0.004376406526
0.069739059488
0.077338307755
0.079115400833
0.005069288351
0.008866134713
0.025763644403
0.000234678039
0.007997419427
0.069385964935
0.001706841209
0.014707079706
0.01819975092
0.04081120126
0.003520159028
0.013361666226
0.000237673419
0.000243932192
0.000530469002
0.003609807864
0.000241577241
0.007323734498
0.049963806534
0.000233707284
0.000525726071
0.003581613163
0.001436049383
0.000234828784
0.009341561078
0.000244070544
0.000240984202
0.000825462932
0.011951127927
0.000236744597
0.004786347325
0.000236809348
0.00052852866
0.000536811328
0.000244466932
0.001703074664
0.006084093451
0.013262587435
0.000528657299
0.00498036389
0.00023714848
0.007306174947
0.014742970193
0.002317429207
0.008456553581
0.001114152455
0.013709202147
0.007433611438
0.038686356365
0.000234805286
0.000525870577
0.000820618698
0.006874210898
0.053883970284
0.002079892592
0.000237894702
0.00023429962
0.007034477283
0.013519508478
0.074942861929
0.000528792554
0.002038715829
0.000233983622
0.005191329999
0.000237982468
0.006478274144
0.077849233579
0.002862534455
0.0037374935
0.013361848491
0.05687292662
0.000527959428
0.001734374552
0.00114830581
0.002924858545
0.012864873928
0.000243273192
0.000534993941
0.000826958056
0.004517151188
0.010544081886
0.001140473363
0.025152187031
0.000237845692
0.000821897755
0.004638238222
0.036205501986
0.000532299004
0.001721362764
0.0057104235
0.002105252909
0.003571285912
0.002610634351
0.006135680379
0.000235375566
0.00052820096
0.001402296274
0.024044665659
0.000245093284
0.007912696946
0.018549408273
0.072894506767
0.000234270503
0.00670892636
0.000237235165
0.003269641546
0.011094189834
0.000526792752
0.007368970668
0.000818676518
0.00527897677
0.000235074611
0.000527927888
0.002010943172
0.004950776826
0.000530111303
0.0035333946
0.001165217577
0.000241654747
0.000526637345
0.001114945069
0.009689785541
0.040098470802
0.001154711855
0.00023385691
0.000238422039
0.000526626851
0.004720069358
0.000841584244
0.000237445425
0.000244354381
0.001149625317
0.00023764107
0.00535025756
0.046714299873
0.051319891238
0.000240750879
0.001428700077
0.00023999904
0.000819140749
0.000235729369
0.001720259788
0.01802200064
0.000246373836
0.003048449612
0.00534724229
0.006815850373
0.000234253106
0.00052789165
0.001122889428
0.008982241973
0.000234008378
0.007657771516
0.000235037641
0.06764216139
0.077238096289
0.000241615126
0.008046341661
0.000235399701
0.000527114428
0.000818223441
0.009234606515
0.00084125954
0.000526979825
0.001110651377
0.008869824374
0.000235307571
0.001427718398
0.030051473477
0.000235496091
0.000831452407
0.007032982528
0.010019717977
0.000244011275
0.001108985301
0.000237359706
0.000528906721
0.000821209269
0.024440016211
0.00024681664
0.00024061519
0.00053328133
0.000236592869
0.000527088592
0.003545048683
0.000237931969
0.00082974308
0.000242853845
0.00140856171
0.012642302314
0.025206798377
0.000236633532
0.000529863726
0.00375901079
0.012285392351
0.068457855615
0.00023748102
0.000238555995
0.007741725253
0.010970248381
0.013893502634
0.000241338787
0.021908151641
0.027610579541
0.038807761192
0.005295284701
0.005513932261
0.001121517076
0.01313845488
0.002911124627
0.004077499798
0.049456378099
0.000996850337
0.000525758826
0.002275628809
0.018631416374
0.000237138665
0.001152595359
0.000240808746
0.016964216601
0.000246226714
0.006255735058
0.000235785427
0.000819877866
0.017001869697
0.000241922189
0.000238626422
0.002059092061
0.007947651785
0.000528641695
0.008437021258
0.000244381802
0.007346713528
0.000241572608
0.001317614691
0.002784123475
0.0109533878
0.049057798315
0.0011423987
0.000245483344
0.002722589446
0.004102968374
0.000237818028
0.01018813465
0.03386663309
0.000241450719
0.00855184091
0.000240499448
0.002313195081
0.002896917508
0.00847553182
0.000239937147
0.001418327771
0.000234305462
0.000525309283
0.005366319797
0.001320250484
0.000241093742
0.001416232253
0.006104941024
0.011686354144
0.013724394541
0.062777962189
0.000238206728
0.000243244783
0.001727949705
0.005198326156
0.000240324577
0.000824026583
0.013709144907
0.027593534986
0.000234696458
0.000679813242
0.001109349648
0.002876816427
0.003105362643
0.003655493796
0.017813571326
0.000236507225
0.000240976183
0.000235190625
0.018567429304
0.003178342098
0.000233907413
0.001417040023
0.010651839992
0.000528583327
0.001140495573
0.008080356311
0.02896544716
0.000525280649
0.019669204833
0.034100722382
0.056220671011
0.002379179928
0.010705971583
0.016377986029
0.00023802326
0.000525840704
0.006377794249
0.004057171036
0.009493469048
0.035332126975
0.003795067802
0.013413103525
0.035365559693
0.000238438753
0.002164006987
0.006578484038
0.010651355092
0.003396453527
0.007692038649
0.001468487143
0.001111484229
0.001693592144
0.000236224186
0.000528576258
0.002287188774
0.009279318133
0.00024001878
0.000238355836
0.002008812596
0.005846597505
0.000235682263
0.007840623208
0.009007453227
0.011632138646
0.024092901295
0.000243141887
0.000241262218
0.000239822006
0.000528619065
0.004562048882
0.000527715111
0.002632072821
0.003810141073
0.000245533006
0.003907796116
0.000238531444
0.00581634463
0.002875768946
0.012232011742
0.034216654467
0.002873639951
0.012317912084
0.000246668232
0.006575946004
0.000528139774
0.005176931044
0.016283429787
0.000243432752
0.000239116594
0.000831851776
0.007074170175
0.007554423034
0.009606372402
0.011949248485
0.020106420859
0.000246481855
0.015920845681
0.001115514709
0.006091414063
0.007561136559
0.000237175083
0.004727677549
0.000851907152
0.005352537421
0.000237295055
0.002017748862
0.035814577356
0.038156077944
0.000525427315
0.008247186996
0.017632169919
0.048338426569
0.000245756723
0.001127654467
0.000527551181
0.001428330339
0.003480757633
0.022925159387
0.000234203381
0.001604310743
0.007987103782
0.023403932801
0.000243828977
0.000834990017
0.001126058186
0.000525834807
0.00683342733
0.013859279099
0.000240538952
0.000240734704
0.000233731841
0.001464461737
0.000528245972
0.001111412217
0.016330621788
0.001181123064
0.000237405396
0.017341338513
0.000241945185
0.00687947266
0.010834124841
0.005520009064
0.003299996456
0.000234718591
0.00052709452
0.002024077194
0.005281825861
0.010279695692
0.003379892854
0.018680187084
0.001497077667
0.00301014426
0.000246430632
0.000820432597
0.002432448623
0.034032862023
0.009171419345
0.015203146117
0.078108082301
0.000243238783
0.003119200034
0.003458404492
0.007263166538
0.016989601844
0.000530140014
0.001164059983
0.000847002289
0.005120292691
0.002007896002
0.004072866398
0.019708911846
0.000236743805
0.00052935192
0.002394207474
0.007539693122
0.000235400012
0.00052823051
0.009785675906
0.027971111815
0.008842602789
0.000239447542
0.005493167818
0.058852321335
0.000531607039
0.001432989111
0.006311673891
0.000244420937
0.007407405958
0.002253615797
0.000234956851
0.000244436329
0.000528557772
0.000242358016
0.002069934735
0.008336238174
0.000235415539
0.000527951586
0.000241033225
0.000240932973
0.000244177462
0.001427571398
0.018972876887
0.00482600705
0.006279850875
0.000245235854
0.002352238775
0.014021480957
0.000236024189
0.000526579857
0.004351322245
0.009189852693
0.009774146881
0.00085024944
0.000236644005
0.000235379148
0.000820059619
0.000533566413
0.002064240506
0.002953806389
0.000239467783
0.026167665517
0.000234942672
0.003280199675
0.012590971514
0.000239921843
0.0015011368
0.000821532366
0.012388088372
0.040054485778
0.000236670239
0.001707454188
0.003178354726
0.016353203077
0.006670413682
0.000245412883
0.000235632507
0.000236702422
0.005585719944
0.002929880079
0.006479245714
0.000236743965
0.000239979396
0.004383271854
0.000244390339
0.014396570303
0.000243521091
0.003496308648
0.051310866439
0.000820263998
0.01138814185
0.000235801019
0.001706308062
0.007849158586
0.029808648711
0.000235544111
0.000245237765
0.000529631013
0.005751568987
0.010733707087
0.002067069419
0.000236127716
0.000243262385
0.001716718519
0.006382500785
0.000245696348
0.001117199807
0.000824518642
0.001405621219
0.000246628288
0.000849274244
0.009415880022
0.002605260719
0.004656506796
0.007581366492
0.004144904285
0.000245802791
0.001116633795
0.01389342895
0.00024576777
0.000235767557
0.000240877111
0.004970174479
0.007952146527
0.000817813433
0.001400740478
0.001137339571
0.006705700322
0.014704112561
0.002019677704
0.008153393882
0.010511032942
0.014884924969
0.003938922934
0.000532065996
0.001763970911
0.005071486147
0.000243733654
0.003220693048
0.003802816974
0.000243511411
0.000245263584
0.003327856181
0.000534690834
0.011394775331
0.015275162005
0.000244371095
0.002679040644
0.000238059211
0.001758553126
0.016919140832
0.019753209249
0.001110606605
0.002908709314
0.002968279023
0.01068275836
0.000242387644
0.002878773191
0.006334465804
0.000235612204
0.000235658478
0.002339974089
0.000233324045
0.003456912252
0.004622067254
0.00023463363
0.000818581015
0.000235755918
0.000820213886
0.004857629717
0.000528412708
0.001413716369
0.00584702325
0.006720090094
0.000238011501
0.003530459592
0.022898912426
0.012410196664
0.021115204752
0.000247027198
0.001123449808
0.00023804727
0.001443805162
0.000537437182
0.001110499701
0.005078420907
0.006534739412
0.008862814849
0.005334434937
0.008838720087
0.002132193863
0.000237997823
0.00053213638
0.001116442044
0.000241844986
0.000533390248
0.000235858125
0.001115999758
0.001989172633
0.003749832495
0.000236032665
0.007828037593
0.00023498479
0.001721099002
0.003802741396
0.000526767435
0.000855055311
0.0017118502
0.004917693492
0.010470988254
0.00023968502
0.003017414495
0.001184583198
0.000235991571
0.00052671877
0.000538646306
0.00086236099
0.00141814979
0.00471723741
0.000239114247
0.000531740305
0.000234702295
0.000234570813
0.000818017826
0.003004361677
0.000244949625
0.000529098153
0.001113301475
0.00566182261
0.013848082171
0.017255819874
0.000234662931
0.001148536068
0.000533731588
0.000821573941
0.002629016487
0.000234680676
0.00024257841
0.000840011943
0.002628950205
0.001448760022
0.003858252098
0.000233737955
0.000234746674
0.000819931252
0.000861922353
0.065445605867
0.000236371934
0.000238906004
0.00052756077
0.001112394771
0.00053015047
0.00111531277
0.000244762643
0.001709752331
0.002293160078
0.000240056124
0.000234433201
0.000528227476
0.001138451958
0.000526454895
0.001124770834
0.000529637364
