0.020457856184
0.000535849717
0.009043556879
0.026574618922
0.00024202592
0.057521137295
0.000534960169
0.000536547725
0.021471890844
0.000243960301
0.000240229288
0.000240554975
0.000244565485
0.004552407799
0.000529425262
0.002354183442
0.000236041006
0.002392642353
0.000240840662
0.000236264276
0.002142795447
0.000533484768
0.025087770029
0.028308691591
0.002762791851
0.002033214567
0.020726634646
0.000244081501
0.000235274969
0.003662606375
0.000239768836
0.000533184565
0.009926268583
0.004159078997
0.016294750158
0.000246324471
0.000245297002
0.000245122677
0.008730231813
0.004793641753
0.000237784256
0.008178709594
0.015394488932
0.056360873597
0.001134176235
0.000866084054
0.032356988338
0.009644539533
0.011988194463
0.000246704821
0.005162692348
0.00750249605
0.003180286489
0.010791455586
0.031886488058
0.001781211281
0.002089197231
0.000234902326
0.000244857534
0.005184847243
0.004852948944
0.005785964803
0.032613829811
0.000238779408
0.000242390529
0.000239584755
0.005360348399
0.000241855691
0.000867667509
0.000238168407
0.0002421223
0.000234894597
0.000241417012
0.00206611721
0.001577040887
0.007425779891
0.002774771241
0.000236406459
0.00024491774
0.000234677319
0.000240482667
0.006739331821
0.058965674877
0.000246683142
0.002546315259
0.003612753786
0.006353631829
0.0005289109
0.008997103072
0.000240087273
0.000241072907
0.003349989444
0.000245233079
0.000854753237
0.000836366944
0.002592822032
0.000242004161
0.000246378358
0.000244853719
0.001109587901
0.000238916628
0.000241879433
0.001122014001
0.007179414513
0.000237635659
0.004330172778
0.000822994027
0.004637683086
0.002093154716
0.000234141902
0.00024181233
0.000527629514
0.000238811132
0.002980044811
0.000245405692
0.006469771169
0.000237791184
0.000234954587
0.002024120137
0.000238988533
0.000239855086
0.000241228204
0.002385789517
0.007004555469
0.000245887757
0.006174065846
0.002110907142
0.000237743402
0.002972200617
0.003516527432
0.024367651352
0.002721620347
0.000241519227
0.000244274252
0.00023870554
0.000244601056
0.002574465345
0.000240103942
0.0002411956
0.000533447117
0.00053285335
0.001434618946
0.000237315833
0.0041681084
0.000245473219
0.000240737702
0.000246090067
0.003484539342
0.006611365565
0.000238408355
0.000244805364
0.000236467954
0.00023729973
0.000240130026
0.000824268315
0.000245896713
0.000243632473
0.000535290036
0.002351729546
0.0002349494
0.006231779529
0.000243975168
0.000241707669
0.002072489983
0.000234660773
0.000528649692
0.000235399458
0.000240137905
0.000238466924
0.000531402432
0.000242758221
0.000237903697
0.000242229733
0.000242433564
0.000236117013
0.003544291501
0.000525408667
0.004228290593
0.000239998114
0.006660262725
0.002715838787
0.001134230609
0.002972930042
0.0011275742
0.002319998874
0.002416279031
0.001816871066
0.000837831446
0.007612340986
0.000533206724
0.000237842633
0.001772913446
0.000839582697
0.000242250978
0.003019927153
0.002008403646
0.007792479245
0.000241710772
0.003783048204
0.004831884766
0.000240818216
0.000859617883
0.000236035564
0.000528101677
0.000240529864
0.000242709666
0.000241789179
0.000242599246
0.003042615953
0.000237027689
0.000237170919
0.001771835589
0.001160242721
0.000236775356
0.000529190326
0.001999259539
0.006101922937
0.006415150179
0.003166507962
0.000242146288
0.004821493967
0.003734165151
0.005951736399
0.00335487358
0.000234208693
0.000526466483
0.000846794137
0.003028780825
0.001118949885
0.003945837059
0.000239139098
0.001735076307
0.00023564059
0.000529102077
0.0014144485
0.005762748993
0.002760312918
0.008699703981
0.003967510941
0.000235402605
0.003009775366
0.000820451643
0.01406110072
0.000240287804
0.001175274368
0.000235031623
0.000818328893
0.000234263319
0.000237950313
0.001137657115
0.000243288229
0.000528465363
0.001112999169
0.000243141683
0.001449392606
0.000532681468
0.000244750836
0.00024585324
0.008295732994
0.000532983543
0.003259025204
0.000235704677
0.000244871575
0.000246213739
0.002084837774
0.000236530222
0.001770702164
0.000235615582
0.000526752852
0.002936033573
0.000236029369
0.002076280504
0.000531062952
0.000246563052
0.00024588876
0.005148765937
0.000239600314
0.000244567692
0.000243464129
0.000246381952
0.00024474005
0.000246165386
0.000234135976
0.00023472174
0.000526162709
0.00023921355
0.000235098401
0.00083543364
0.001428669697
0.009910991494
0.000529114781
0.007903195584
0.001728083996
0.00024248366
0.003280639125
0.000235499946
0.000535855399
0.000242544424
0.000243497055
0.002360946816
0.000237793783
0.000237209144
0.000237255149
0.00024035195
0.00207116766
0.001427874891
0.001718897713
0.000241344934
0.000854528832
0.007020151272
0.000245061462
0.002702600273
0.001747853392
0.000244228134
0.003893445707
0.01298576289
0.000839659234
0.000867551135
0.007302842235
0.000238940787
0.002400737247
0.004214306302
0.004513914835
0.000529337864
0.0002434462
0.000236932448
0.000239059302
0.003773747617
0.000239243311
0.000243873142
0.000843650188
0.000833077266
0.00082701141
0.001796946852
0.00023787682
0.000864391798
0.002685572477
0.000246216731
0.003197129558
0.000240097221
0.000822752398
0.012116111443
0.00023759295
0.000235560754
0.000823161598
0.000241579216
0.000533184492
0.000243658043
0.000236035173
0.001111263382
0.001779628105
0.000234682145
0.000237026293
0.000237679115
0.000242655969
0.000527174315
0.000528081296
0.000238733706
0.00023947317
0.001404224544
0.000823924158
0.016912467438
0.000241551461
0.000864235273
0.000243841673
0.000237143088
0.000240964279
0.002664814406
0.002362140615
0.000237217992
0.001128705594
0.000237306374
0.001434071419
0.000237927571
0.000240257045
0.000243941688
0.000235717132
0.00024045908
0.000234636024
0.000242213657
0.000243980485
0.000236057843
0.000244165633
0.000241670484
0.000240375654
0.000241227994
0.000846517338
0.000235681984
0.000235689781
0.00023638779
0.000234573857
0.000241320603
0.000238484335
0.000239421003
0.000245712554
0.000242748784
0.000243685382
0.000236834305
0.000236246995
0.00024548886
