0.000242601922
0.004945582386
0.000239178938
0.000531189442
0.000237440676
0.000530272306
0.000240971444
0.003040819008
0.00024091911
0.006096147918
0.000244422706
0.012223808439
0.116656568822
0.000245901936
0.008680587539
0.001125336873
0.013033833887
0.00241780809
0.001109649184
0.009068839964
0.006533407821
0.036251462964
0.005460868092
0.000235493802
0.005786676497
0.034442820372
0.008569848381
0.012370207491
0.003170573888
0.000238062834
0.000534492383
0.008600877053
0.000240838861
0.000240994263
0.000532668397
0.000244537547
0.000245802123
0.006934709212
0.007765881205
0.016880941246
0.006037610353
0.007910682711
0.058963064757
0.000244487475
0.000241214327
0.01046800407
0.000241513845
0.000244152206
0.003181582596
0.008162537701
0.000240937003
0.000243115918
0.005135317503
0.045155577544
0.060996507528
0.002973470085
0.0177421587
0.027767234533
0.032726309841
0.000527129518
0.006053850921
0.000233772767
0.002946319704
0.005163549153
0.031927210608
0.000530469771
0.006553654263
0.000234633764
0.00471904049
0.000246339946
0.000236857369
0.011003073181
0.008492834257
0.001167068006
0.015387420171
0.021734454224
0.006669275187
0.057515060163
0.000246596067
0.003040996813
0.00763381274
0.000245240139
0.005224679796
0.000239180094
0.000239959027
0.000529774785
0.003390096422
0.010608417025
0.024698658654
0.031176093185
0.000238238243
0.00111259638
0.004168379752
0.018805124222
0.000532575731
0.004133800044
0.014277101082
0.000247387289
0.000239865789
0.002583938681
0.003167988692
0.000238548052
0.007206049599
0.010691458347
0.005718093447
0.000236280512
0.000528981926
0.015164467728
0.003979746329
0.00499156358
0.009452077031
0.014019732604
0.000526567581
0.001426578344
0.000527412148
0.002710123035
0.000242404241
0.002676107575
0.006357382387
0.002887076607
0.004635364781
0.005508691556
0.000238709005
0.000829389138
0.007656696483
0.000243141962
0.005023555268
0.025611687527
0.056465061923
0.000246286121
0.003297790762
0.000235806655
0.000525252902
0.007607546384
0.008184476654
0.000237324082
0.003368193477
0.013790997228
0.002948333326
0.000234225865
0.001149417418
0.000239217216
0.001108931669
0.002891022714
0.004691061911
0.012094980849
0.000236711242
0.001125383781
0.010308802535
0.013517592035
0.068253471496
0.003614840763
0.000236221791
0.003568795078
0.000245417338
0.000240286742
0.000527118743
0.006659319762
0.007825080519
0.000237288398
0.005262354588
0.000237140383
0.000246738316
0.000530572541
0.00114362572
0.000529773036
0.001111651848
0.002995842742
0.000529146142
0.001124212184
0.001138303864
0.000234866782
0.003845282963
0.000238205973
0.000853512075
0.00023769925
0.00539460933
0.010020767721
0.014304394515
0.000238257656
0.002550582908
0.003729522536
0.000234345819
0.009858801042
0.000530126943
0.0160481622
0.021467573965
0.062664843073
0.000244251215
0.000243234774
0.004110336091
0.002016697884
0.000534943484
0.001144336959
0.007946684905
0.056858481865
0.00465932465
0.006117870443
0.011250120901
0.000537087079
0.002480491822
0.015713334031
0.000244869972
0.00024628747
0.004538986118
0.004829480046
0.000529078319
0.000243736665
0.000235621275
0.003803538646
0.0090841539
0.000239674584
0.00444556485
0.000242769076
0.000531803985
0.005156751559
0.00024258386
0.000531980628
0.000236719645
0.002024112901
0.002607242552
0.00023549009
0.003264398146
0.000840756741
0.007806610047
0.001441646301
0.003800917908
0.006765557293
0.000240184472
0.009350491173
0.010514771495
0.064824868969
0.000535799471
0.00023827518
0.00024729861
0.003502781542
0.006440979244
0.000245603172
0.005971999432
0.000235050671
0.006808720119
0.004776979681
0.006570139847
0.006570508668
0.000234623591
0.000240986471
0.000824926311
0.000242752172
0.00024319086
0.021630463233
0.000828211972
0.002336455074
0.000239026766
0.00113744574
0.000245086198
0.000242981157
0.005655549056
0.000238509525
0.006863622681
0.074177145202
0.012135245392
0.025596143864
0.000245653527
0.000534776185
0.001435027337
0.029886748942
0.003664961393
0.001123636978
0.000238436069
0.001402264765
0.003469871717
0.003779251834
0.007886977904
0.00052686802
0.000817000831
0.005214220263
0.018282277829
0.004210142745
0.013140135651
0.001784300973
0.00024592261
0.000242392132
0.000530094394
0.020162552185
0.051827499536
0.057244535613
0.000246370857
0.000527996181
0.000527432722
0.00081977949
0.025680156293
0.008523932657
0.00023374225
0.001425579595
0.000236831296
0.000243946182
0.001156381188
0.000241754387
0.010209307468
0.034299411709
0.006852322144
0.009473508475
0.034645693958
0.032048602017
0.054401925034
0.002382950205
0.000235768736
0.00024248149
0.018694661368
0.000239270125
0.003836958081
0.015767118836
0.000236120569
0.000528225449
0.000530435741
0.009774318193
0.000533052763
0.019065838031
0.000238832412
0.00287379355
0.00699500982
0.000525850735
0.012335191572
0.000853344114
0.00350025817
0.000234888131
0.000241122683
0.008455776709
0.000243847485
0.000236738816
0.000241803216
0.00023782042
0.012991688981
0.017397123042
0.035819817622
0.00023556985
0.000528338157
0.000241603192
0.000245107199
0.000532621946
0.000533859053
0.005817954973
0.000236437326
0.000528236974
0.002409349412
0.000234456897
0.000247239639
0.000527049658
0.000527217379
0.002023619824
0.004093257487
0.000236331275
0.000528327329
0.001509453805
0.006247386582
0.000245119981
0.00023822961
0.000848188364
0.002026420942
0.000239798169
0.000533304639
0.004343933727
0.010502191352
0.01224977657
0.002696654402
0.001123238244
0.000240390108
0.002410228265
0.000242604684
0.003601007704
0.000235753374
0.00144065447
0.002341113544
0.00467344544
0.000241812491
0.003097017824
0.000239096159
0.001461636948
0.012249025861
0.000236557814
0.000244043476
0.00086764854
0.000246147221
0.000526653691
0.000233887793
0.002565171582
0.006785067222
0.000536934103
0.034239150191
0.04230675867
0.000239604983
0.000246547458
0.000826046398
0.006372766083
0.007118318108
0.007715145825
0.000238379201
0.00179732316
0.00143927871
0.002974131661
0.010828534504
0.000846530994
0.008988326964
0.000236825349
0.000238010538
0.000235095815
0.00023552114
0.001123381344
0.004294040405
0.000241736563
0.005238107686
0.002299973207
0.029480917638
0.000244521852
0.007899924041
0.002044212901
0.009931815587
0.001432105811
0.009557374778
0.000234252567
0.004866702386
0.013985010506
0.015452886143
0.000234735009
0.002935494674
0.003810782304
0.000235775993
0.004203770844
0.000236328975
0.000528426367
0.001138161768
0.000532734101
0.00023419984
0.012005426459
0.000245051033
0.001738182025
0.000528749136
0.002890816268
0.006734401355
0.002007625049
0.000242699162
0.0040860661
0.015948901992
0.000239239029
0.00024501462
0.001459288405
0.00328541406
0.000244985395
0.000533456556
0.011593233453
0.026072051563
0.000537203068
0.00023560271
0.000243953131
0.000536400756
0.002769180259
0.00023817419
0.001418060738
0.005231667191
0.006741605225
0.002737571951
0.000235591363
0.000237396038
0.00975082773
0.002719207193
0.003520066638
0.000239185512
0.000527675128
0.00052809831
0.00111039617
0.008866066074
0.015372313292
0.00083010247
0.000235990316
0.00024279096
0.000243175216
0.000527054441
0.003193273034
0.009111921217
0.000538673726
0.000245369917
0.000247422273
0.000826121675
0.001423613795
0.012146051635
0.000244703143
0.00467007977
0.000234517903
0.000243543059
0.000525580377
0.000526305931
0.000244685765
0.005764550052
0.00023718886
0.006598532871
0.000535375977
0.001712765348
0.007361640753
0.000530719817
0.001141518811
0.00023856481
0.000242293471
0.000242648212
0.000242950769
0.001168438207
0.000243250991
0.005848009894
0.015624693006
0.001483064707
0.007806755266
0.010584967942
0.014125026281
0.023728544723
0.001488604166
0.000239747599
0.000244595597
0.000536540853
0.000243925488
0.005018676666
0.014891875976
0.000243174498
0.000532367363
0.002017691247
0.000243582364
0.001113422812
0.003454881896
0.012279031513
0.003344127892
0.030470985933
0.005063187209
0.000235582439
0.000819521479
0.000233901011
0.00024465274
0.001790853726
0.000238186411
0.005471633937
0.002423984281
0.000867054069
0.000246030614
0.00024006408
0.000241427241
0.034865455172
0.000243620604
0.000848913944
0.000236132739
0.000236437445
0.001125289465
0.000242714987
0.000239898067
0.000240245856
0.00024358874
0.000246340129
0.004782840085
0.041500074818
0.000868298782
0.000245508929
0.004690966222
0.010218728658
0.005452428349
0.000239026411
0.036883075111
0.000237932097
0.000242705008
0.000241317198
0.000529609091
0.001140402563
0.000244640276
0.000236125601
0.000234994069
0.008258067634
0.000834087299
0.000240163843
0.000843844989
0.004090642957
0.007313310046
0.000237917265
0.000240307184
0.000839850923
0.008601133444
0.000235472451
0.000527456196
0.004456712549
0.000527057681
0.000236826481
0.000237489791
0.002942327127
0.013917507297
0.003811567588
0.024457115163
0.000536360301
0.000240569229
0.000241961968
0.002430191319
0.000236428333
0.000238246427
0.003846410871
0.004429853672
0.011298886518
0.000244394194
0.000246036037
0.000240071499
0.000234287806
0.000234629655
0.000233747516
0.00023418691
0.000854922387
0.000247119947
0.001420216375
0.008049532267
0.000245915171
0.00784349623
0.000244752175
0.000246554968
0.000241756519
0.000533296202
0.002967830646
0.000240745013
0.000244865716
0.000243442186
0.004790202222
0.001517575016
0.026634649729
0.000236282803
0.001170743704
0.006045462567
0.000846637666
0.004226992039
0.000823009007
0.03396256373
0.000240916146
0.000239710967
0.000234548642
0.009634718845
0.000237863526
0.002352716167
0.000237516789
0.002678418505
0.000245461195
0.009749381746
0.000841363053
0.028637880099
0.024869984961
0.000245787171
0.004809661293
0.00023991745
0.018991348197
0.000239290716
0.000242654876
0.000236469508
0.005072186477
0.000842563931
0.000235051363
0.000236746408
0.000234951643
0.000236501159
0.00024612993
0.0017659792
0.000235115056
0.000246282032
0.00728317287
0.000243237296
0.00115023333
0.010732138427
0.005476744269
0.007684757837
0.000234840172
0.00201601055
0.008125906294
0.009178963633
0.000241674395
0.004622447639
0.000235672649
0.001788043762
0.000247230201
0.000241179979
0.000238483
0.000860555189
0.006295698242
0.000829849119
0.000245279911
0.000240582347
0.000528153236
0.002026739328
0.000234698044
0.000536601625
0.001181412371
0.000243218392
0.0024771624
0.004471123241
0.0002363809
0.004074649862
0.00085096507
0.036695128978
0.000241271668
0.000236615964
0.006521584419
0.000244883106
0.000239467377
0.000237978029
0.001428634945
0.018104509045
0.004746673943
0.000243714551
0.001774898357
0.000822300244
0.000242334484
0.000240791218
0.000532233699
0.000235005823
