0.000242601922
0.004945582386
0.000239178938
0.000531189442
0.000237440676
0.000530272306
0.000240971444
0.003040819008
0.00024091911
0.006096147918
0.000244422706
0.012223808439
0.116656568822
0.000245901936
0.008680587539
0.001125336873
0.013033833887
0.00241780809
0.001109649184
0.009068839964
0.006533407821
0.036251462964
0.005460868092
0.000235493802
0.005786676497
0.034442820372
0.008569848381
0.012370207491
0.003170573888
0.000238062834
0.000534492383
0.008600877053
0.000240838861
0.000240994263
0.000532668397
0.000244537547
0.000245802123
0.006934709212
0.007765881205
0.016880941246
0.006037610353
0.007910682711
0.058963064757
0.000244487475
0.000241214327
0.01046800407
0.000241513845
0.000244152206
0.003181582596
0.008162537701
0.000240937003
0.000243115918
0.005135317503
0.045155577544
0.060996507528
0.002973470085
0.0177421587
0.027767234533
0.032726309841
0.000527129518
0.006053850921
0.000233772767
0.002946319704
0.005163549153
0.031927210608
0.000530469771
0.006553654263
0.000234633764
0.00471904049
0.000246339946
0.000236857369
0.011003073181
0.008492834257
0.001167068006
0.015387420171
0.021734454224
0.006669275187
0.057515060163
0.000246596067
0.003040996813
0.00763381274
0.000245240139
0.005224679796
0.000239180094
0.000239959027
0.000529774785
0.003390096422
0.010608417025
0.024698658654
0.031176093185
0.000238238243
0.00111259638
0.004168379752
0.018805124222
0.000532575731
0.004133800044
0.014277101082
0.000247387289
0.000239865789
0.002583938681
0.003167988692
0.000238548052
0.007206049599
0.010691458347
0.005718093447
0.000236280512
0.000528981926
0.015164467728
0.003979746329
0.00499156358
0.009452077031
0.014019732604
0.000526567581
0.001426578344
0.000527412148
0.002710123035
0.000242404241
0.002676107575
0.006357382387
0.002887076607
0.004635364781
0.005508691556
0.000238709005
0.000829389138
0.007656696483
0.000243141962
0.005023555268
0.025611687527
0.056465061923
0.000246286121
0.003297790762
0.000235806655
0.000525252902
0.007607546384
0.008184476654
0.000237324082
0.003368193477
0.013790997228
0.002948333326
0.000234225865
0.001149417418
0.000239217216
0.001108931669
0.002891022714
0.004691061911
0.012094980849
0.000236711242
0.001125383781
0.010308802535
0.013517592035
0.068253471496
0.003614840763
0.000236221791
0.003568795078
0.000245417338
0.000240286742
0.000527118743
0.006659319762
0.007825080519
0.000237288398
0.005262354588
0.000237140383
0.000246738316
0.000530572541
0.00114362572
0.000529773036
0.001111651848
0.002995842742
0.000529146142
0.001124212184
0.001138303864
0.000234866782
0.003845282963
0.000238205973
0.000853512075
0.00023769925
0.00539460933
0.010020767721
0.014304394515
0.000238257656
0.002550582908
0.003729522536
0.000234345819
0.009858801042
0.000530126943
0.0160481622
0.021467573965
0.062664843073
0.000244251215
0.000243234774
0.004110336091
0.002016697884
0.000534943484
0.001144336959
0.007946684905
0.056858481865
0.00465932465
0.006117870443
0.011250120901
0.000537087079
0.002480491822
0.015713334031
0.000244869972
0.00024628747
0.004538986118
0.004829480046
0.000529078319
0.000243736665
0.000235621275
0.003803538646
0.0090841539
0.000239674584
0.00444556485
0.000242769076
0.000531803985
0.005156751559
0.00024258386
0.000531980628
0.000236719645
0.002024112901
0.002607242552
0.00023549009
0.003264398146
0.000840756741
0.007806610047
0.001441646301
0.003800917908
0.006765557293
0.000240184472
0.009350491173
0.010514771495
0.064824868969
0.000535799471
0.00023827518
0.00024729861
0.003502781542
0.006440979244
0.000245603172
0.005971999432
0.000235050671
0.006808720119
0.004776979681
0.006570139847
0.006570508668
0.000234623591
0.000240986471
0.000824926311
0.000242752172
0.00024319086
0.021630463233
0.000828211972
0.002336455074
0.000239026766
0.00113744574
0.000245086198
0.000242981157
0.005655549056
0.000238509525
0.006863622681
0.074177145202
0.012135245392
0.025596143864
0.000245653527
0.000534776185
0.001435027337
0.029886748942
0.003664961393
0.001123636978
0.000238436069
0.001402264765
0.003469871717
0.003779251834
0.007886977904
0.00052686802
0.000817000831
0.005214220263
0.018282277829
0.004210142745
0.013140135651
0.001784300973
0.00024592261
0.000242392132
0.000530094394
0.020162552185
0.051827499536
0.057244535613
0.000246370857
0.000527996181
0.000527432722
0.00081977949
0.025680156293
0.008523932657
0.00023374225
0.001425579595
0.000236831296
0.000243946182
0.001156381188
0.000241754387
0.010209307468
0.034299411709
0.006852322144
0.009473508475
0.034645693958
0.032048602017
0.054401925034
0.002382950205
0.000235768736
0.00024248149
0.018694661368
0.000239270125
0.003836958081
0.015767118836
0.000236120569
0.000528225449
0.000530435741
0.009774318193
0.000533052763
0.019065838031
0.000238832412
0.00287379355
0.00699500982
0.000525850735
0.012335191572
0.000853344114
0.00350025817
0.000234888131
0.000241122683
0.008455776709
0.000243847485
0.000236738816
0.000241803216
0.00023782042
0.012991688981
0.017397123042
0.035819817622
0.00023556985
0.000528338157
0.000241603192
0.000245107199
0.000532621946
0.000533859053
0.005817954973
0.000236437326
0.000528236974
0.002409349412
0.000234456897
0.000247239639
0.000527049658
0.000527217379
0.002023619824
0.004093257487
0.000236331275
0.000528327329
0.001509453805
0.006247386582
0.000245119981
0.00023822961
0.000848188364
0.002026420942
0.000239798169
0.000533304639
0.004343933727
0.010502191352
0.01224977657
0.002696654402
0.001123238244
0.000240390108
0.002413453945
0.000234354441
0.007027637767
0.000526982101
0.0008172046
0.004593079064
0.005467059709
0.000234549667
0.00204764269
0.000241654076
0.001406711904
0.015950359069
0.000241537695
0.000236241478
0.000859846542
0.000243873295
0.000537379765
0.000237323958
0.000530047988
0.006094064324
0.000536822556
0.000241524404
0.000825386231
0.000848153776
0.000235013593
0.000244382012
0.004990961869
0.006556878475
0.056404681661
0.02775379201
0.000237334743
0.000243121473
0.000233984669
0.000234409994
0.001109270198
0.00431749279
0.002004229114
0.008620272795
0.000234631762
0.000525250992
0.001723451889
0.007419391722
0.000245619029
0.007811610797
0.001435436157
0.00611378471
0.001404985083
0.001988055551
0.000246538411
0.005970844455
0.010936738084
0.010084295674
0.000234301745
0.003265096007
0.007751412427
0.000245122606
0.00430409908
0.000234978533
0.000527075925
0.00111083211
0.000533402327
0.000234160609
0.010926621026
0.000235481655
0.001744777574
0.003505674246
0.007933406216
0.003343598522
0.000246225768
0.006476081756
0.013520803121
0.000239649476
0.00024047893
0.000833897331
0.002579886586
0.000234793472
0.000536300512
0.006369925057
0.011917348133
0.00052710375
0.000239879043
0.000244634171
0.000528889091
0.005878124965
0.000234291117
0.001403440382
0.002569888562
0.006715956251
0.002676450821
0.000234662477
0.000234995547
0.007572729196
0.005782827771
0.003388839083
0.000235902165
0.000531646336
0.000526829811
0.001136310189
0.009950268525
0.020124689565
0.000853891521
0.000242955186
0.000235042558
0.000235426814
0.000526606948
0.001440887255
0.011791920916
0.000535075474
0.000242105126
0.000238293711
0.001454228403
0.010562419713
0.021321688062
0.000239696711
0.004267819741
0.000241457215
0.000532693511
0.000237137758
0.00615847501
0.000237687833
0.005249366504
0.000531877501
0.002964449908
0.006864702707
0.000237074641
0.001138873635
0.0002425603
0.000237640582
0.000237995323
0.00023829788
0.001150785318
0.00024290526
0.012293483747
0.020889403832
0.002047642594
0.007181647488
0.012332192121
0.015893693948
0.001514561999
0.000240478246
0.000245272717
0.000537217973
0.000237830658
0.005177062751
0.008356876333
0.000243674678
0.000235911683
0.002038235567
0.000243864453
0.00082904685
0.00290544231
0.006744478498
0.003498112353
0.000825641458
0.007582938326
0.000241762687
0.000529837364
0.000238677929
0.00024290819
0.001763109176
0.000236014175
0.005667897261
0.002357764741
0.000864043672
0.000237735487
0.00023516543
0.000245491978
0.004560862077
0.000235931452
0.000867224792
0.000238269436
0.000527053223
0.001137905243
0.000245791698
0.000244317157
0.000244664946
0.000246079183
0.000246910428
0.006112791906
0.035993149166
0.000839515788
0.000243757686
0.010203178412
0.01873925794
0.005962693161
0.000235998737
0.008119665018
0.000234801756
0.000243028845
0.000236992561
0.001138786033
0.000244936359
0.000244842573
0.000234754157
0.006915449428
0.000857523225
0.00024398712
0.00143712811
0.004858675312
0.009893749893
0.000246385376
0.000237780762
0.006464300039
0.007571194633
0.000237823702
0.000530435943
0.007968732787
0.000537688547
0.000238799234
0.000234754253
0.003556165153
0.006510275082
0.008827522029
0.000530279509
0.000239120862
0.000233881803
0.00239631574
0.000233978039
0.000235764987
0.002957229786
0.004125460933
0.01422342312
0.000241083846
0.000244097306
0.000238154565
0.000237989831
0.00023833168
0.000238663853
0.000239103247
0.000824713027
0.000234457138
0.001717593113
0.007219133206
0.000239466345
0.008167452942
0.000236157274
0.000240171087
0.000235123304
0.000527563299
0.003271262339
0.000243288173
0.000239433021
0.000239911409
0.005084167509
0.001464216219
0.059716981163
0.000239415716
0.001125034158
0.003841864559
0.000852657087
0.004414744845
0.000839109136
0.021288178481
0.000245865135
0.000241101045
0.000246817943
0.00875268167
0.000236893396
0.001139791894
0.000243928244
0.005414299065
0.000240642389
0.00826870267
0.000842381633
0.041461258434
0.003261156685
0.000241002101
0.00369511582
0.000242019993
0.001918114829
0.000235286994
0.000236395492
0.000234300965
0.000234429814
0.000525921706
0.001772531371
0.000861535265
0.000235420419
0.000236683751
0.000238350225
0.000244622753
0.000241468521
0.002203265486
0.000235066403
0.000239102484
0.010336512406
0.000236451691
0.001157972431
0.007004308726
0.00518380951
0.006461948199
0.000238394973
0.002499535183
0.023662789809
0.005897123187
0.000240248952
0.00818643369
0.00023669371
0.001718973953
0.000243789519
0.00024642774
0.000235397854
0.000857470043
0.008805728869
0.000823922123
0.000240746703
0.000239987205
0.00052676495
0.002148187384
0.000238203731
0.000528929417
0.001149540559
0.000235190996
0.002391135004
0.003264677459
0.000243695753
0.004175312028
0.000844462766
0.004691684114
0.000241943099
0.00024480029
0.004819676367
0.000241071425
0.000246842035
0.000239993285
0.001443650201
0.017805080545
0.003456478844
0.000238768074
0.001819927597
0.000863811677
0.000242114917
0.000238994086
0.000530436567
0.000243387257
