0.000242601922
0.004945582386
0.000239178938
0.000531189442
0.000237440676
0.000530272306
0.000240971444
0.003040819008
0.00024091911
0.006096147918
0.000244422706
0.012223808439
0.116656568822
0.000245901936
0.008680587539
0.001125336873
0.013033833887
0.00241780809
0.001109649184
0.009068839964
0.006533407821
0.036251462964
0.005460868092
0.000235493802
0.005786676497
0.034442820372
0.008569848381
0.012370207491
0.003170573888
0.000238062834
0.000534492383
0.008600877053
0.000240838861
0.000240994263
0.000532668397
0.000244537547
0.000245802123
0.006934709212
0.007765881205
0.016880941246
0.006037610353
0.007910682711
0.058963064757
0.000244487475
0.000241214327
0.01046800407
0.000241513845
0.000244152206
0.003181582596
0.008162537701
0.000240937003
0.000243115918
0.005135317503
0.045155577544
0.060996507528
0.002973470085
0.0177421587
0.027767234533
0.032726309841
0.000527129518
0.006053850921
0.000233772767
0.002946319704
0.005163549153
0.031927210608
0.000530469771
0.006553654263
0.000234633764
0.00471904049
0.000246339946
0.000236857369
0.011003073181
0.008492834257
0.001167068006
0.015387420171
0.021734454224
0.006669275187
0.057515060163
0.000246596067
0.003040996813
0.00763381274
0.000245240139
0.005224679796
0.000239180094
0.000239959027
0.000529774785
0.003390096422
0.010608417025
0.024698658654
0.031176093185
0.000238238243
0.00111259638
0.004168379752
0.018805124222
0.000532575731
0.004133800044
0.014277101082
0.000247387289
0.000239865789
0.002583938681
0.003167988692
0.000238548052
0.007206049599
0.010691458347
0.005718093447
0.000236280512
0.000528981926
0.015164467728
0.003979746329
0.00499156358
0.009452077031
0.014019732604
0.000526567581
0.001426578344
0.000527412148
0.002710123035
0.000242404241
0.002676107575
0.006357382387
0.002887076607
0.004635364781
0.005508691556
0.000238709005
0.000829389138
0.007656696483
0.000243141962
0.005023555268
0.025611687527
0.056465061923
0.000246286121
0.003297790762
0.000235806655
0.000525252902
0.007607546384
0.008184476654
0.000237324082
0.003368193477
0.013790997228
0.002948333326
0.000234225865
0.001149417418
0.000239217216
0.001108931669
0.002891022714
0.004691061911
0.012094980849
0.000236711242
0.001125383781
0.010308802535
0.013517592035
0.068253471496
0.003614840763
0.000236221791
0.003568795078
0.000245417338
0.000240286742
0.000527118743
0.006659319762
0.007825080519
0.000237288398
0.005262354588
0.000237140383
0.000246738316
0.000530572541
0.00114362572
0.000529773036
0.001111651848
0.002995842742
0.000529146142
0.001124212184
0.001138303864
0.000234866782
0.003845282963
0.000238205973
0.000853512075
0.00023769925
0.00539460933
0.010020767721
0.014304394515
0.000238257656
0.002550582908
0.003729522536
0.000234345819
0.009858801042
0.000530126943
0.0160481622
0.021467573965
0.062664843073
0.000244251215
0.000243234774
0.004110336091
0.002016697884
0.000534943484
0.001144336959
0.007946684905
0.056858481865
0.00465932465
0.006117870443
0.011250120901
0.000537087079
0.002480491822
0.015713334031
0.000244869972
0.00024628747
0.004538986118
0.004829480046
0.000529078319
0.000243736665
0.000235621275
0.003803538646
0.0090841539
0.000239674584
0.00444556485
0.000242769076
0.000531803985
0.005156751559
0.00024258386
0.000531980628
0.000236719645
0.002024112901
0.002607242552
0.00023549009
0.003264398146
0.000840756741
0.007806610047
0.001441646301
0.003800917908
0.006765557293
0.000240184472
0.009350491173
0.010514771495
0.064824868969
0.000535799471
0.00023827518
0.00024729861
0.003502781542
0.006440979244
0.000245603172
0.005971999432
0.000235050671
0.006808720119
0.004776979681
0.006570139847
0.006570508668
0.000234623591
0.000240986471
0.000824926311
0.000242752172
0.00024319086
0.021630463233
0.000828211972
0.002336455074
0.000239026766
0.00113744574
0.000245086198
0.000242981157
0.005655549056
0.000238509525
0.006863622681
0.074177145202
0.012135245392
0.025596143864
0.000245653527
0.000534776185
0.001435027337
0.029886748942
0.003664961393
0.001123636978
0.000238436069
0.001402264765
0.003469871717
0.003779251834
0.007886977904
0.00052686802
0.000817000831
0.005214220263
0.018282277829
0.004210142745
0.013140135651
0.001784300973
0.00024592261
0.000242392132
0.000530094394
0.020162552185
0.051827499536
0.057244535613
0.000246370857
0.000527996181
0.000527432722
0.00081977949
0.025680156293
0.008523932657
0.00023374225
0.001425579595
0.000236831296
0.000243946182
0.001156381188
0.000241754387
0.010209307468
0.034299411709
0.006852322144
0.009473508475
0.034645693958
0.032048602017
0.054401925034
0.002382950205
0.000235768736
0.00024248149
0.018694661368
0.000239270125
0.003836958081
0.015767118836
0.000236120569
0.000528225449
0.000530435741
0.009774318193
0.000533052763
0.019065838031
0.000238832412
0.00287379355
0.00699500982
0.000525850735
0.012335191572
0.000853344114
0.00350025817
0.000234888131
0.000241122683
0.008455776709
0.000243847485
0.000236738816
0.000241803216
0.00023782042
0.012991688981
0.017397123042
0.035819817622
0.00023556985
0.000528338157
0.000241603192
0.000245107199
0.000532621946
0.000533859053
0.005817954973
0.000236437326
0.000528236974
0.002409349412
0.000234456897
0.000247239639
0.000527049658
0.000527217379
0.002023619824
0.004093257487
0.000236331275
0.000528327329
0.001509453805
0.006247386582
0.000245119981
0.00023822961
0.000848188364
0.002026420942
0.000239798169
0.000533304639
0.004343933727
0.010502191352
0.01224977657
0.002696654402
0.001123238244
0.000240390108
0.002413453945
0.000234354441
0.007027637767
0.000526982101
0.0008172046
0.004593079064
0.005467059709
0.000234549667
0.00204764269
0.000241654076
0.001406711904
0.015950359069
0.000241537695
0.000236241478
0.000859846542
0.000243873295
0.000537379765
0.000237323958
0.000530047988
0.006094064324
0.000536822556
0.000241524404
0.000825386231
0.000848153776
0.000235013593
0.000244382012
0.004990961869
0.006556878475
0.056404681661
0.02775379201
0.000237334743
0.000243121473
0.000233984669
0.000234409994
0.001109270198
0.00431749279
0.001719906882
0.029122383203
0.001706753204
0.010801120097
0.000246705946
0.009622569036
0.001131296024
0.005808450831
0.001718025276
0.004378599492
0.00023988384
0.003817469131
0.00706041806
0.004422904462
0.000236556022
0.002623596608
0.006779646922
0.000242134157
0.00244115549
0.000534714493
0.001715433049
0.000532720944
0.000530919083
0.011104800678
0.000243059176
0.002007260817
0.000527349459
0.001745491247
0.008414004505
0.005049750851
0.000241463547
0.006726928383
0.009935567697
0.000241887197
0.000240330686
0.000853266958
0.002614891166
0.000238930758
0.0005340608
0.007506014617
0.02311162327
0.000534665083
0.000238415071
0.000236209792
0.000526173131
0.00298509574
0.000527039861
0.001111872027
0.006029305671
0.002697562131
0.000234423758
0.000235824385
0.014688109662
0.005234618028
0.002712081933
0.000239442329
0.000528004329
0.000527691494
0.001743984835
0.013032174852
0.028786196754
0.000846190773
0.000243039714
0.000236938371
0.000237322627
0.000234925373
0.001719490837
0.011662643362
0.000530652492
0.000238477259
0.000237026609
0.000840677629
0.001438152069
0.01511157231
0.000233827155
0.002625487997
0.000236566904
0.0005278032
0.000237359874
0.005657429405
0.000247355913
0.006457079355
0.0017014499
0.003807469551
0.000529637535
0.001127436529
0.000241306203
0.000237558349
0.00023791309
0.000238215647
0.001189703085
0.000245778174
0.009707715989
0.014686308412
0.001457946249
0.011368778863
0.000527654774
0.00563746207
0.016430488242
0.027800259407
0.001482073804
0.000242391549
0.000244123321
0.000536068577
0.00024100515
0.004405063489
0.01400747872
0.000239277249
0.00052910697
0.002040430854
0.00024341467
0.000841263238
0.003577762934
0.010383489125
0.002362554964
0.057262917633
0.001168292808
0.007331551616
0.000241857782
0.000825796822
0.000237320836
0.000241172604
0.00173537359
0.000234862849
0.005687664638
0.003021302795
0.000858051911
0.000243600783
0.000237958014
0.000234005265
0.010787388104
0.0002379649
0.000828635162
0.000239206645
0.000239511351
0.001154363371
0.000240341931
0.000238531765
0.000238879554
0.000240735413
0.000241963599
0.006827968037
0.068091078143
0.000856572136
0.000237329226
0.003215399371
0.013268250407
0.003045430109
0.000235054886
0.030281642959
0.000235178067
0.000236832083
0.000238327271
0.001114120743
0.000245980546
0.000240487365
0.000244078128
0.008331953603
0.000822082262
0.000238377447
0.001131448344
0.003473899114
0.005250426653
0.00023728383
0.000234359441
0.000821278788
0.009539711318
0.000235152928
0.000527765169
0.001400989524
0.000657377495
0.000240682049
0.000246952342
0.002472945537
0.00305577596
0.004400266817
0.024707621547
0.00053647987
0.000241718384
0.000243284882
0.002394523432
0.000237208613
0.000244540501
0.00470385854
0.005287068866
0.01980824968
0.000241735386
0.000241718878
0.000245388587
0.000242096081
0.00024243793
0.000236365851
0.000236805245
0.000868609259
0.000246714277
0.001600150095
0.007252875649
0.000241690248
0.003563780849
0.000239486548
0.000243500361
0.000236768186
0.000240003267
0.00300481335
0.000245958198
0.00024222793
0.000236964171
0.002694648371
0.001467334696
0.057112263886
0.00023453724
0.002092294043
0.007360662693
0.000855529639
0.002417299834
0.000852500204
0.041722231873
0.000246409509
0.000234624226
0.00023448498
0.03558022769
0.000234933028
0.005605049007
0.000234447998
0.007482006853
0.000859352346
0.010418827088
0.024870900713
0.000239963209
0.004866732881
0.000244021525
0.003083839845
0.000246924965
0.000244842321
0.000235589194
0.002077847375
0.000866811594
0.000236073844
0.000238173879
0.000241678129
0.000243923693
0.000243401796
0.001771100743
0.000240595467
0.000243027728
0.01359529828
0.000240877652
0.001176865053
0.006599900885
0.006663165195
0.006112504815
0.000242281346
0.002018862391
0.028276737336
0.011509156321
0.000236416503
0.007824684577
0.000243523694
0.001769299455
0.000236898231
0.000245536756
0.000235468535
0.000844540724
0.005203672063
0.000839204459
0.000240587212
0.00023402886
0.000531238734
0.002121048731
0.000242719473
0.000531202907
0.001162841973
0.000234017416
0.002376961424
0.007967201461
0.000239655279
0.003981551349
0.000866695461
0.049911564809
0.000236104091
0.000243557483
0.006920677918
0.000238430401
0.000242374154
0.000238303847
0.001454964444
0.005412799955
0.004893744433
0.000245318188
0.001776508502
0.000823288071
0.000241551382
0.00023576742
0.000527209901
0.00024218254
