0.000234565065
0.007633387464
0.005883747505
0.000235286068
0.000238725562
0.000235428512
0.000244077515
0.004235267427
0.000236641459
0.002658173002
0.000239518416
0.004571181013
0.000246693147
0.000236914249
0.00397792097
0.000242375989
0.000831322256
0.004389750881
0.001765665474
0.004678471222
0.006747480057
0.009510951252
0.015010104234
0.000240949645
0.00211884
0.000233916957
0.004580014814
0.000821184702
0.009653138139
0.000234864868
0.000234969376
0.003897910937
0.000235721849
0.001111453081
0.000234219317
0.000242424682
0.000233518487
0.000818798575
0.003442942765
0.000243805459
0.006023165173
0.000242580065
0.004842019482
0.000238374144
0.00023884635
0.000243842831
0.000242591687
0.000243522958
0.000243598387
0.000236662689
0.00086729688
0.000242694837
0.000241587308
0.00024185118
0.000245038986
0.000235650495
0.000236912773
0.00488064542
0.000246100348
0.000241651423
0.000825990033
0.000244963897
0.000234408481
0.000526481704
0.000528666694
0.002619083809
0.000234575039
0.000537257809
0.00266141568
0.000245978187
0.000867714488
0.001176148233
0.000243076544
0.000534955351
0.000242213671
0.000239073748
0.000244129364
0.000525428963
0.00110932527
0.004286916791
0.001150010882
0.007716562694
0.000244157461
0.003536654235
0.004120288458
0.000245078044
0.000245817041
0.001125829916
0.000528667726
0.000239274808
0.000530438715
0.001418286249
0.000237119814
0.000530384676
0.000536202069
0.000233981215
0.000526770205
0.001755463137
0.000234220642
0.000236079344
0.000533801554
0.003486620929
0.000236997554
0.046917463502
0.000237736307
0.000238470795
0.000530600639
0.000234735258
0.000817572033
0.000244425747
0.000234386716
0.000234929751
0.001122059279
0.000531137116
0.000238267081
0.000242686374
0.000240960804
0.006218055628
0.00023847479
0.000245356808
0.000241276444
0.000526513113
0.001111186905
0.001730926173
0.000237318276
0.001130099464
0.000237229905
0.000241670885
0.000241864963
0.000238130364
0.001419802686
0.002584844718
0.000238754737
0.000237960967
0.000243545962
0.000246963803
0.000245692819
0.000242116755
0.000242223384
0.001766205618
0.000240496059
0.000243758791
0.003611492566
0.000235471094
0.000242124398
0.001124278998
0.012339564557
0.031163987874
0.000236667745
0.001169969379
0.000241372978
0.000241490804
0.002377238682
0.000246318829
0.000236962219
0.000236010056
0.000235486699
0.0011515488
0.000245081418
0.000239815765
0.001143985187
0.0002415973
0.000246284339
0.000246072458
0.000246437791
0.000244996885
0.000239223855
0.000235033403
0.000234128797
