247
225
228
258
37
52
57
49
53
52
62
127
70
57
42
59
139
65
79
70
72
74
71
69
72
79
70
60
83
79
92
81
65
88
186
161
47
85
67
76
124
50
152
65
65
96
170
196
217
230
81
164
138
130
213
132
82
136
144
109
123
133
112
129
118
160
94
117
152
158
118
89
94
109
132
114
101
94
93
121
88
127
101
100
102
121
129
110
91
144
131
84
135
128
206
218
144
128
261
84
262
131
93
72
196
133
165
177
180
150
162
172
152
177
187
200
451
184
194
155
141
191
183
172
174
201
216
460
235
437
254
263
262
174
520
237
245
170
111
174
127
157
124
224
197
181
163
216
228
249
306
257
321
297
338
424
377
539
198
212
189
447
313
199
120
160
286
394
407
236
228
280
342
269
321
287
303
332
298
299
330
298
140
90
333
123
121
74
339
388
363
101
356
378
364
38
68
364
83
74
