60
88
93
72
57
74
64
78
81
86
83
72
77
76
89
75
65
72
59
88
71
94
112
96
103
122
152
130
181
142
263
109
193
92
176
167
125
213
248
95
166
121
73
92
72
116
167
157
124
128
104
124
144
113
132
126
134
109
133
123
127
159
93
122
108
91
144
161
107
115
218
343
169
323
361
160
160
315
367
170
131
116
94
112
367
299
299
421
373
423
338
124
149
158
155
527
448
92
112
158
180
443
339
65
106
101
507
56
79
69
419
165
137
144
146
107
100
98
76
84
84
364
80
419
74
286
347
71
223
212
72
219
263
59
387
59
234
340
329
333
345
35
52
44
32
29
15
14
4
5
