71
64
104
79
68
83
70
83
82
86
74
55
76
78
79
65
64
67
63
76
86
86
108
92
135
100
133
113
159
134
224
87
193
79
151
170
87
195
215
66
170
96
77
79
82
130
164
151
135
148
106
131
163
92
132
111
148
91
112
128
132
141
89
104
97
84
113
116
110
103
211
293
192
314
396
190
159
290
352
164
132
114
97
119
342
296
339
458
377
428
345
127
165
142
137
541
469
96
138
172
168
435
332
59
104
109
485
46
89
71
410
142
149
140
130
121
104
96
90
90
82
348
91
422
78
295
365
81
241
204
73
202
253
66
363
68
247
319
322
339
321
31
60
52
31
32
15
16
2
5
