215
240
222
247
55
48
49
37
47
42
66
120
51
46
55
56
126
70
59
59
65
59
69
71
66
73
71
60
68
83
77
84
65
86
220
177
48
60
79
71
138
55
190
58
76
89
143
210
227
218
84
164
140
155
204
129
74
139
126
107
117
134
102
127
135
161
104
106
145
130
119
104
111
127
126
119
98
95
88
115
98
101
113
100
103
100
102
124
100
118
128
80
131
113
197
205
150
142
260
72
266
144
111
99
164
135
161
161
143
140
173
181
137
208
156
185
448
220
192
195
182
199
221
198
148
221
210
452
228
393
256
247
232
216
482
201
236
185
112
181
124
153
134
230
183
225
210
242
219
262
308
290
325
314
348
400
366
554
214
203
156
435
295
175
115
170
291
431
366
224
227
222
338
225
321
242
277
317
301
314
285
319
156
74
317
123
129
73
335
405
369
86
319
368
395
40
55
373
82
71
