71
64
104
79
68
83
70
83
82
86
74
55
76
78
79
65
64
67
63
76
86
86
108
92
135
100
133
113
159
134
224
87
193
79
151
170
87
195
215
66
170
96
77
79
82
130
164
151
135
148
106
131
163
92
132
111
148
91
112
128
132
141
89
104
97
84
113
116
110
103
214
300
192
314
398
190
159
290
352
164
132
114
96
116
344
296
341
454
376
437
352
124
165
147
133
524
459
104
148
159
161
439
322
58
95
109
484
50
86
77
424
132
146
132
123
114
98
91
85
86
84
362
88
422
80
316
349
76
237
211
67
215
266
63
360
66
233
330
353
313
306
30
58
51
31
32
15
16
2
5
