71
64
104
79
68
83
70
83
82
86
74
55
76
78
79
65
64
67
63
76
86
86
108
92
135
100
133
113
159
134
224
87
193
79
151
170
87
195
215
66
170
96
77
79
82
129
165
151
138
149
103
130
162
93
130
111
150
93
113
130
134
143
90
106
95
82
112
113
113
104
219
292
191
315
399
187
157
290
354
156
130
114
90
128
341
295
318
424
355
439
355
134
165
159
136
532
446
93
140
171
160
439
325
57
106
117
516
47
82
80
424
145
152
132
120
117
109
99
90
89
79
382
87
436
81
308
366
80
240
203
69
223
275
64
387
68
256
331
325
333
320
41
56
53
31
32
15
16
2
5
