22
23
28
21
9
14
16
12
15
10
27
41
26
25
26
27
44
31
25
22
28
25
24
29
24
29
24
23
33
34
37
31
27
29
4
3
37
47
44
32
6
34
6
46
48
19
40
44
5
11
26
45
53
42
47
37
29
43
44
43
36
50
40
44
32
45
31
38
39
38
45
24
37
40
57
45
38
33
32
37
38
40
42
40
40
35
39
30
35
33
30
25
81
77
9
25
88
73
22
27
17
86
71
32
49
51
44
64
49
55
45
59
38
56
39
68
24
47
50
37
32
41
45
52
41
39
48
40
96
31
76
66
116
43
35
105
91
21
14
52
19
54
25
51
35
29
33
42
67
67
60
54
71
61
58
53
45
46
104
96
68
49
58
69
69
91
46
87
100
48
50
73
89
49
73
65
46
76
67
56
38
46
66
54
48
52
73
34
47
52
45
45
43
40
53
10
28
57
36
36
