14
14
23
14
13
15
15
9
15
10
32
52
21
20
24
29
44
29
25
23
26
22
19
26
16
16
23
20
21
27
28
30
23
27
2
1
36
42
53
30
3
33
4
38
45
21
33
40
34
40
29
43
47
44
48
28
31
37
38
49
43
45
40
48
31
41
40
42
47
34
50
33
38
43
55
47
37
24
41
43
44
40
44
36
39
36
42
38
39
37
35
27
93
76
12
26
81
93
21
26
11
90
73
32
48
50
52
52
38
44
45
56
38
63
48
55
22
51
50
30
33
31
31
42
34
58
36
41
89
30
109
101
88
50
54
79
70
27
16
50
21
56
21
54
38
32
45
44
55
70
61
59
59
62
64
48
36
41
93
89
69
74
39
84
68
78
24
90
93
50
47
54
93
52
84
57
40
71
51
50
36
51
62
46
47
55
55
37
27
52
46
43
54
50
59
7
22
52
33
26
