0.000241198275
0.000240248261
0.075841363971
0.04525787819
0.004230934157
0.024406094329
0.000242413602
0.012137019171
0.014738400697
0.000239536769
0.010601196298
0.000237597278
0.000528681284
0.015265046452
0.019229986353
0.012987162686
0.060063326537
0.000236753386
0.000237790291
0.005063255456
0.076346944633
0.000237905515
0.008726821488
0.012000513032
0.014933258295
0.017964481734
0.013450546914
0.01810095881
0.016011562363
0.014577734169
0.06042437493
0.009998216647
0.025731087366
0.083565498857
0.000234587566
0.000237339173
0.000238423575
0.003086410983
0.013790274454
0.021498071513
0.060815161791
0.072591313695
0.089657902124
0.000236238996
0.000527911793
0.000528266671
0.02423901585
0.027910604194
0.000233753997
0.000529902017
0.019528909386
0.072304518915
0.009010572208
0.011195009252
0.025889732603
0.000235084427
0.018910004897
0.040532319414
0.061612455822
0.000233645085
0.000234704025
0.025188580388
0.040426860263
0.051760803668
0.000526154118
0.000527284205
0.011289793456
0.019588872275
0.059516082527
0.000242277155
0.00023766299
0.000238981707
0.040364302854
0.044009004724
0.046160500054
0.01851079189
0.047229669823
0.074228553475
0.000235130032
0.007630619151
0.014163351538
0.05700953737
0.000235444002
0.000527644385
0.021267751659
0.033067708899
0.061373077358
0.000526226048
0.036319471025
0.052586113191
0.014591869582
0.000235092671
0.009254649775
0.020697401717
0.000234622195
0.032472890214
0.000236140068
0.000528000182
0.00052816321
0.004986658453
0.051566706132
0.008444537033
0.011933533353
0.109298392542
0.000238580448
0.000530394163
0.084581907771
0.000244568811
0.000246873404
0.02018377927
0.000240776413
0.000242478311
0.007462024141
0.032676268595
0.004063541353
0.02084203314
0.000528753855
0.010344309236
0.022804272671
0.000246775031
0.001656700435
0.012998417511
0.000234602674
0.000526748161
0.000243295737
0.033198622503
0.008707864619
0.009816722674
0.00024004914
0.000531889188
0.036819947707
0.000236156621
0.000527170875
0.000240207662
0.005510491378
0.010323173723
0.036466907691
0.000244760657
0.00023949714
0.107674608761
0.049099452781
0.071113719006
