0.000235523099
0.000240950761
0.019353449382
0.000243313929
0.000244505139
0.000234832244
0.000245565658
0.147744012337
0.000236248852
0.013875765354
0.038808621301
0.042870872944
0.012232450759
0.034003702862
0.006980017817
0.042201129893
0.00353549742
0.018474233893
0.000528016036
0.006549716366
0.025641816567
0.003373793111
0.032742928675
0.072739819253
0.00023359419
0.028896522283
0.033466879198
0.000244429093
0.012637484678
0.021425317078
0.040870331642
0.047553831561
0.000235609012
0.0074986868
0.027760161006
0.032519175625
0.000241652692
0.000529097781
0.027879513787
0.000238177889
0.000238216268
0.005802943408
0.016820035293
0.026582024988
0.000235380499
0.009263439829
0.057556846522
0.018447704948
0.020475650045
0.003200987462
0.041532810051
0.000235550929
0.000236533817
0.000244467908
0.012694217806
0.000243568717
0.000525306086
0.005791753468
0.009629200766
0.025566748239
0.026123490809
0.039637160641
0.060823768446
0.00053065471
0.005916129497
0.000238840813
0.051911840116
0.000240304367
0.000526236435
0.011751628409
0.000532592859
0.021805321098
0.022096843793
0.119078592809
0.132231153144
0.000243780767
0.015733399506
0.034681203587
0.044309783295
0.000241483697
0.012802643366
0.04094196093
0.042094787431
0.008062194888
0.000236320722
0.005851199301
0.014133490128
0.056381717725
0.087325240359
0.091883875383
0.107615646193
0.125486114066
0.000237899928
0.009716527267
0.053095091917
0.128232826301
0.00024585076
0.033270681762
0.00500583454
0.017585304219
0.077003111519
0.000526463821
0.020274448896
0.021311274132
0.02623018498
0.083895282217
0.000233675481
0.014648363812
0.000237569527
0.029816780693
0.000236819934
0.000237416731
0.013590005069
0.024504695914
0.038038725563
0.000236331304
0.000242941937
0.00024308871
0.004113296138
0.007702183247
0.021684017464
0.037595919427
0.000240773843
0.000533024335
0.007667261435
0.000241117471
0.031748837147
0.090700616813
0.000235604241
0.00052823655
0.00722125037
0.000241503221
0.000533039908
0.060663209594
0.000235111381
0.000237227589
0.000527404047
0.000819133182
0.083805459712
0.018653009998
0.075575225096
0.00023469303
0.000526458685
0.005103393706
0.029139124968
0.018610418013
0.019951519043
0.000526418725
0.015284802798
0.010440976642
0.000239992785
0.069358869999
0.127251249539
0.225342127876
0.000238587337
0.007961168997
0.004493460146
0.055308935671
0.01189188268
0.024064602141
0.065641437176
0.087257314523
0.00725077622
0.030300079404
0.000235396815
0.000235944586
0.00899951845
0.061086420104
0.000236780347
0.029890858181
0.000235687116
0.000528573556
0.062170900905
0.000234668104
0.000239978532
0.00024015834
0.000532253958
0.000240129881
0.000528441874
0.032104426313
0.000536061979
0.092639261213
0.000245608431
0.000531939494
0.000527938239
0.007729931056
0.059105213444
0.093122173945
0.105852293361
0.084090050328
0.000236213707
0.000528939743
0.024728484155
0.000242752648
0.018621942406
0.010028461585
0.000243467274
0.000531160782
0.007175537879
0.006011767997
0.085428653298
0.007066210065
0.008415049825
0.008921233568
0.000525197524
0.000237525134
0.03835632713
0.007907664166
0.024606099994
0.014182408006
0.000239200192
0.006059953482
0.00023472693
0.000241013292
0.000242379734
0.000243147738
0.000240463223
0.000234312033
0.040320237608
0.000241218841
0.016777060597
0.017081589688
0.018681802832
0.000233846994
0.000242474143
0.000242477113
0.015716021885
0.020632581783
0.030658898717
0.000243467813
0.000535217264
0.025138669405
0.010008310321
