5
2
0
7
9
2
9
0
16
23
28
0
31
28
19
0
24
24
22
27
46
29
30
26
0
0
0
0
52
0
46
37
55
6
17
13
27
41
21
34
20
21
40
31
43
28
17
33
24
15
36
18
14
39
17
29
26
18
0
0
0
1
0
4
5
5
2
23
10
0
0
17
0
0
0
0
0
7
1
11
17
13
23
11
17
29
26
35
15
26
39
18
26
25
38
28
54
32
42
46
38
29
52
55
38
67
35
63
96
66
48
100
68
29
48
51
106
81
29
50
74
84
85
21
67
55
71
70
21
58
67
71
57
55
75
44
58
68
54
54
79
41
54
53
69
37
39
30
55
38
36
22
63
13
47
32
54
15
29
27
55
12
44
21
59
14
43
34
13
13
47
10
28
45
10
16
48
2
34
13
41
0
3
8
6
10
4
8
4
1
0
0
0
0
0
21
14
19
0
0
