0.000245659356
0.007913390179
0.000239187432
0.000531183322
0.000233705586
0.000234967614
0.000237553079
0.005867859567
0.00024459056
0.009535449167
0.000531635275
0.013253996694
0.000243468753
0.0067201371
0.001114797999
0.026592088447
0.002436329258
0.002013360721
0.006423588289
0.021090274117
0.032521977071
0.000237082011
0.020197042943
0.007219808526
0.084556088578
0.005349573154
0.006836300713
0.000237128227
0.003343316044
0.012434116398
0.004384537623
0.025954503725
0.000234694129
0.000527286561
0.003278641208
0.011799729947
0.00052708967
0.00687644711
0.008638246316
0.021311192865
0.006625200734
0.008679872179
0.015706830894
0.005459153801
0.000240852192
0.000234576414
0.003909213834
0.030888442059
0.00023531269
0.000830446393
0.005703963849
0.000534004776
0.00144850149
0.010800623208
0.011489046916
0.025327443867
0.030831821991
0.035051535907
0.000238452716
0.005816436188
0.000241543262
0.003944049893
0.000245705193
0.00052698275
0.002022827281
0.012197357447
0.000234559326
0.000526083975
0.004260065696
0.002438561355
0.000239011982
0.000243673301
0.000529126148
0.000241493
0.000836977714
0.00321936477
0.002577481273
0.004770246782
0.000525651087
0.005828314908
0.011172151275
0.030073995739
0.00202391265
0.008109584614
0.012439701811
0.002584366722
0.0043338065
0.009632867067
0.000245361481
0.000244133514
0.001702431857
0.003753713476
0.009164773116
0.005205766363
0.007252561311
0.002707754294
0.000236312156
0.003226782935
0.012780941985
0.006766537798
0.007628887486
0.009936769225
0.000236327844
0.000235772128
0.007438603094
0.01547853992
0.00024267361
0.004578482857
0.009590017391
0.000236380511
0.000238216419
0.000860186261
0.002281257835
0.002275120999
0.00403650971
0.006890315172
0.035615423174
0.027823713002
0.03554810185
0.049516450809
0.066909017558
0.004016448921
0.00350192713
0.015515894372
0.00143025933
0.002022714476
0.012053445895
0.001445609747
0.016217359353
0.006337723583
0.011390572049
0.024280407669
0.066413417879
0.001474117508
0.007435609346
0.024875004975
0.066967444554
0.000246858971
0.000236802289
0.004548255255
0.000246287942
0.01678970774
0.020414353432
0.068802003232
0.000239054631
0.009511696523
0.00724778346
0.007356690957
0.000238897079
0.004084224023
0.016361466812
0.000820793352
0.016494993243
0.011613801316
0.003700140825
0.008620330215
0.000240634344
0.000237946828
0.005738982181
0.038784766509
0.002030142678
0.013704166072
0.000533802475
0.000246025128
0.001402973578
0.01661422222
0.018070602364
0.005356342629
0.007348327626
0.009693404783
0.000234025032
0.000238244128
0.000529884504
0.000243552597
0.000236812591
0.005317008635
0.000843508057
0.01850585976
0.00023673233
0.00024499869
0.00053493511
0.005227670037
0.035416095007
0.000236649714
0.000238457155
0.004474331012
0.036931041369
0.000237446215
0.000845625889
0.00024296494
0.001740099482
0.006210164796
0.000242782815
0.000237646388
0.005536527987
0.00758948244
0.017433119239
0.000239284848
0.010179173531
0.011648869114
0.000244206777
0.000529402993
0.000244377838
0.000238747479
0.010718002062
0.004404764293
0.010737245254
0.004168071246
0.000242220434
0.000245074002
0.000534622288
0.000237526704
0.000235307384
0.001718534264
0.012586575269
0.004186528706
0.002027794543
0.001436242494
0.010583925185
0.098167935098
0.000238473952
0.021151218121
0.000241229515
0.000533240622
0.004369089035
0.004951916964
0.000827486663
0.000530604606
0.011113317168
0.003563794505
0.006274454912
0.000233205952
0.000235534445
0.005966906357
0.000244456179
0.000235819584
0.007825880806
0.001703897029
0.003186572914
0.000234814628
0.000536768395
0.015271248586
0.026768532857
0.028189766324
0.000234029836
0.000824572933
0.003041583946
0.000237857379
0.001112930804
0.000529940032
0.000819942395
0.02821607261
0.003807959919
0.00873501237
0.004533903089
0.000245496958
0.012319902714
0.000528453521
0.000528234049
0.000246158038
0.003603544356
0.000526109901
0.002516519413
0.001447088876
0.001695007079
0.009267404576
0.030262569282
0.000243614712
0.003714754685
0.011422939169
0.000237171257
0.000527595
0.000241379042
0.016027267249
0.021116935387
0.000817873231
0.002313105696
0.0054613558
0.001596238855
0.016382288696
0.046443990382
0.000240575446
0.000238898642
0.000530224802
0.000246929353
0.008585024391
0.010808937744
0.007007113898
0.012438018539
0.013287492507
0.019518995934
0.000840816482
0.025314279025
0.002321989559
0.000242868182
0.00023571592
0.007340727568
0.00085047319
0.003509550158
0.000243743255
0.000235826404
0.006280670053
0.000245730703
0.000236037961
0.002579212763
0.02406295627
0.000240045633
0.003532426497
0.000239099379
0.000529483357
0.010156179747
0.00052673389
0.004071839146
0.000241037904
0.003243015344
0.003635545986
0.000532484141
0.000527116076
0.000245517436
0.006795755872
0.017137911163
0.000841206554
0.007366446256
0.011611903799
0.000534739829
0.006722921887
0.007901994299
0.038847774147
0.00052674188
0.000236171874
0.00641372842
0.010814932579
0.015926963883
0.000529153026
0.012307051775
0.000839597424
0.000238038943
0.004092298828
0.013815694716
0.000531278887
0.00182150126
0.007904020954
0.01423808343
0.00023475326
0.000239331943
0.001144110677
0.001726110567
0.000237849876
0.000235276163
0.003847980086
0.000244515227
0.000238092201
0.003610721218
0.000246479569
0.000238511138
0.000240814225
0.000242333452
0.000246463153
0.000826600872
0.0017268359
0.000247444779
0.001783927108
0.000234560561
0.001524498365
0.00024589523
0.003243722497
0.000846479612
0.002062523619
0.00273440364
0.000240744445
0.000824520185
0.000243816132
0.000239205836
0.006081383965
0.015272438556
0.002590643426
0.000242189338
0.000532497271
0.005871550218
0.000837348414
0.003154421937
0.006966980533
0.008305738399
0.027648903532
0.000245517586
0.002364547677
0.005648591373
0.002433659196
0.000243652561
0.010122059848
0.016412540727
0.002439976373
0.00024265318
0.000238269688
0.00418150315
0.000246148595
0.000238582116
0.000529737036
0.011331662524
0.000529324221
0.000239213114
0.000847748546
0.000241182547
0.000240908467
0.000533032366
0.000825148402
0.006508352616
0.000240272259
0.000241201897
0.010432515569
0.00141202721
0.004388814167
0.001476241294
0.000245468521
0.002696770285
0.005621086686
0.00052684538
0.001110054445
0.009023084156
0.000234556493
0.000527182161
0.000237959466
0.000530013788
0.001156613292
0.001757696948
0.000233320789
0.002021276846
0.004641051517
0.006581617359
0.010549173161
0.001144700215
0.003221050954
0.000241316777
0.000238002174
0.007931894787
0.001450144736
0.002032182629
0.000530766818
0.000239198035
0.00470578477
0.011078378392
0.000237674184
0.00023720644
0.000529832093
0.002377946935
0.00082860243
0.002898160289
0.000235802297
0.000241498349
0.005570826168
0.009008781272
0.000235154629
0.000245349526
0.000234908346
0.000244374992
0.001732083294
0.015264712072
0.000244661959
0.000528980743
0.001782777874
0.003319206369
0.00024213148
0.00348897013
0.00024551032
0.00052965691
0.000818728202
0.017580976551
0.000241117659
0.000853157645
0.00052793939
0.004099525032
0.000531177382
0.000235562361
0.004149221459
0.001127957881
0.006207648692
0.002994709011
0.000238271883
0.000529288432
0.002001931195
0.000240176863
0.000528757926
0.007325778429
0.000235119667
0.000828646589
0.000235350753
0.000236906717
0.000237894951
0.000529327846
0.002925789832
0.010366863993
0.001116937461
0.000245821431
0.006177018906
0.007356756057
0.014111687038
0.000822721025
0.000240974454
0.00280044292
0.014364832359
0.007627056651
0.000531668896
0.003181026087
0.000242581776
0.000534571034
0.000234561839
0.000233701087
0.000234689321
0.000525262563
0.00918016302
0.00023945384
0.000832297848
0.000246248582
0.005336287544
0.00258232211
0.000836731952
0.000237031126
0.000244868887
0.000529999256
0.002011205865
0.000528098111
0.006563583955
0.000235560167
0.01155155302
0.000533112997
0.00082382635
0.002891767329
0.002805221742
0.007472211476
0.00112912501
0.007040991017
0.014888235543
0.002869350844
0.000536513393
0.000239585615
0.000532026393
0.001151823161
0.000239914059
0.004511372804
0.001155632643
0.000239077051
0.000239702363
0.000239398982
0.000241967782
0.00053340779
0.00115505041
0.007992721495
0.000861749254
0.048425153277
0.053993399389
0.000824112527
0.000240430768
0.002610613012
0.003194458859
0.024321014374
0.000240909179
0.006388150084
0.000242630061
0.002403520935
0.028170521344
0.000243109148
0.000528036377
0.007789951888
0.001442386741
0.007725066889
0.001113875838
0.00633497176
0.010717901279
0.000535607218
0.000834090938
0.007739479191
0.000235741869
0.000528446968
0.000236114079
0.000243714324
0.001816252994
0.008868635489
0.000236423299
0.000245449112
0.00115019042
0.000243855356
0.006315766192
0.000247052726
0.001715305835
0.002421965189
0.000836441527
0.000531345346
0.000833807948
0.003573721684
0.012281590693
0.000236112652
0.000246325242
0.00177129643
0.010017357249
0.01638606163
0.010907077177
0.000238407532
0.005589048274
0.01026204563
0.000857991
0.000240110923
0.000528789369
0.00114928032
0.000237859269
0.004800857179
0.000244999149
0.001154296408
0.000240800206
0.000532835785
0.008872131419
0.000235626722
0.000244001638
0.000238054711
0.00082020163
0.006099194181
0.000238710771
0.005928217802
0.000238333982
0.000238974988
0.000235907715
0.000244742562
0.000241529035
0.002016086421
0.005892494974
0.007105366683
0.00024127941
0.004998448695
0.012031212403
0.0002464387
0.000236547735
0.000528032423
0.002660137746
0.006703116498
0.000242870552
0.005287705187
0.000237711885
0.000244865424
0.002300787292
0.00407596737
0.000237804616
0.006679315082
0.00113908737
0.006076873297
0.010582417794
0.001153580849
0.008890913569
0.000239915963
0.000241349359
0.000534263843
0.000238954123
0.000240546841
0.000239904113
0.008720318947
0.042890632383
0.000243768829
0.001144891929
0.000237090196
0.000529107514
0.000236177775
0.000236521235
0.000235633098
0.000535415005
0.002930148989
0.026749808009
0.000235681938
0.017989719452
0.000837639044
0.000241321976
0.000850012564
0.006745492896
0.000526828841
0.006880236975
0.00023998378
0.002396398275
0.000532180084
0.003557883524
0.00024461295
0.000247023963
0.030591090266
0.005498000946
0.000237862921
0.000529541387
0.00023839055
0.006373868443
0.000237537246
0.051082403127
0.000239873983
0.0002397412
0.000244127569
0.002674664968
0.004837869433
0.005813126519
0.003666859461
0.000242012489
0.004144717676
0.000239731185
0.000532109191
0.000240760614
0.000235991895
0.000237453952
0.001151990418
0.001448754305
0.00024378443
