0.000245046312
0.000535984467
0.011602615404
0.000242026892
0.026143830289
0.053229114818
0.002856463652
0.000242557398
0.008512455491
0.000246427102
0.000242986364
0.00024260751
0.001452268498
0.00447652564
0.000235425752
0.00024638143
0.000243063091
0.00024254703
0.004123255365
0.051410274046
0.019276389601
0.06881239154
0.13984164783
0.00053342891
0.030315915509
0.077713187141
0.004457933893
0.058704030145
0.000234676611
0.000526081209
0.000245010758
0.030572380956
0.034830873488
0.008461982471
0.087966288934
0.010198050547
0.018174741981
0.007970470005
0.000238597998
0.032158276102
0.054238263587
0.066626143602
0.000237845228
0.017280772574
0.010379197842
0.014038964043
0.057292592693
0.00052877096
0.057116123384
0.074641964807
0.000237869547
0.000246064186
0.010741790775
0.000240010688
0.00998241038
0.020257856004
0.039860306179
0.065868798007
0.000537508861
0.005283105534
0.021918140517
0.000534260901
0.014773633841
0.007446803763
0.000236551352
0.000242117933
0.002671374648
0.01386621843
0.006695635628
0.000531861435
0.007361467548
0.023498784816
0.000236497298
0.000530532044
0.002583204201
0.021846085895
0.029448888322
0.047495774714
0.000235665492
0.003806184057
0.014062939322
0.000235804686
0.000529067729
0.013736679611
0.001417957904
0.005524149568
0.045814837822
0.072018847577
0.000241818962
0.000526826913
0.003771633122
0.015161166908
0.021396248834
0.000535601954
0.012274965544
0.046528442843
0.004275625825
0.051953825233
0.000239796035
0.003804537394
0.000246400323
0.009006477298
0.022923291987
0.053103549342
0.017913821511
0.061247113223
0.028581795975
0.05745750337
0.010892270988
0.000246321336
0.000531697211
0.005709105726
0.054436996878
0.059749899315
0.002672412951
0.014840986584
0.00864192425
0.065695853743
0.007929457967
0.012958132658
0.015410706879
0.000238989064
0.001717875683
0.040584573866
0.054702806337
0.064186485985
0.014345215727
0.000533498422
0.005780755255
0.01623684685
0.016571977775
0.042122805313
0.045334060813
0.002325898798
0.000234621496
0.000528109985
0.000241468181
0.011434814764
0.062689916367
0.069511251278
0.010113104071
0.038138035372
0.009326779552
0.016779470518
0.041912425455
0.024757490476
0.054834896924
0.065830879738
0.000530127351
0.037656111835
0.002875843878
0.000526236147
0.00417026771
0.013059162684
0.000236828795
0.002731136404
0.032625037438
0.002897788228
0.014266338056
0.02678786308
0.000240888823
0.000236523352
0.013879738217
0.029020095624
0.000525861831
0.000534254623
0.005881024403
0.000528594106
0.007928231401
0.000237569097
0.00024200748
0.00674246587
0.068561056034
0.075554557357
0.083110761456
0.000529851991
0.017548501096
0.000235396137
0.001137375982
0.022811185894
0.034444662126
0.000240459615
0.005552596971
0.036485583468
0.069695353573
0.000234119272
0.073832943475
0.078728033932
0.09623715735
0.001774981455
0.00432415071
0.00272608672
0.000237309116
0.000529255482
0.000529636078
0.003130193267
0.014513422386
0.000246500814
0.006903344892
0.00023754031
0.000528833483
0.010863985361
0.000244229969
0.011960672198
0.000236475621
0.006920454126
0.000242507123
0.001453776466
0.000240478228
0.009755197843
0.000238004234
0.000239129455
0.000532025605
0.000858919082
0.000235075776
0.000241864371
0.00354718359
0.000243022881
0.000528601248
0.003040858953
0.000237659685
0.007487187418
0.002629034805
0.000234813461
0.000235046687
0.00264322694
0.001996993221
0.022024041988
0.052691131346
0.008930824886
0.002348912379
0.012838695992
0.00023601847
0.010865498463
0.000527439621
0.009892157577
0.000241843522
0.004276227114
0.00023612876
0.000244888591
0.006820157786
0.026896877834
0.000245647752
0.006100824367
0.000533503485
0.00716192146
0.000237478647
0.000234538143
0.006079539964
0.087376880074
0.00053299856
0.001752326842
0.003499782964
0.005273272093
0.039128287649
0.000234610906
0.000527126453
0.002822268555
0.000235677641
0.000820170335
0.055600466174
0.000242506319
0.001998922139
0.009680450937
0.034131313606
0.002723974806
0.001122297217
0.009074357304
0.00024367947
0.00024681766
0.007554735943
0.002780665032
0.019345413115
0.00024455179
0.000828924472
0.009917739635
0.000240321507
0.000236871126
0.001825073962
0.000535633551
0.018828162988
0.000530517323
0.000236158279
0.009463451512
0.00023522447
0.000527053109
0.001723570858
0.006853531309
0.02431888869
0.000236278578
0.005142771376
0.051742182607
0.000234272907
0.000239038037
0.002317415182
0.000236540831
0.062930308985
0.08244536863
0.001406811009
0.013031109817
0.06244430992
0.000824095323
0.000244853144
0.004503379828
0.000829575722
0.000237955309
0.006594703958
0.00024410087
0.000526548768
0.007326321893
0.013743492961
0.044170379442
0.000246032854
0.000534496254
0.000238490779
0.002608830517
0.000532385326
0.001407872049
0.002929645222
0.000237396343
0.000820908859
0.008423891244
0.042203404208
0.000242059706
0.002997726066
0.000236232114
0.000237600333
0.000528260674
0.000236964034
0.008493677124
0.000246080966
0.009055252346
0.000526515456
0.076996426698
0.000235132557
0.002986080974
0.000235522261
0.000528369143
0.00202373748
0.015539146641
0.000866921645
0.000841712254
0.028899672761
0.011993355929
0.036809991688
0.000530213111
0.001113543558
0.007611109122
0.02767536878
0.041102631324
0.000237396188
0.000529287778
0.001719424361
0.000239645357
0.000528002095
0.005121661916
0.005415151163
0.069236207558
0.000238869233
0.001113104279
0.010467450499
0.000234614558
0.002364031179
0.009769635666
0.00780905925
0.019954900469
0.068652921957
0.000239368893
0.004034213568
0.001700074888
0.019269364299
0.059666858565
0.000527230455
0.006293993914
0.004689070595
0.016834735227
0.019745662912
0.032302510012
0.000239192215
0.000234911836
0.004710461374
0.014530081959
0.000528111224
0.010995624464
0.019462272824
0.029439913794
0.000535902452
0.022767972773
0.000240588807
0.005345499628
0.009650630778
0.005272571642
0.014695634019
0.051091613398
0.061896034317
0.0729200884
0.080330464539
0.000235507653
0.000236366434
0.000530408488
0.004385368484
0.000236247249
0.001152067474
0.011162346989
0.000237254243
0.005922743661
0.000235811148
0.004122053053
0.007426371287
0.000236050635
0.00052855745
0.001720257379
0.018348518944
0.000237079241
0.000245611437
0.00086145171
0.008248833127
0.000246821435
0.006197652613
0.000530477879
0.00023571848
0.002011158579
0.007911350809
0.000822085483
0.018636255309
0.074660281777
0.000236864844
0.00024401275
0.017690981577
0.000533809504
0.00275008482
0.005273996648
0.004692785628
0.00847683044
0.000533901596
0.003438220051
0.000236101279
0.004443745142
0.009253225373
0.001443763213
0.007984408274
0.001759284018
0.000240671924
0.000850758264
0.000234325867
0.00052656288
0.009321743902
0.014588739708
0.029888467239
0.067448923603
0.000239453539
0.000239779888
0.00485681278
0.007480669499
0.021287754804
0.001136854465
0.025227065074
0.00024015935
0.00258550185
0.009653313011
0.021383878048
0.000244880938
0.000238421107
0.000240271335
0.000242794306
0.000534480663
0.006528939247
0.00024495576
0.006558543911
0.009233689518
0.000240138157
0.000532169224
0.000823084358
0.015762735403
0.053260694399
0.001155329259
0.000234045778
0.001439925475
0.008082062771
0.000241058703
0.000242431325
0.002704342039
0.000238201238
0.000531230631
0.003453852092
0.018197775635
0.000238566627
0.000527046902
0.003756227037
0.00580676698
0.016036162495
0.000234892086
0.000527258009
0.001160323919
0.007988837218
0.000246726535
0.000528559051
0.001744142703
0.021173136478
0.000528678578
0.003744327385
0.000242380932
0.006705815032
0.000237275893
0.001112241146
0.003443678925
0.000238452373
0.011774304208
0.000537933299
0.000242881967
0.002486090292
0.006792177511
0.016475277848
0.070372005248
0.000245212878
0.010164768206
0.000235392648
0.000819817519
0.000239592507
0.000235329682
0.010554518464
0.03422455335
0.000238211252
0.014649377016
0.029646778736
0.000818957083
0.002605326481
0.000236363137
0.000528818554
0.000236913413
0.000529330329
0.00581864233
0.000236220717
0.000235020408
0.005441334681
0.011796111338
0.005104444152
0.000239940449
0.003660924968
0.000528451917
0.000819596732
0.008788478355
0.01861379514
0.000526086807
0.026310337085
0.00024026958
0.003192005467
0.015852193247
0.00327131472
0.003534852839
0.020574966155
0.001762174705
0.004710690051
0.02579107171
0.000530661538
0.007272783542
0.012354340224
0.000244792537
0.002940369458
0.006375510051
0.000530134887
0.010858025171
0.000234363643
0.006483456593
0.010916395912
0.000233278654
0.000239165414
0.003592257777
0.00023912265
0.000531210796
0.002864824887
0.026149573698
0.000240815055
0.000526111542
0.003455290083
0.000241311031
0.000239337074
0.000842647288
0.001746103985
0.000526819048
0.000234832839
0.000527448338
0.002714911777
0.000234206795
0.000525642631
0.000239111686
0.00310276816
0.000241622504
0.003722262674
0.011961809889
0.000244423559
0.000245841887
0.000835061779
0.002640479668
0.000243117843
0.002606392056
0.0067899433
0.00053317372
0.004334261757
0.011996915221
0.000847296099
0.004332181684
0.015134265125
0.031378877651
0.000242049162
0.000237614218
0.006233447777
0.000536935595
0.00023728234
0.007161166491
0.018558280032
0.008315961522
0.023145033564
0.002648374971
0.005867459123
0.000244604564
0.000237135076
0.019135318379
0.000240943843
0.00389214144
0.000526586124
0.002564525844
0.002123837216
0.005686367987
0.000237217555
0.000238396836
0.000234987936
0.000243170682
0.001120764281
0.006886985391
0.001125989521
0.002706100028
0.000245705151
0.000533954911
0.00510112255
0.015121723502
0.000234123831
0.003468139469
0.000533653133
0.00379505656
0.006609013438
0.000242162085
0.000239439738
0.006248027136
0.000243295706
0.008022993981
0.00082086968
0.004368540863
0.007868350978
0.000537253964
0.008207286698
0.042330448475
0.000237047701
0.000238675626
0.000244696742
0.004223779642
0.00023486366
0.000243250724
0.003361743314
0.000243167147
0.006111548643
0.000526005453
0.003582339047
0.000527088388
0.003485174842
0.007290388183
0.000235060691
0.00114626001
0.004404141696
0.000237384022
0.018638993087
0.000529237476
0.001113419367
0.015991052718
0.000243094351
0.000236425876
0.005449451971
0.000236015218
0.000236823593
0.000237263071
0.000537441454
0.000536370831
0.007617519322
0.004737635644
0.009707979199
0.00873768521
0.000237708151
0.003258732133
0.002299852767
0.000837133398
0.002891048455
0.00024643363
0.00380120166
0.002024720145
0.000239180956
0.009403508112
0.00023504251
0.00082929261
0.001770678582
0.000246921517
0.000240084352
0.000238334747
0.004026908001
0.000237061796
0.000528480051
0.000824570895
0.013500336007
0.001136662271
0.005011884207
0.010880530677
0.006124042139
0.007618147377
0.008491192945
0.000234261317
0.000237904516
0.003782324134
0.00921988404
0.001331390719
0.000235916208
0.00439499694
0.016767244901
0.000526695568
0.003443312028
0.000843357839
0.009214891415
0.001141003595
0.012139418019
0.0005367656
0.006290508641
0.007648109897
0.009978213164
0.01560165092
0.04591060722
0.003302470086
0.000243171358
0.000244811306
0.009432591489
0.001150889397
0.002535719923
0.008850021061
0.013559331548
0.000242679472
0.000238726038
0.000855534019
0.000240767413
0.002675468237
0.002067329714
0.00712474639
0.000530516868
0.000820223278
0.0060801865
0.010170262465
0.003555340983
0.00023456904
0.001163018277
0.007551518524
0.000818920284
0.000239352313
0.011856481348
0.016806538292
0.000243511829
0.000535289434
0.00024036649
0.00279451271
0.000242099507
0.00307014123
0.000245266876
0.00484832268
0.000237278945
0.000528666344
0.000818703805
0.001402409848
0.004364982321
0.002645474097
0.000242539974
0.002400570451
0.000243513037
0.014334843921
0.000245460508
0.002018388981
0.011855385743
0.000236755132
0.009179577839
0.000534086974
0.000238804011
0.001138587611
0.003065143261
0.003661214229
0.000235060647
0.000828321866
0.002663608494
0.000247047187
0.000236808434
0.001444276125
0.000532248601
0.000853983894
0.002314698741
0.004369267408
0.006724927796
0.000246639259
0.000868894055
0.00024468845
0.000234569093
0.000245351023
0.000235436607
0.000241724359
0.00083447012
0.000822243691
0.001418128347
0.004950990777
0.00655800548
0.000235007991
0.001761118733
0.001495718211
0.00405633157
0.001757658749
0.000864931817
0.000246213852
0.002578661888
0.000240465648
0.000825557189
0.000242806891
0.00024255998
0.001184984447
0.0008469099
0.000245850537
0.000237832384
0.001110860493
0.006088557534
0.008430693085
0.000237478871
0.000237637308
0.000234709881
0.002797380715
0.000842559276
0.000240251571
0.000239897242
0.000242306177
0.003890687164
0.00318833961
0.000821449067
0.000240251773
0.000529729459
0.000240856941
0.001480683289
0.000528143404
0.000857711465
0.042646176322
0.000239459023
0.000526967
0.000533484313
0.000851507677
0.000239424325
0.004284345315
0.005324945902
0.000238845768
0.000239693672
