0.060150440722
0.00052948516
0.013966069154
0.044202833387
0.000246137396
0.054845837087
0.000527650531
0.00053815193
0.013759162124
0.000244328064
0.000236593762
0.046356990089
0.000236178822
0.000246555455
0.070938469009
0.005519577387
0.000536076805
0.003210474926
0.000245850787
0.001405022892
0.000236826933
0.000234305822
0.008685404994
0.001730677051
0.006113325054
0.034621022099
0.002163892946
0.005438043107
0.008116769393
0.000241275467
0.000241531843
0.002727818868
0.000239733555
0.000535372506
0.011037878277
0.011518417017
0.011809852608
0.000243300404
0.000243580502
0.000242107032
0.007531412212
0.005483902645
0.000246376119
0.016210910399
0.050747970524
0.018947095326
0.022748226738
0.001444390522
0.001152684887
0.006661140914
0.011003293156
0.012716801989
0.000244854674
0.010368686601
0.032336435958
0.00233583589
0.010209226239
0.021741025585
0.006386325432
0.000239947369
0.000245999062
0.008139527811
0.003304079728
0.010538792772
0.036741391077
0.000234059214
0.000238513142
0.005604558187
0.00117389659
0.000234920333
0.000241036529
0.000242961083
0.000240429775
0.00147870195
0.00024362821
0.001476394537
0.020475124335
0.029709450419
0.000243117999
0.000246579754
0.000245634663
0.000238889107
0.028438972544
0.033318640661
0.000238801678
0.001452772676
0.004313501928
0.005505920382
0.000239938826
0.006909928379
0.000235672464
0.000242507724
0.00053158746
0.000242632177
0.000824574319
0.000529440821
0.005143871724
0.000237042025
0.000529500257
0.00024618583
0.000242309698
0.000237043303
0.000236348506
0.000526589216
0.000528239826
0.001149869928
0.000236854953
0.00517990511
0.000244796328
0.004238611931
0.000235343451
0.000820149366
0.000527639723
0.006230760361
0.001436795788
0.000236986534
0.000242364771
0.000235702309
0.000527003239
0.001760241502
0.000235385402
0.010700736806
0.000246053809
0.000244966397
0.002421675049
0.000240382593
0.000532689269
0.00024097979
0.003560091477
0.004049566331
0.000238684558
0.001146476755
0.001478146177
0.000235727482
0.003763834337
0.007439038638
0.061770635595
0.000235501302
0.002973359822
0.000243543545
0.000242359522
0.003384148358
0.000239040398
0.000530113938
0.000236215692
0.000528687097
0.000236589949
0.000833786536
0.000234854587
0.003560380095
0.000238697404
0.000238428048
0.000244665932
0.002597584648
0.006415339915
0.000237407882
0.000529402104
0.000242682383
0.000535333204
0.000242617922
0.003530212609
0.000237532779
0.001111389385
0.000237409461
0.000530023873
0.000239739222
0.000531345767
0.003241296266
0.00023825438
0.002375217916
0.000243785749
0.000240848772
0.001797963764
0.000237980639
0.000528324639
0.000529172962
0.000236868224
0.000529185009
0.001465452389
0.000236378111
0.000241619697
0.000236574115
0.000237034477
0.000528214547
0.000527935103
0.002494727731
0.002699801703
0.000242899918
0.003686862651
0.001781353435
0.001773527138
0.006287457518
0.001135437453
0.001719867201
0.000526137257
0.004833088847
0.000241210277
0.001142130207
0.004926202638
0.000533963745
0.000234119747
0.002806795425
0.001126201868
0.003619802406
0.00082040622
0.007794046571
0.00024099861
0.002658987326
0.005680246818
0.000237135291
0.000823596062
0.000238287109
0.000530548619
0.000235255044
0.00052615461
0.000237084296
0.000530053996
0.004643712537
0.013909681216
0.000525989318
0.000526677538
0.002669325929
0.00082110845
0.000236303826
0.000236556605
0.001737295912
0.003663424183
0.000243184424
0.00628303443
0.009076848858
0.000243228666
0.004828878147
0.002737256951
0.000239189163
0.005158830081
0.000529913457
0.001430376183
0.003929963528
0.003448233878
0.000819131161
0.003787099727
0.000238995916
0.001430936672
0.000243092537
0.000534568824
0.000845950777
0.003189817898
0.000865634343
0.006061930106
0.005482258704
0.000242371925
0.00418745869
0.000241164388
0.00082553755
0.012501997737
0.00359909301
0.00023534697
0.000527164883
0.000241636172
0.001726187439
0.006163235618
0.000240537088
0.000242365436
0.000826880809
0.000856102634
0.00117807294
0.007761914525
0.00085931292
0.027003201785
0.000528351782
0.006217293883
0.000236341216
0.000529175904
0.0005259412
0.000526297009
0.001473148187
0.001880487018
0.000240378257
0.003210336981
0.021862242589
0.001474379349
0.000862678602
0.004270722494
0.00024434245
0.000868590786
0.000527323874
0.009594252288
0.0002385978
0.000530738352
0.000234375502
0.000525760887
0.000238274581
0.000533006259
0.003349529505
0.000246471268
0.000243207651
0.000247315393
0.000236041023
0.000843666734
0.000241176731
0.002366333254
0.001476067947
0.007664103617
0.005543936717
0.000238278912
0.006438622084
0.000237060366
0.001454490493
0.000245589848
0.000240513106
0.000238303176
0.00023893248
0.001782287262
0.001462535493
0.000868383153
0.000242648344
0.000855249313
0.000238694659
0.006477340682
0.000235316
0.001705774907
0.00540598196
0.000529505778
0.000238935465
0.004534436089
0.005611085997
0.000868681381
0.000830022137
0.00024243449
0.004626868086
0.000240978816
0.001787628944
0.000527634028
0.003599653268
0.002068504577
0.000238211268
0.001152506907
0.000236264935
0.000241144705
0.000854672777
0.000866384703
0.000246133485
0.000843226094
0.000242406703
0.000841898215
0.000235914797
0.000527741791
0.000237277467
0.000529285038
0.000245817239
0.000243019252
0.001117515639
0.003180847026
0.000235667883
0.003354661487
0.023197798725
0.001475147122
0.000239963145
0.002043526921
0.000244816182
0.000531652121
0.001115602151
0.000237178397
0.000529554544
0.001172364188
0.0008662629
0.002420143574
0.002437110507
0.00053618352
0.000242607037
0.000244041242
0.001807026451
0.000819819946
0.000246089061
0.000241800878
0.002667127027
0.000239156154
0.000234212205
0.000243753393
0.000245214562
0.000242842534
0.000825502735
0.00023967944
0.000241069939
0.000239280075
0.000237864541
0.000241450194
0.000243173063
0.000241615777
0.000236831302
0.000245963178
