0.000246569515
0.010934071148
0.008453706684
0.00043501853
0.00023797986
0.000244809397
0.000432283087
0.006070622356
0.000236121538
0.00966335712
0.000245584419
0.003402558414
0.000386144636
0.000237020711
0.003864585651
0.000236904231
0.001401345288
0.001985716785
0.003614430257
0.002946390619
0.004126113427
0.008714896497
0.015127389807
0.000246468301
0.00151604844
0.000239691376
0.001459930695
0.001437369946
0.009801282311
0.000237806312
0.000234909282
0.003264227694
0.00023740019
0.00084803688
0.000233710428
0.00023797227
0.000243380551
0.000826676619
0.001804662939
0.000241817024
0.004593411347
0.000236567248
0.004630931865
0.000234442612
0.00023510934
0.000245485825
0.000244894747
0.000236118773
0.000236136299
0.000234982817
0.000818433687
0.002873771102
0.000240471256
0.000240635887
0.000240886226
0.000242903513
0.000245679765
0.000239556516
0.004881737807
0.000239131788
0.000234011684
0.001161374984
0.000246144183
0.000236245069
0.000528357572
0.000535175406
0.004086300901
0.000245969827
0.00053000928
0.002697247826
0.000241516008
0.000826793064
0.000528866513
0.000239380001
0.000531360311
0.00024395589
0.000243301574
0.000245625483
0.000821452549
0.002671808495
0.000534971837
0.0078239914
0.000238018532
0.001155899181
0.004577817803
0.000235027397
0.000235720344
0.002670642298
0.000535142504
0.000235633076
0.000526815319
0.00145491949
0.000533984522
0.000234858901
0.000243072229
0.002477187817
0.000246520013
0.000241850649
0.000838241022
0.001420583946
0.000244093527
0.044677546954
0.000243175184
0.00024209339
0.000862165775
0.000242403903
0.000237080488
0.000238463812
0.00086062976
0.0044349753
0.000241891307
0.000237930207
0.000238709934
0.005247558986
0.003273488047
0.000235499381
0.000237187393
0.000243843768
0.000840754489
0.002093897233
0.000242278053
0.004512145875
0.000244654113
0.0002447765
0.000235941085
0.000237748821
0.00085256195
0.000245968102
0.000864332766
0.000245678016
0.001133104909
0.000236864711
0.000242787447
0.002918290255
0.002584219673
0.000239184608
0.002751848511
0.000236271687
0.000235985614
0.001424714092
0.001717270701
0.000238446702
0.000829056928
0.001743296993
0.000237867065
0.000240265596
0.000245163529
0.002966719281
0.001723388304
0.001460839268
0.000240230967
0.00024178195
0.000245245953
0.000244424214
0.000237200352
0.0067370542
0.000244309576
0.000235259268
0.047462134729
0.000245896757
0.000243726072
0.000238444306
