0.000245046312
0.000535984467
0.011602615404
0.000242026892
0.026143830289
0.053229114818
0.002856463652
0.000242557398
0.008512455491
0.000246427102
0.000242986364
0.00024260751
0.001452268498
0.00447652564
0.000235425752
0.00024638143
0.000243063091
0.00024254703
0.004123255365
0.051410274046
0.019276389601
0.06881239154
0.13984164783
0.00053342891
0.030315915509
0.077713187141
0.004457933893
0.058704030145
0.000234676611
0.000526081209
0.000245010758
0.030572380956
0.034830873488
0.008461982471
0.087966288934
0.010283740268
0.011825773328
0.005205343168
0.000241050264
0.0319247853
0.04306106217
0.096749925987
0.007606904692
0.006432662073
0.020988630156
0.045487971346
0.036532430918
0.040494816668
0.000245004742
0.000528645416
0.00743622133
0.000234712277
0.011350216477
0.02869847951
0.053117047194
0.059279230575
0.001122626197
0.004763191018
0.025373521284
0.000528758893
0.008565895785
0.008624011077
0.000241163961
0.003499209363
0.007946232912
0.00785796511
0.000237414818
0.004573941574
0.019029497316
0.060072395579
0.000244733965
0.003053347334
0.008463483074
0.017102029433
0.021483598052
0.000244406402
0.003243883559
0.004424865927
0.000233236076
0.015403251703
0.00203125761
0.037733412994
0.044733808023
0.055282952469
0.063158102654
0.000246599493
0.000530653399
0.003193607329
0.017341906003
0.018216061142
0.000532962615
0.009372939053
0.033135693822
0.000527961823
0.004131204656
0.023153844421
0.000233924535
0.003891631092
0.000245092333
0.018299967323
0.026139765192
0.03099998953
0.013971122907
0.021711175979
0.042142179838
0.057831797749
0.016177864929
0.000237317101
0.000528907928
0.007416315688
0.049273762425
0.049563595869
0.100290457912
0.002933651205
0.013861060841
0.005431022817
0.018590473366
0.006019516282
0.025800210082
0.028890531806
0.000240173684
0.009251575551
0.029177333272
0.046499467662
0.061778494982
0.008793102213
0.000234904986
0.007751745487
0.012918021909
0.00820090559
0.020042475214
0.04455601202
0.000526976806
0.003013034939
0.000243854758
0.000534216723
0.000245314909
0.014522639916
0.027548684594
0.096043397114
0.013771432662
0.042629345654
0.008470559245
0.062409605613
0.071733705855
0.008694875651
0.031607314888
0.057422189798
0.04588894376
0.067789982955
0.000237238063
0.006278885731
0.0061742808
0.016195413929
0.000236887771
0.002388211736
0.020656490187
0.001697488081
0.009891625935
0.020167490915
0.00023717669
0.033978073413
0.062487827324
0.000529411506
0.000534232712
0.01258830845
0.001125724192
0.018407567767
0.000239738798
0.000244652206
0.052286058665
0.077391060449
0.088118781529
0.007233044754
0.000525952561
0.015475061835
0.047530918436
0.000245087266
0.005010289211
0.102412029606
0.000239101493
0.0589151186
0.080575782725
0.087177797276
0.002114605468
0.011312468379
0.002724706583
0.000236029646
0.000529304343
0.002890479648
0.06424326151
0.066283513192
0.000242739324
0.006911218143
0.000234392635
0.000526897272
0.005820217585
0.000240973513
0.006259590083
0.000238550051
0.005220401566
0.00024593216
0.001466181018
0.000240246848
0.004095427516
0.000241201707
0.000838652452
0.000238588048
0.00023880752
0.003912930995
0.002683371543
0.000244986367
0.005036784885
0.00232959263
0.000240730788
0.000240964014
0.002383310244
0.000834939953
0.006123764364
0.035616570621
0.00551534127
0.000530059645
0.008257339724
0.012981655517
0.000240506058
0.008054059882
0.000234258979
0.00113622737
0.000247156441
0.006460791373
0.000235579334
0.000238340252
0.012584532912
0.031089471189
0.000235373422
0.004469427769
0.000528603506
0.006738969049
0.000241883209
0.000246411039
0.077252836475
0.093126144574
0.000236808574
0.002963173058
0.060585747293
0.000239409989
0.000531254928
0.002701014649
0.000530210957
0.07238644946
0.00024131654
0.001125047445
0.022505583914
0.065835884515
0.002692510386
0.000244949477
0.000842890365
0.012326493152
0.000238599182
0.005945166681
0.003471125017
0.005892046777
0.000530342768
0.001114715268
0.011659252839
0.000240278198
0.000241318368
0.00172342987
0.001137012138
0.037882044652
0.000529436234
0.000240636516
0.011452752884
0.000233966359
0.000526180324
0.000526623205
0.000237894161
0.000529293538
0.00112600627
0.003165701119
0.005657197733
0.000243055679
0.00052794884
0.001402614411
0.005662964337
0.000238589459
0.00024540209
0.002355966604
0.000235889634
0.044410679889
0.074955483214
0.001695226786
0.007119377755
0.043664084383
0.000235109655
0.001110127045
0.000531024752
0.004826293226
0.000831347807
0.000246108451
0.005103171121
0.000245717045
0.010190352101
0.021340113461
0.023832686267
0.006239642861
0.017260496348
0.000236958856
0.00623584536
0.000532542166
0.000823687628
0.005229532987
0.000236135801
0.002582863824
0.01379695527
0.045154249205
0.000239524484
0.005996385682
0.008341447555
0.000235619361
0.000242853599
0.000527838459
0.00024241206
0.005934066854
0.00024651675
0.007891897674
0.00023649331
0.068379094682
0.069252722329
0.099497710981
0.000242733974
0.003918598899
0.000237863248
0.000821721326
0.002582217289
0.018522552038
0.000845693245
0.000834329349
0.031337516772
0.002607016792
0.023445009037
0.055610308554
0.000241689732
0.000826590792
0.007000970871
0.009282671087
0.013389622267
0.038441041883
0.000235829779
0.000527721369
0.002490583676
0.000246040977
0.000529763011
0.004055648206
0.07510561156
0.000242285266
0.000526017249
0.00110892473
0.00848599914
0.001114424497
0.016680688438
0.000243145285
0.004847554303
0.001704177101
0.017859908928
0.057974411627
0.000237922291
0.002013282025
0.003935783122
0.004227659107
0.024757656011
0.041615832461
0.000246498048
0.000236491907
0.004105789346
0.015212730135
0.00052789665
0.007299398035
0.019578386789
0.022198866415
0.000529400191
0.010922423798
0.000237736238
0.006468730692
0.014066329222
0.025362945351
0.037299797195
0.038466075171
0.073360978057
0.000234606141
0.000233901822
0.000526394922
0.058794224524
0.001119932334
0.002590610161
0.000246475271
0.005193230452
0.00873242675
0.006139802998
0.01261539587
0.008906136458
0.000242769966
0.008295844321
0.018609290915
0.000236602467
0.000244734461
0.000847574734
0.007934501383
0.000242973469
0.004769536739
0.000236307346
0.000234383026
0.001426554403
0.016130800031
0.000818877393
0.007063321768
0.015398535603
0.000240950282
0.000237215613
0.000529786232
0.008926801224
0.000242815718
0.002695569068
0.013768585227
0.004705312019
0.012258949412
0.000532750914
0.006061398318
0.002861915357
0.010401027389
0.001428288213
0.000238747034
0.013066383614
0.001763401143
0.000245955665
0.000822969708
0.000239396308
0.000531633321
0.007861972398
0.011333011865
0.014776518436
0.053854255485
0.000235078098
0.000241345714
0.002316408741
0.00406532686
0.02899824886
0.001132830688
0.028516458253
0.000236291541
0.001117275991
0.008253740735
0.017168992326
0.000238147637
0.000241120122
0.000243506911
0.006026665224
0.000240696841
0.002037599473
0.014066401074
0.000241908665
0.000533963604
0.001428425637
0.008759053505
0.039393521548
0.001466139951
0.000238874824
0.002313590108
0.014759744884
0.000240623038
0.000234004954
0.004872318431
0.000233695973
0.000526725366
0.007568014733
0.016623514387
0.000245621628
0.000244527037
0.003498420387
0.004244925097
0.006434829517
0.000241357579
0.00053407822
0.001461038011
0.009101546688
0.000239340174
0.000531454362
0.003516856216
0.017642396346
0.043911499804
0.000532163953
0.00316512693
0.005457222157
0.000528808929
0.002314445978
0.007195124978
0.000244229513
0.007437616467
0.000529587494
0.000235201719
0.003823361184
0.015013041543
0.025400631248
0.030305268152
0.061279508569
0.00024220321
0.013931161083
0.000242938963
0.000827345909
0.00023893638
0.005486133029
0.010171823721
0.014287406856
0.000243939015
0.062449303699
0.071085872912
0.002066741982
0.002650939939
0.000236991889
0.000529447306
0.000234553277
0.000526970193
0.000529805962
0.003216242819
0.000239188926
0.000243499035
0.005613553824
0.008844262143
0.004676817725
0.000245942744
0.003581992989
0.000531830988
0.001114230235
0.007690776252
0.021649290148
0.000842334119
0.013200391197
0.000535289011
0.004678758366
0.005262300306
0.001417886149
0.003786818238
0.014175105996
0.002042362877
0.003701376049
0.014062426435
0.001121903983
0.00141366182
0.006080604097
0.000244045217
0.006059853701
0.011316984638
0.000528101859
0.004848220179
0.000243715073
0.0057254782
0.010666273318
0.000244655933
0.000244307727
0.003571408411
0.00024048004
0.000532568186
0.007950048122
0.026307081541
0.000234156416
0.000525791186
0.020122529664
0.000237919995
0.000239551571
0.000246105816
0.00082339683
0.001773761962
0.0005324256
0.000240557499
0.000533218605
0.001718164267
0.00232693657
0.00024117979
0.003660540329
0.00903104109
0.000234390547
0.000237928843
0.000823382897
0.002646081801
0.000235854605
0.001735376285
0.00628522923
0.000236598364
0.009285768364
0.016042343094
0.000234300856
0.000237702285
0.005830150878
0.016757070412
0.017995324361
0.000234575322
0.006034511306
0.000537326783
0.000240317127
0.021346928288
0.004182768367
0.008782719722
0.002012099045
0.008996377113
0.000244525057
0.000237039578
0.016047910648
0.027976330309
0.000238275564
0.002675859042
0.001454777359
0.001746000892
0.00209294439
0.015625640126
0.000242290144
0.00024674166
0.000242561403
0.00024055873
0.002639036819
0.00558023076
0.001117449897
0.001744014428
0.000238312866
0.000864359227
0.001115435659
0.010785148188
0.00024021358
0.003347203418
0.000526610033
0.005792536873
0.011219754849
0.000239202168
0.000245974637
0.005661676965
0.0002411557
0.012608633015
0.015385756994
0.003807472656
0.007480089984
0.009215189248
0.000241264898
0.01172754416
0.060577210494
0.000241170528
0.000239136268
0.000242794958
0.003044867672
0.000246542808
0.000239551856
0.006250845738
0.00024535852
0.005858566985
0.003266836548
0.000234654845
0.002632610951
0.007643255137
0.000245293772
0.00083629021
0.006742085379
0.000246076418
0.015738778941
0.000527342567
0.001706629137
0.003748137806
0.012818273528
0.000241625528
0.00023749077
0.008160462051
0.000246836864
0.00023520985
0.000243239991
0.000530857852
0.000538121457
0.013120958156
0.004810503095
0.008998920542
0.00023773775
0.007969141072
0.000239915135
0.003867869545
0.002090908068
0.000823872228
0.001724231444
0.000244746457
0.004430983969
0.002086555201
0.000244744498
0.005734957458
0.000237847261
0.000836429968
0.001420536664
0.000243211179
0.000244769268
0.00023635441
0.00265655535
0.000237782322
0.000529200577
0.000821995764
0.010996179044
0.003271034616
0.004170039124
0.010132459516
0.000236638253
0.003151505038
0.005521187687
0.000234471643
0.00023407473
0.005229849782
0.009993259572
0.001140333043
0.000233900917
0.007909265064
0.022698514747
0.000534393849
0.003920050623
0.000830860156
0.009239883649
0.001120288301
0.012690135777
0.000528707408
0.006205228558
0.001983754694
0.012271930308
0.03766201047
0.00326477073
0.000241086522
0.000243427088
0.001467807463
0.003877072708
0.001185631823
0.002394674315
0.007261191694
0.011113976921
0.00023999239
0.000532710745
0.000237721874
0.000849307409
0.000243227191
0.002755928015
0.002374225174
0.006559694181
0.000528276964
0.00347858534
0.0064150358
0.015660648507
0.017718166856
0.003633649477
0.000235000137
0.00987391082
0.0008329378
0.000239483156
0.005577722334
0.036479118749
0.000238792607
0.000530570212
0.000238679574
0.002768117305
0.000239057473
0.002989099196
0.000234100492
0.004883131796
0.000237016599
0.000530073952
0.00174754568
0.002924825577
0.006434244479
0.002686523527
0.000242560319
0.002378710075
0.000239511503
0.005120176075
0.000239434467
0.002589618961
0.008179224676
0.000239193529
0.005179222376
0.000528524759
0.000238979635
0.001138202483
0.001720324713
0.003760759947
0.000240372712
0.000842547013
0.002006334425
0.000240662411
0.000242553023
0.001138053925
0.000529777866
0.000828203689
0.002289217547
0.003772563329
0.005100785871
0.000241239749
0.000842743735
0.000237395392
0.000235681933
0.000241880043
0.000239257316
0.000245545068
0.000847499366
0.000821681599
0.001694167133
0.002858404306
0.004334545463
0.000243383974
0.00243151936
0.003399474801
0.00636970776
0.001837913586
0.000867278272
0.000239973578
0.00240712641
0.00024298302
0.000830993034
0.000235549109
0.000245924784
0.001114323234
0.000823857676
0.000234409883
0.00024626514
0.003195744701
0.004372335179
0.013802584886
0.000240062167
0.000234335486
0.00024710566
0.002654904557
0.000828776374
0.000238474949
0.000240335951
0.000242744886
0.003930125873
0.003057711787
0.000850844735
0.000247074424
0.000526321343
0.00023667112
0.001495369934
0.000533639782
0.000850207843
0.000244470734
0.0005324126
0.000531467941
0.000843310557
0.000244751262
0.002034784584
0.004402958828
0.093039447339
0.000238298352
0.000239070299
