0.000245659356
0.007913390179
0.000239187432
0.000531183322
0.000233705586
0.000234967614
0.000237553079
0.005867859567
0.00024459056
0.009535449167
0.000531635275
0.013253996694
0.000243468753
0.0067201371
0.001114797999
0.026592088447
0.002436329258
0.002013360721
0.006423588289
0.021090274117
0.032521977071
0.000237082011
0.005732145604
0.007505936253
0.008503938404
0.008013006551
0.000234870415
0.003238315154
0.019272994907
0.001444588128
0.022532457288
0.04142687435
0.000237925563
0.002963431382
0.017754413706
0.00845211943
0.012267380461
0.016447951859
0.024417641264
0.035339747316
0.038511771603
0.005537960739
0.000234643713
0.000238118481
0.006251577074
0.011429423265
0.000236413421
0.000831547124
0.007228641605
0.000242445221
0.001181710034
0.006501780437
0.008518275092
0.024534360963
0.029643800447
0.039834669392
0.000239610856
0.005461590559
0.000531657632
0.003930305521
0.000245428398
0.000242848594
0.005255014665
0.007904549624
0.000240712407
0.000531744704
0.006073238375
0.0023689546
0.000241810453
0.000243795679
0.000538695409
0.000242523737
0.0017113459
0.005574449303
0.002422277542
0.005131443393
0.000239601637
0.006388975959
0.011552686647
0.040123471035
0.001752951592
0.007325788859
0.01842510318
0.000235555008
0.002605404727
0.016140962759
0.000242766839
0.000238100608
0.00052840928
0.000818556048
0.006420493126
0.008471854071
0.005343784696
0.010189274653
0.002428255398
0.000238600398
0.005846979346
0.011687034772
0.004683821077
0.00827024448
0.015974806473
0.000241514073
0.000244992173
0.000236001783
0.000527561111
0.009763583346
0.008184473919
0.00024537394
0.004940764912
0.013479690622
0.000235839532
0.000247141813
0.000841448166
0.005184044071
0.000529188341
0.001416803395
0.007565666249
0.016284473889
0.012686924044
0.015664689987
0.041577925325
0.065871537402
0.004343111537
0.008865212792
0.01032248934
0.00147525711
0.005169630027
0.017938837302
0.002589245138
0.008697859685
0.006625901804
0.000526760821
0.00891967586
0.036543653673
0.001491857422
0.000236219547
0.002928085065
0.006907827504
0.053540923369
0.000237644817
0.000244327162
0.000828796855
0.00024105556
0.005253453892
0.014420469434
0.000240496563
0.004877799361
0.010898669439
0.003837910733
0.000243785646
0.000238355502
0.004248806698
0.010964731142
0.005023856454
0.013498525458
0.006473267199
0.00023460747
0.004480552259
0.000236235527
0.00023723007
0.009713676493
0.000234643061
0.000527183204
0.000237172461
0.000529590512
0.007628227674
0.00850180265
0.001126631611
0.021672405414
0.033972091725
0.000238299651
0.000235192944
0.00052683332
0.000243224504
0.000527707177
0.004178902623
0.001142491884
0.010272895482
0.000234563615
0.000241144755
0.000243176499
0.000533112919
0.000239119943
0.000530024126
0.004293913911
0.027119065751
0.000247276792
0.000236084497
0.003202023485
0.015725440084
0.000238745263
0.000235256712
0.001983275277
0.006075859271
0.007723530969
0.000238476034
0.012644612483
0.013228783542
0.000234929482
0.000529811286
0.000235017733
0.000235332608
0.008858296599
0.004186690087
0.01301129778
0.013403953368
0.000243304527
0.000243857425
0.000240778012
0.000527591603
0.002025242563
0.017095284641
0.003900760512
0.001763879334
0.004196211645
0.006397324164
0.018064612838
0.034688211978
0.024045167471
0.000235991357
0.000527103705
0.004263884586
0.004846712515
0.000823294983
0.00052865828
0.020782457077
0.004696150457
0.012030777517
0.000241583725
0.000237305803
0.006449086645
0.000241061384
0.000234793329
0.00052579349
0.010597584305
0.001763237339
0.002954261835
0.000247046748
0.031396847297
0.000244571335
0.003217809483
0.003801181016
0.000235373378
0.001149578476
0.000528664878
0.000527195265
0.036275139521
0.003188662959
0.010207203831
0.005579121573
0.000529819222
0.000530746546
0.041588036647
0.004798264668
0.000237682402
0.000237263225
0.003620649543
0.001126659976
0.002585840247
0.001141950551
0.003451464619
0.009653553098
0.035482747256
0.004290108246
0.017426335451
0.000235682768
0.000527924742
0.000237283153
0.017716025155
0.025867440295
0.000822971401
0.001710133279
0.004818297371
0.001116963999
0.016962880805
0.023802821948
0.000236406212
0.00024370126
0.000244399065
0.000535824229
0.008293342916
0.006782684857
0.00758417466
0.02768116617
0.032154411154
0.061257867884
0.024414219469
0.001780550213
0.000239102907
0.000241433695
0.015077790531
0.00141301114
0.012022748481
0.000245051509
0.000532930536
0.006386312228
0.000241184389
0.001705295188
0.014901187774
0.000243155432
0.003704536296
0.00024503935
0.000535423328
0.017816455178
0.000243219978
0.001119776945
0.003830444726
0.00053369947
0.002700710084
0.003619145481
0.000535076223
0.000237675947
0.000241981347
0.00053103862
0.005996955788
0.016297999124
0.000829318879
0.019271601618
0.003658277008
0.000235293646
0.00537409051
0.016062156951
0.026415338173
0.000525881814
0.010399413107
0.015079650193
0.026813669381
0.000526938559
0.010020864495
0.000851963174
0.000244191154
0.003223706743
0.004974092869
0.00024438291
0.00179023202
0.004146186281
0.008618956384
0.000234765432
0.000246636931
0.000833687675
0.002037827726
0.000241848605
0.003965623641
0.000241634608
0.000234295912
0.00052584633
0.00715482266
0.000239026507
0.00023484451
0.000525976079
0.000235733164
0.000235150943
0.000526996739
0.003906937874
0.000240230591
0.001801121633
0.000236155021
0.001503842645
0.000238393077
0.005454659422
0.000832736324
0.001414756117
0.002632615947
0.000244828977
0.001133694521
0.000236569787
0.000240146388
0.005019904463
0.006462975137
0.00269587788
0.000242554758
0.001723964788
0.005527330314
0.000839925932
0.004326614219
0.006236604241
0.008833919127
0.02169009732
0.00024448624
0.002438023612
0.005431273781
0.002396164061
0.00024010673
0.010570573521
0.017329792853
0.002053066547
0.000239217534
0.003885973575
0.000239756611
0.000240741758
0.000533522072
0.008059654936
0.000529403252
0.000235307326
0.000843842758
0.000234146905
0.00023549618
0.000527620079
0.000819736115
0.007021235792
0.000243460379
0.000243554869
0.020344456057
0.002627198757
0.004691829508
0.002116574982
0.000235198245
0.000820753723
0.004915099519
0.000529324449
0.001127479419
0.013897961502
0.000239932254
0.000532557922
0.000240624081
0.000532678403
0.001478921491
0.001787823786
0.000242004011
0.000244378771
0.001990478541
0.005627333898
0.002364142514
0.010343915476
0.00173893874
0.003221520117
0.000246869587
0.000236281629
0.007299722167
0.000850775788
0.002926847457
0.000538873132
0.005519066129
0.014965607968
0.000239850029
0.000241172373
0.000533798026
0.00236657349
0.001110492719
0.002289148045
0.000234350775
0.000239294709
0.005527399356
0.006111706699
0.000240073707
0.000242283957
0.000246611084
0.000236519903
0.008075577123
0.019591817431
0.000238622247
0.000234420213
0.002074820399
0.004602590342
0.000237237792
0.003253579712
0.000245667299
0.00023688328
0.001138690524
0.018863394655
0.000234644338
0.000820497259
0.000525919435
0.003755830637
0.000529387148
0.00397341304
0.000828976404
0.041345741857
0.002739916901
0.000237001641
0.00052734607
0.001137495332
0.000238272886
0.000535887884
0.006205052772
0.00023614562
0.000820920099
0.000237048453
0.000239356179
0.000529210372
0.00053025977
0.000825067669
0.009496046794
0.001190926475
0.000241197359
0.005276326014
0.006149826137
0.005283963352
0.00083629413
0.003033972197
0.012382341046
0.012184747274
0.000527618006
0.002961945573
0.000243344889
0.000535334147
0.000241370469
0.000240148055
0.000530002248
0.000531051646
0.0069845685
0.000238814026
0.000825658151
0.000244464865
0.00696645735
0.002983642543
0.000831455965
0.000241541828
0.000244059483
0.000534509958
0.002080716567
0.005850701545
0.000242263245
0.008100242927
0.000235942015
0.001113389334
0.003205008545
0.000819083798
0.007996838179
0.001158780602
0.006784296569
0.018555958436
0.007074184579
0.000534263823
0.000236688988
0.000529129766
0.001122926534
0.000531245445
0.003625681263
0.001178837037
0.000237589479
0.000238214791
0.000234668303
0.000236982458
0.000527848384
0.00113348473
0.006659720924
0.000855886389
0.00085946116
0.0005339919
0.002879921113
0.006116198255
0.010309066246
0.000527362471
0.007141222578
0.000246213856
0.002426567121
0.00023875359
0.004657835281
0.000824012696
0.007563759881
0.0011808181
0.004107197625
0.010361865914
0.000535987566
0.001129475971
0.008050624318
0.000235836654
0.000528541753
0.000242205451
0.000243061147
0.002041599817
0.018970080241
0.000241238365
0.000244513656
0.001129005486
0.000245937134
0.002054961774
0.000245333664
0.000866436006
0.002407054357
0.000865097184
0.00052977196
0.001126271459
0.00188384922
0.006017091777
0.000241415637
0.000235078553
0.002116049741
0.000237877661
0.009835732034
0.048318367463
0.010711909647
0.032039393332
0.00024165288
0.003656745407
0.01010705464
0.000835803712
0.000236375881
0.000244201344
0.000529277969
0.001140337488
0.005991783875
0.00024706195
0.001160604568
0.000242296462
0.010251503819
0.000236612254
0.000240863821
0.000234463314
0.001426730221
0.003506066683
0.000531191381
0.005968221165
0.000237843598
0.000238484604
0.000237916294
0.000242081447
0.000529118921
0.001404976835
0.005461486411
0.019100734498
0.000238710219
0.004902783119
0.011451206366
0.000242351888
0.000236042288
0.001117679512
0.006774097727
0.000528338818
0.00641227094
0.000242889546
0.00023825118
0.002872511652
0.003455214676
0.035926140285
0.000246296873
0.006798749717
0.00023787308
0.001405014464
0.001988030509
0.03873855556
0.002582735878
0.005839521832
0.000237550981
0.000237838041
0.000529486035
0.000235999421
0.00024040657
0.000243779328
0.010105907778
0.000241876412
0.001125362217
0.000236711944
0.00052932043
0.000240516287
0.000240859747
0.000243492647
0.000530274554
0.002897886087
0.023277540565
0.000240397591
0.03288056399
0.000823682636
0.0002354744
0.000818164988
0.009138164059
0.000822609112
0.006804255358
0.000236861893
0.002367276388
0.000527756814
0.004141829602
0.000244737652
0.000244176118
0.044991065975
0.005530837328
0.000235560245
0.000240479963
0.000533324867
0.000531152082
0.005347264455
0.000245463574
0.023284591537
0.000238641578
0.000242391443
0.002363554861
0.004825071389
0.013311889909
0.003642709749
0.000244948695
0.000528900606
0.003623526607
0.000238567896
0.00053079382
0.00023968189
0.00023410408
0.000527785818
0.000827066071
0.001138322284
0.000236555933
