73
66
115
76
76
74
96
88
85
112
98
78
91
82
87
88
73
113
60
114
86
82
90
80
128
147
255
174
103
73
176
120
232
75
94
211
193
89
112
155
164
78
133
165
159
141
138
148
104
129
131
92
108
105
103
116
126
94
102
125
119
81
97
127
121
78
97
238
209
190
259
266
343
164
273
124
155
117
122
166
296
333
105
107
468
274
227
262
259
316
111
323
363
127
146
129
109
451
155
89
146
96
337
429
70
98
402
171
477
83
65
50
186
158
169
134
122
121
127
139
134
400
111
449
113
351
328
98
236
216
94
208
364
81
343
80
70
314
230
333
244
365
48
46
39
30
13
11
4
7
