230
243
211
180
248
197
46
45
45
47
49
67
110
74
110
64
47
78
63
44
85
74
36
75
50
88
67
75
77
71
86
74
91
82
93
94
42
41
180
121
92
56
48
165
97
55
50
98
125
119
210
210
226
144
195
129
118
162
90
113
116
127
131
107
115
105
120
91
102
99
121
83
105
96
132
100
86
100
76
84
127
71
114
101
110
111
101
96
114
123
120
122
250
227
109
74
123
190
114
94
235
131
98
92
168
131
174
143
163
186
174
149
161
150
184
315
143
120
137
148
162
160
161
156
154
168
371
373
194
234
249
184
415
199
202
227
156
213
189
115
123
138
185
144
157
217
212
210
178
260
244
272
273
304
276
423
228
482
225
180
552
379
215
176
386
129
273
390
365
295
312
290
223
246
252
294
265
252
286
303
63
313
286
107
313
53
120
84
328
390
340
91
338
375
352
41
48
402
56
75
