80
82
107
83
81
73
94
82
112
139
105
94
80
83
95
103
79
93
78
114
77
70
80
82
80
103
228
143
100
80
135
122
210
75
81
157
141
44
91
129
142
69
150
164
138
121
144
136
106
128
159
104
146
114
110
117
154
130
103
147
120
98
116
116
120
95
111
186
182
164
247
259
319
164
257
127
161
130
118
153
290
323
106
97
459
260
235
242
261
303
129
298
359
168
165
123
133
431
171
95
142
110
335
437
63
115
375
167
488
97
54
49
165
158
155
113
99
103
99
100
101
406
95
423
82
367
328
79
264
234
77
193
369
67
361
64
49
351
259
346
263
318
45
33
25
30
15
10
5
7
