243
244
202
191
242
222
38
37
35
42
37
56
118
79
109
87
38
90
59
64
77
80
58
82
56
78
67
79
89
68
92
85
87
101
97
96
41
52
197
149
92
61
40
160
107
60
40
101
131
114
216
217
203
150
185
159
114
150
96
134
119
147
110
113
110
105
120
99
105
109
123
82
102
101
130
97
75
103
78
96
98
81
114
114
110
93
98
112
107
119
112
126
239
243
110
95
128
222
110
74
205
149
104
90
168
140
172
160
148
189
172
153
175
171
169
351
142
114
133
143
136
152
147
165
156
166
364
390
183
224
207
172
439
196
219
234
203
163
116
113
106
106
187
127
143
181
196
201
260
233
199
286
287
345
289
356
197
418
208
158
496
339
179
159
347
113
254
404
347
293
293
325
223
236
259
285
288
317
304
336
61
304
349
109
373
57
107
80
356
446
368
91
363
469
417
33
56
447
57
52
