19
22
25
37
40
34
12
10
13
11
14
21
37
29
37
27
27
27
21
21
40
36
19
29
23
30
27
32
37
23
26
24
35
28
35
36
32
36
2
4
29
40
30
6
9
37
28
26
20
70
42
41
45
42
40
33
40
43
28
41
40
34
42
39
38
40
34
33
40
37
28
36
42
28
47
37
29
39
32
32
43
26
41
44
38
37
26
43
43
35
28
63
11
3
63
27
69
10
61
42
5
69
36
33
40
41
40
36
34
51
52
45
42
46
51
10
29
25
30
24
30
18
32
27
54
25
36
41
73
71
91
56
19
87
80
82
24
63
21
25
33
24
57
53
53
45
37
32
45
56
52
50
60
63
37
20
107
72
93
74
42
49
103
82
38
74
35
85
76
73
84
78
51
45
57
56
61
49
49
55
40
40
47
62
50
21
52
38
60
57
47
54
40
49
44
13
27
56
23
37
