17
26
23
24
30
35
10
12
14
14
8
19
41
35
34
31
22
29
27
21
31
33
20
32
30
33
26
30
39
31
38
31
32
34
41
39
28
39
3
6
32
39
23
1
4
41
26
37
32
70
15
47
13
37
41
36
42
37
33
41
44
49
33
41
31
42
28
36
38
37
27
37
39
29
44
31
37
39
28
36
45
34
42
40
33
33
27
34
35
28
30
64
17
10
54
38
66
13
51
30
10
61
39
33
47
34
41
40
44
50
53
51
51
45
59
14
30
21
28
22
30
24
27
25
54
32
31
37
91
94
91
57
31
92
79
106
25
53
15
30
31
22
78
47
50
45
38
28
50
58
47
51
60
61
43
20
63
68
105
74
40
48
72
81
34
66
37
82
96
72
76
83
52
48
58
50
65
63
47
52
43
46
58
48
63
21
47
35
59
46
50
32
47
16
46
18
24
15
17
33
