0.000528850955
0.005946762132
0.000237614278
0.000530515168
0.000239203606
0.000531222107
0.000238499729
0.003152553251
0.000241945932
0.000239876963
0.007428171696
0.000236778305
0.010012545942
0.008424189048
0.000532116755
0.012178444837
0.001757828496
0.000537307554
0.009037953404
0.003932804107
0.022318494557
0.005542257205
0.005570927122
0.003640528039
0.000236836216
0.000848560895
0.006934907841
0.001769033115
0.009987412022
0.000244451314
0.037129296567
0.060734997957
0.000245717569
0.00024290423
0.002412755759
0.00547984978
0.003769403363
0.006391069632
0.012838200519
0.020572234598
0.031188859746
0.000235824685
0.000234856021
0.000247380068
0.00304457526
0.000822742162
0.001406960263
0.011470004018
0.009865934977
0.001455312212
0.007131843794
0.008076411779
0.021644546153
0.026266715474
0.000241732977
0.002600062438
0.000238101836
0.002837756602
0.000235116509
0.000238408434
0.002277289935
0.013079511745
0.000235220025
0.000526263801
0.003001692881
0.000238125686
0.000240023264
0.000534652268
0.001135065135
0.000234947744
0.006126126398
0.010629217393
0.028827681664
0.004746391649
0.005231710662
0.016075711585
0.019862053317
0.003852967065
0.00577805727
0.000235354316
0.000527091032
0.000821663967
0.00287615338
0.005105030628
0.000246736331
0.000240570859
0.002280858691
0.002863719843
0.016584731029
0.000525811536
0.00393562875
0.0002433129
0.002373576447
0.000234563824
0.00052545717
0.005407287302
0.008127991513
0.002701485965
0.000828659932
0.00399659075
0.011513852746
0.000240861599
0.00640240814
0.014299973211
0.000245094998
0.00053472799
0.004717211148
0.000239196781
0.001128366439
0.0105285279
0.000240448564
0.000532440381
0.005909426088
0.000824850499
0.001408323416
0.004626288962
0.030850394017
0.001742961217
0.034822911555
0.052364183138
0.000527974813
0.004065968736
0.005286717765
0.014603419911
0.003320550836
0.005634192377
0.000236113701
0.000237673337
0.007617182751
0.011110232479
0.006535725332
0.000240715332
0.006071899087
0.022769728323
0.002437882173
0.015156448831
0.017111590814
0.000235225976
0.010519484062
0.000242931356
0.000243030393
0.000243619095
0.00552536375
0.008098442841
0.000860554859
0.000234087433
0.0002365876
0.000238888966
0.000532136896
0.00024034573
0.000235087963
0.00023399032
0.011327868802
0.00386782501
0.00023946724
0.000527305204
0.001125597012
0.004649079442
0.00024304395
0.000535750606
0.000239258484
0.00535508398
0.005952487894
0.002293708813
0.004043031263
0.038248595824
0.000241484588
0.013559979597
0.000239630861
0.000240592997
0.000236997249
0.000246323014
0.000243184249
0.003828538832
0.004703342233
0.000238796347
0.000235403926
0.000236421305
0.00024381263
0.000243845678
0.000245008734
0.003881573371
0.001707604296
0.002595438267
0.000239337738
0.000531437656
0.007884663833
0.000241576917
0.000235149601
0.000527585769
0.002596537937
0.005737044944
0.007194281767
0.011021569973
0.002936650027
0.019984302017
0.000233781987
0.000234386951
0.000234257711
0.005104625002
0.000241234747
0.005291524957
0.007913395025
0.006009357125
0.000236391624
0.000239730576
0.000241935639
0.006340725836
0.000527387006
0.016060699809
0.000240654639
0.000532719515
0.001142183494
0.00274919071
0.009230626544
0.062614272498
0.000244908693
0.000246017381
0.000527888096
0.003227584206
0.031356253497
0.005284253123
0.005866656636
0.000829371958
0.01088860174
0.000236574237
0.000528817496
0.00911975261
0.021397516461
0.000244334796
0.000244185591
0.005021198262
0.000243929808
0.00024107444
0.000532973771
0.000238860542
0.00053156864
0.001419181827
0.000236601135
0.021157985285
0.000236742159
0.001694621649
0.008715290188
0.000238131972
0.00549905182
0.000236142533
0.00522673804
0.000527729164
0.000238595368
0.000240780091
0.001175188519
0.013455480234
0.003886306715
0.000530230699
0.058770874107
0.070441830397
0.000534729646
0.00023544913
0.021276130044
0.001126499062
0.00749196974
0.000536877708
0.007236432275
0.012186404263
0.034159849453
0.000240772967
0.008008422801
0.034228215689
0.000243673147
0.000245296819
0.000242978333
0.016712981189
0.000234286338
0.000526142685
0.003882877687
0.005460590553
0.002316544766
0.010637532326
0.026946257927
0.000246707647
0.001118134015
0.006620085141
0.009819902685
0.004965585425
0.005255731197
0.018246540635
0.000237670087
0.000526474358
0.000234306071
0.000235792711
0.009725787459
0.000240012526
0.000241409644
0.006996290494
0.017754281929
0.000244668131
0.00325722198
0.000236271331
0.000532650552
0.002092320908
0.014320986289
0.000243396569
0.001156535191
0.007151638932
0.000245048542
0.00081854282
0.001984234078
0.002839578754
0.005026791283
0.000236982159
0.000238655969
0.000235726667
0.000239885358
0.000530936198
0.000854068632
0.008541405868
0.012333602821
0.007470393488
0.033528365103
0.041592333516
0.000534912251
0.000239886491
0.01044350402
0.005030275125
0.002043364518
0.001130329439
0.002339101177
0.010779674564
0.000244377428
0.000241549304
0.000240265584
0.000243940345
0.000243840531
0.000240132845
0.005064084142
0.010799788243
0.000240369451
0.000234437605
0.003011607397
0.000245502204
0.000820604321
0.005212974156
0.007848756777
0.000821355798
0.002686593673
0.001428155903
0.000245582521
0.000243954636
0.008826076055
0.019736911302
0.056951011146
0.000529537753
0.002673554707
0.010963749895
0.000239306044
0.000864510905
0.002860788499
0.000237132883
0.000535427963
0.002865127488
0.004321067132
0.022067104434
0.000240765073
0.002052254841
0.001176305737
0.001129215399
0.002762287972
0.006586198488
0.000245649238
0.004046943165
0.000238849428
0.002418970966
0.000532085351
0.000241179225
0.004031515854
0.006146921208
0.000241287755
0.000237873829
0.0043044313
0.011678733144
0.004331833054
0.004926222396
0.012386810338
0.016061314217
0.011372605408
0.01476928845
0.001437120993
0.012270851541
0.000238109175
0.000247378541
0.000234742083
0.001115185658
0.000233959729
0.000236435141
0.000529055899
0.006852298101
0.000236989282
0.000529071073
0.006461364634
0.007690563862
0.000238156899
0.000239453167
0.000239782071
0.000242560396
0.001723939848
0.008212665936
0.044501722707
0.002403426909
0.0155611271
0.000238610798
0.000530857253
0.001417989606
0.000241661297
0.00024587053
0.000245276573
0.002410715505
0.006215574015
0.000527640338
0.004274904675
0.009122279477
0.000243246778
0.005663270396
0.00023688668
0.00082095273
0.00172198571
0.000824730431
0.000234766221
0.004377690414
0.000240873852
0.000237053213
0.000235931078
0.00082208276
0.008974272179
0.001788772804
0.00309353329
0.004091486233
0.000234613904
0.000246285658
0.002706739205
0.00363987914
0.000236133757
0.002012708481
0.006335796829
0.013250967222
0.003214334999
0.000243519361
0.000240736996
0.004043100772
0.000233843931
0.000245728483
0.002733089588
0.000853531388
0.000538857235
0.000234677961
0.000237786754
0.003989551196
0.000243196925
0.015193023614
0.021268792918
0.000234944956
0.000529579871
0.000237405679
0.00300878212
0.000241256207
0.00023823197
0.004154554
0.001592794146
0.001764260871
0.008924511686
0.006209698482
0.000236974464
0.000246615121
0.005882511279
0.000237357505
0.001910238883
0.005429996725
0.024509301661
0.021417879246
0.00023926564
0.008359736502
0.000238625774
0.001176934176
0.000239946687
0.006033971913
0.000239751032
0.000241715069
0.001446275948
0.000239496624
0.000246023344
0.00117176528
0.00743272983
0.001139577544
0.002037774934
0.005619568598
0.015409595439
0.000237908048
0.000243384376
0.00024498349
0.000239667485
0.00023827814
0.003865637266
0.000246571577
0.000246098662
0.003845265114
0.001136202598
0.002781002204
0.000236793383
0.004602646013
0.000852650816
0.000245907683
0.001140984367
0.002987741914
0.004229606533
0.000235513357
0.002030397261
0.004386836816
0.000537615987
0.008470828603
0.001149593202
0.001817121806
0.000244426873
0.004693210727
0.000532951615
0.001143214925
0.00384693214
0.002305180034
0.000238173279
0.000833876017
0.013565754621
0.000243371482
0.000535417506
0.004990568123
0.006871461332
0.002023369512
0.000246202943
0.000533225582
0.000245899039
0.004650623899
0.000245643492
0.008901936049
0.003626738016
0.021238631961
0.0076099332
0.000243355818
0.000237377985
0.00024423245
0.000244960392
0.000854295906
0.000234177076
0.003855512108
0.038401509633
0.001441248508
0.000235989671
0.000242228363
0.000234743694
0.000241817164
0.000244370775
0.001138347294
0.000239079205
0.005337111038
0.000247297435
0.001774137999
0.000239238146
0.005600417734
0.000239096525
0.000847913703
0.006187028494
0.003347091145
0.007231369285
0.000239279136
0.000243252423
0.00389398746
0.000241628553
0.000234415305
0.000234544154
0.000243311491
0.000857994662
0.000243928728
0.019372454657
0.001124769808
0.000235984032
0.000244930896
0.003933987419
0.000533059775
0.000243297201
0.000234598521
0.000234626321
0.000237355121
0.004502203927
0.005550069187
0.000238236093
0.00085513104
0.000246317621
0.000241645906
0.004250039855
0.00024336816
0.000242461619
0.000235689827
0.000239834118
0.000531662792
0.000246941337
0.004878194249
0.00024244573
0.004275300945
0.006189306654
0.000237382222
0.003642897819
0.00023533906
0.000238771655
0.000243459758
0.006530193893
0.000240325863
0.002409365305
0.000237802733
0.000244829155
0.000236932819
0.000239624898
0.004574414402
0.001695643732
0.002888273737
0.000241336013
0.000245610077
0.000246114513
0.000236714345
0.000240224529
