0.000528850955
0.005946762132
0.000237614278
0.000530515168
0.000239203606
0.000531222107
0.000238499729
0.003152553251
0.000241945932
0.000239876963
0.007428171696
0.000236778305
0.010012545942
0.008424189048
0.000532116755
0.012178444837
0.001757828496
0.000537307554
0.009037953404
0.003932804107
0.022318494557
0.005542257205
0.005570927122
0.003640528039
0.000236836216
0.000848560895
0.006934907841
0.001769033115
0.009987412022
0.000244451314
0.037129296567
0.060734997957
0.000245717569
0.00024290423
0.002412755759
0.00547984978
0.003769403363
0.006391069632
0.012838200519
0.020572234598
0.031188859746
0.000235824685
0.000234856021
0.000247380068
0.00304457526
0.000822742162
0.001406960263
0.011470004018
0.009865934977
0.001455312212
0.007131843794
0.008076411779
0.021644546153
0.026266715474
0.000241732977
0.002600062438
0.000238101836
0.002837756602
0.000235116509
0.000238408434
0.002277289935
0.013079511745
0.000235220025
0.000526263801
0.003001692881
0.000238125686
0.000240023264
0.000534652268
0.001135065135
0.000234947744
0.006126126398
0.010629217393
0.028827681664
0.004746391649
0.005231710662
0.016075711585
0.019862053317
0.003852967065
0.00577805727
0.000235354316
0.000527091032
0.000821663967
0.00287615338
0.005105030628
0.000246736331
0.000240570859
0.002280858691
0.002863719843
0.016584731029
0.000525811536
0.00393562875
0.0002433129
0.002373576447
0.000234563824
0.00052545717
0.005407287302
0.008127991513
0.002701485965
0.000828659932
0.00399659075
0.011513852746
0.000240861599
0.00640240814
0.014299973211
0.000245094998
0.00053472799
0.004717211148
0.000239196781
0.001128366439
0.0105285279
0.000240448564
0.000532440381
0.005909426088
0.000824850499
0.001408323416
0.004626288962
0.030850394017
0.001742961217
0.034822911555
0.052364183138
0.000527974813
0.004065968736
0.005286717765
0.014603419911
0.0033219152
0.005673667298
0.000239117616
0.000244885698
0.009546490316
0.011598766885
0.004086049861
0.000245017472
0.007965272235
0.015214029494
0.002049989398
0.000234419722
0.015885002984
0.016326833632
0.008016659399
0.000240603402
0.000240702439
0.000234568044
0.00545727743
0.000823342725
0.000237870006
0.000530145012
0.000234410238
0.000527658168
0.00024565711
0.000245218363
0.000234598567
0.004515678812
0.000526884208
0.004202938297
0.000234111454
0.000526749466
0.001137142859
0.005335597885
0.00023796609
0.000530672746
0.00024595419
0.000235152613
0.008855456923
0.012541294209
0.000823575904
0.018476505463
0.042564646385
0.00023770148
0.008881753878
0.000238795699
0.000239757835
0.000238388777
0.000236798434
0.000233869298
0.004401223881
0.006150920324
0.000235679845
0.000239540343
0.000240557722
0.000243201257
0.000239709365
0.000240872421
0.006247676653
0.00142756826
0.002315402231
0.000242965103
0.000535065021
0.007477132628
0.000247356743
0.00023371757
0.000526153738
0.003175161839
0.007116913236
0.008030230951
0.003958753577
0.003197871522
0.015731021924
0.000240521575
0.000241126539
0.000233728509
0.010419429315
0.000246957335
0.002928220265
0.015017483259
0.002960721484
0.000237539937
0.000246051929
0.000233716739
0.007401671066
0.000240239279
0.014752762497
0.000235493453
0.000527558329
0.001124022308
0.00263774781
0.01729886256
0.01875669342
0.000242052794
0.000243161482
0.000530855476
0.003470375724
0.028214995304
0.003606141012
0.005948441318
0.000862308363
0.010292380454
0.000240807893
0.000533017698
0.002071423858
0.004108554349
0.000235871776
0.000235447787
0.000236070981
0.005024753978
0.000239958429
0.000238792151
0.000530691482
0.000234499534
0.000818176259
0.001718698891
0.000246457986
0.026359682353
0.000239529485
0.001114139574
0.003167606084
0.000239138985
0.007527012075
0.000238286542
0.005105734548
0.000531853196
0.000242672538
0.000241604551
0.001157231756
0.020542904232
0.007865059318
0.026696060252
0.04920087628
0.000533594686
0.000238473021
0.000529143768
0.007985180309
0.002010498348
0.005901524384
0.000529039596
0.000529175128
0.005218421314
0.006385016085
0.024320377258
0.000241324671
0.006768508642
0.047579852398
0.000234579924
0.000526139387
0.000244176432
0.01931615742
0.008071698171
0.002982015028
0.002363656632
0.006746611562
0.01583857681
0.000244958199
0.000820891103
0.003194814623
0.005842693725
0.006667199301
0.006398167982
0.007272471604
0.026614492734
0.059408851221
0.000528298964
0.000821228638
0.000234265307
0.000526204173
0.000243437794
0.010189358181
0.000233155723
0.000234552841
0.005918406641
0.015036305962
0.000237026101
0.000245818062
0.004745343705
0.000244877961
0.000531548408
0.002052218764
0.014315934655
0.000526575508
0.000527456799
0.001440877878
0.008003896136
0.000819431155
0.001416112215
0.00269207083
0.002771712934
0.000240149666
0.000234651085
0.000243191765
0.000237682974
0.000824949986
0.010830641099
0.007214318645
0.007639060211
0.028882498436
0.06711258187
0.000535860655
0.000245102135
0.000528600022
0.011945335964
0.004031830493
0.002016082534
0.003194937371
0.001136090337
0.001780246464
0.012271134867
0.00024211993
0.000237327938
0.000244979693
0.000242316508
0.000241082639
0.000238610515
0.006836286886
0.007709672236
0.000240386275
0.000234282983
0.003224552765
0.000242945211
0.000239659016
0.001415138637
0.004366483882
0.015197038117
0.002393422688
0.01330502459
0.001490391668
0.0002429673
0.00023446638
0.014355996715
0.023782348913
0.00052954982
0.002767885123
0.010343638083
0.000243916442
0.000845024918
0.002703123204
0.000237415374
0.000819967667
0.004035913875
0.006368233294
0.018124746675
0.000242649555
0.002487936756
0.001167842092
0.001738119765
0.002624895158
0.004371094797
0.000242431969
0.003657123651
0.00023988183
0.002406763886
0.002046295793
0.000243903208
0.00409920038
0.006787687736
0.000239176222
0.000246838391
0.004567853181
0.007673813292
0.000559448323
0.008233218749
0.006909750406
0.027114121346
0.002381229909
0.014201900907
0.001427869381
0.014153220552
0.000242815652
0.00024504762
0.000240495369
0.003001764271
0.000239598809
0.00023719442
0.014068477622
0.000531735593
0.000528691606
0.011133953133
0.007296736385
0.000237659375
0.000244437438
0.000244766342
0.000530840142
0.001711614395
0.008989248448
0.000833828601
0.014760800753
0.000534253705
0.001422620405
0.001118198472
0.000244816015
0.000235167089
0.001438149435
0.003542451802
0.002381134673
0.000234992727
0.004571855793
0.00754044042
0.000235963494
0.01374613613
0.003521591985
0.004701011734
0.00083886067
0.000243839242
0.006772242845
0.000538317777
0.000241975904
0.000867412634
0.008393849917
0.001765074296
0.000240596919
0.003029539726
0.006732463212
0.000243928594
0.000239803152
0.002707319553
0.0366827421
0.005538466121
0.00760444496
0.015573629346
0.005786675397
0.000246798673
0.000246820118
0.002658070605
0.000244645299
0.00024538641
0.00267141795
0.000819658047
0.000538709612
0.00024702063
0.000240059631
0.005738855708
0.010635936326
0.012717837782
0.000246992375
0.000532742766
0.000244707955
0.003590124888
0.000239824748
0.000242406015
0.004727353708
0.00143962473
0.00447583345
0.009050567214
0.006451573901
0.000239710352
0.000238565391
0.005867361469
0.00024133624
0.001761585668
0.003557506313
0.006245846134
0.015170753939
0.000245686536
0.005629547809
0.000247062083
0.001185370485
0.001789926162
0.002650972004
0.000246544981
0.000241545797
0.003501322646
0.008851825068
0.000238144605
0.000245891895
0.001702923093
0.010877780378
0.001140944185
0.001723068028
0.006429083013
0.015153469401
0.000235208282
0.000244847928
0.000247255855
0.000235174494
0.000529359723
0.002024064559
0.009663870243
0.000239725775
0.000237684608
0.005045432725
0.001744725115
0.00146722434
0.039602525042
0.002429245081
0.000237328737
0.004558164808
0.000834026738
0.000234970024
0.001427012687
0.002922740574
0.004878630563
0.00024311594
0.002000460728
0.004652096658
0.006138906819
0.029040499232
0.000526864704
0.009238220742
0.001108408883
0.001763266297
0.000239801483
0.004709762712
0.000534190303
0.000235897847
0.001439392573
0.002024113691
0.002399859117
0.000239333065
0.000835035803
0.008858487991
0.000244795225
0.000536841249
0.005868182559
0.008053876008
0.008588670766
0.000241843591
0.001164297387
0.000243596184
0.006133381701
0.000234331457
0.005204533017
0.004167916731
0.011394679017
0.005029798709
0.000245922379
0.000236047622
0.000245028651
0.0008564631
0.000246803347
0.017791224889
0.032622660848
0.001512087659
0.000242867591
0.00023478255
0.000242792668
0.000245771715
0.000236028533
0.001438393759
0.000239247645
0.003930680518
0.000245457235
0.001771708036
0.000240536164
0.004409460062
0.000236651939
0.000819473567
0.007054593952
0.003640419914
0.051952062297
0.005442884698
0.022238998163
0.000236743029
0.000245772277
0.006154873717
0.000240617844
0.000246650238
0.000246779087
0.000246696097
0.000822712647
0.00023566498
0.018370430381
0.001187374568
0.000246339991
0.00024057776
0.004438362988
0.000526176544
0.000237540656
0.000234128746
0.000234156546
0.000244088333
0.003146340216
0.029905508334
0.000820797065
0.000243094426
0.000238891153
0.00722983239
0.000245676392
0.000243053884
0.000245885578
0.000239293322
0.000535610857
0.000244021452
0.004818240042
0.000246037513
0.006558816411
0.006037285941
0.00023927308
0.003364890341
0.000239576718
0.000237186962
0.000245394543
0.000245683268
0.005301712276
0.00023387498
0.001778479846
0.000242654041
0.000245931542
0.000240813758
0.00023723918
0.00631691886
0.001124841496
0.002317006901
0.000236592618
0.00024156394
0.000242068376
0.000246525621
0.000239834265
