0.047148792871
0.000532863358
0.01055050171
0.009832806985
0.000235487366
0.01696968238
0.000526245059
0.000246538304
0.00865113941
0.000235966533
0.000245362138
0.034808760863
0.000241400022
0.000242599204
0.06898765679
0.004635704936
0.001128423558
0.001711106209
0.00024383086
0.001820244287
0.000240368245
0.000235277333
0.006675759978
0.002072255468
0.004441950866
0.01845616077
0.002727194575
0.00379670083
0.010124283457
0.000239003836
0.000531711307
0.000247263177
0.003617531587
0.000238639852
0.000529661871
0.009396540693
0.005300643349
0.006492028572
0.000233775966
0.0002467105
0.000239049278
0.006981352472
0.005482803159
0.000241610205
0.006596027686
0.00802850923
0.018841973883
0.058842705939
0.001154825204
0.002048679899
0.013796569003
0.008062760332
0.010035004313
0.000238883615
0.009283290903
0.025359344307
0.009801125459
0.010385674973
0.013923901951
0.006018600305
0.000240345621
0.000240776107
0.002711292823
0.004830144192
0.000246521677
0.013221301959
0.000235852499
0.000236904486
0.005821371396
0.000245631444
0.003021791686
0.000235754413
0.000236581173
0.00024197046
0.000235772039
0.00146804453
0.000236957307
0.00143291459
0.009017943196
0.013712213595
0.000240665155
0.000246423736
0.000243910488
0.000236191868
0.0101250687
0.036892861781
0.000244204787
0.001810056811
0.001778298105
0.00620660131
0.000234455094
0.005000598383
0.000245663703
0.000246481536
0.002081592577
0.000238719803
0.000860682123
0.00144596087
0.004270867888
0.000242648325
0.000242718947
0.000238113931
0.000859572986
0.00053253868
0.000238062527
0.000818744215
0.000235679316
0.00747594091
0.000240745713
0.006963742986
0.000860189336
0.004881172356
0.000835638569
0.000245415198
0.000245745377
0.000244674887
0.000245146626
0.001167857023
0.000243500918
0.008251759369
0.000236968023
0.000245338422
0.000243418086
0.002676062459
0.000237216264
0.000237320584
0.000245198858
0.002692987719
0.003949623978
0.000247318855
0.007026479932
0.000831071046
0.00023679058
0.00270901163
0.001720549844
0.01094187035
0.000237766212
0.007578342297
0.000235960564
0.000242961855
0.000245546481
0.002356595173
0.000235102897
0.0002450881
0.000535386699
0.000238865644
0.004838874412
0.000239500124
0.000234363342
0.000234389091
0.000234455026
0.002618491855
0.004140038174
0.000236047668
0.000237153637
0.000234629161
0.000235368093
0.000242941295
0.000826697051
0.00024672799
0.00024587649
0.000246181004
0.000236998803
0.003227870642
0.000241618417
0.00418897923
0.000244094568
0.000244299347
0.002681721121
0.000236494954
0.000238028049
0.004115221628
0.000234589458
0.000525589622
0.000235839628
0.002366633102
0.000236569804
0.000235016941
0.000240280516
0.000240484347
0.000236469766
0.006449676742
0.004503111875
0.000238884952
0.005724835206
0.004808306948
0.00082216227
0.014953520118
0.00052958021
0.005658957929
0.00023705966
0.000846100085
0.000855233961
0.006880057921
0.000537882608
0.000242584921
0.00173815815
0.000825197867
0.000239806483
0.005688667602
0.000836458765
0.006298537104
0.000234381016
0.008551409637
0.000241477426
0.000843670672
0.000235889345
0.000528707608
0.004356198626
0.000234672621
0.002632465902
0.004117834394
0.000241057851
0.00024132681
0.001788762227
0.000234530755
0.001146911524
0.000237615437
0.000530023482
0.001111254737
0.010976498994
0.000245244344
0.006172116238
0.005076285401
0.000234905522
0.00361204988
0.007231374933
0.000865951627
0.001754458279
0.002101053845
0.002712705718
0.003527235896
0.006064011155
0.000236112995
0.002909080232
0.000243895539
0.002898471164
0.010781071168
0.002755019694
0.008413519023
0.005014896696
0.000242203789
0.003017993323
0.000529420364
0.000821904268
0.015675026792
0.00052753371
0.000243587347
0.000237336979
0.000244986904
0.002615680997
0.008770874176
0.000245780661
0.000236472326
0.000821038239
0.000849027824
0.004823675405
0.008778708224
0.000236481709
0.004507099447
0.00848353124
0.000844587449
0.00367367268
0.004296737284
0.000238016719
0.002348963998
0.003541691068
0.0008368654
0.002962595108
0.004481298667
0.000244021761
0.000244901214
0.001115399478
0.009305903198
0.00024567934
0.000246886749
0.000234377187
0.000237955092
0.003546137735
0.000239009436
0.000239153334
0.000239340261
0.000237409334
0.000857898792
0.000858232663
0.007375653365
0.005158138058
0.008093922358
0.000242636621
0.003335621852
0.000830906985
0.000234635097
0.000532959311
0.000239741135
0.000237838911
0.00175940817
0.001484940769
0.000240284511
0.00024204261
0.000822718398
0.000238834285
0.003332909444
0.001169084962
0.0023420125
0.002367078678
0.000246588317
0.024660002884
0.000834373186
0.000854309036
0.000239694345
0.006881617777
0.000234804255
0.000238949988
0.000536464797
0.00526559995
0.000527932766
0.000532190316
0.00145957362
0.00024581025
0.000852345346
0.000866333336
0.000869070328
0.00023589654
0.001777741974
0.000536065082
0.00023765451
0.0002377184
0.000239371886
0.000244556556
0.001400989676
0.002566769866
0.007741457971
0.000243743271
0.004295172388
0.016316484912
0.00112804505
0.000526657005
0.000247323387
0.003874264645
0.0002454991
0.000242532758
0.000243183572
0.000240034095
0.000240527487
0.003636428528
0.000238774844
0.002954249005
0.000829272276
0.001501248386
0.000243746172
0.003260846555
0.000236898979
0.000244803827
0.000863732234
0.000239923783
0.000237779645
0.001443971815
0.000243886123
0.000838949073
0.000246135365
0.000240716517
0.00024116618
0.000244976849
0.000246294282
0.000240561267
0.000241593565
0.000245338232
0.000241278667
0.000235925379
0.000240292097
0.00023936136
0.000236461623
0.000244830726
0.000235236619
0.000243300178
0.000241860221
0.000240484377
