0.000233400383
0.000529554246
0.012123902965
0.000244847424
0.017182295102
0.03002884544
0.000525832998
0.019020367353
0.000238773758
0.000239989088
0.000236373167
0.000235367949
0.002336489703
0.109527315284
0.006401552002
0.010782695647
0.000241500276
0.000235590977
0.000241996994
0.004861041251
0.061831488901
0.011013726034
0.130288133778
0.000243698786
0.008796537468
0.062432950659
0.000235374714
0.007181280367
0.00024357366
0.00023362391
0.028608308212
0.05971372211
0.004437929985
0.000235351507
0.000246413328
0.011727337279
0.049236735364
0.021517105625
0.003616360076
0.000245515215
0.00446062485
0.015470124364
0.006898113022
0.00439489507
0.02026788633
0.000821889496
0.029066343435
0.06036999698
0.062849341296
0.000247460349
0.000530070637
0.006141323048
0.012756494109
0.033010633361
0.006886481587
0.000234866729
0.000526241565
0.00707437474
0.016601613358
0.028772183364
0.000526465522
0.00832122173
0.021956953953
0.000245766367
0.013821480433
0.005871406477
0.000240720747
0.000241854498
0.001155393548
0.023255773609
0.000242305952
0.009243931435
0.025474808576
0.065555455249
0.000245760874
0.005460572599
0.005491612947
0.010759988938
0.024051541364
0.052927880072
0.00023740502
0.006866651523
0.000238404821
0.009901350329
0.009639079174
0.01109309529
0.064607322685
0.000241724077
0.000234774463
0.000234905548
0.000526548778
0.004013858181
0.016005703616
0.000237170316
0.000526252056
0.012393015146
0.000235399252
0.000235649865
0.000239432018
0.005313237987
0.00024187735
0.013640503696
0.016423031788
0.024246698523
0.00679550435
0.000536143935
0.009706079238
0.012648184682
0.004407647469
0.020807999602
0.030377892524
0.003773978695
0.008958389109
0.01188684597
0.00415817204
0.015491937126
0.000242583411
0.000528408879
0.015015082817
0.019311539665
0.021451966732
0.02274604182
0.007378145492
0.004486901947
0.018055428066
0.052616540292
0.000238336054
0.011486202081
0.06864075504
0.00023552021
0.000246743378
0.000527068884
0.000234894814
0.026993858162
0.034823688971
0.048655228619
0.00329804532
0.01542646645
0.041837938297
0.010393957319
0.000236324353
0.003059029385
0.016729380542
0.025759297287
0.006968327046
0.007428251703
0.015072507996
0.000236578042
0.001746519325
0.003465008199
0.016338884114
0.004062412085
0.037344342833
0.04434070345
0.000235653851
0.004148301262
0.011632692694
0.012504664424
0.00024324065
0.000537923896
0.001118947322
0.000240455172
0.000237371314
0.000241742834
0.06428110782
0.068919388332
0.083140637341
0.000234351525
0.008639444153
0.014811521588
0.000245357171
0.006317524144
0.071907795893
0.080778658604
0.000234273001
0.001413405797
0.019866841953
0.026137459941
0.069250178604
0.00221264276
0.00657784535
0.000526498975
0.000526750619
0.00604951573
0.00053277722
0.012513123115
0.000235292391
0.002642645493
0.02148524352
0.040188668417
0.007257233778
0.001420349858
0.013237546838
0.004083943815
0.000234740838
0.002093004934
0.007019297073
0.001426478667
0.00788386211
0.000821648587
0.000237644802
0.004715052329
0.012752708344
0.000236881864
0.003266148918
0.000533302506
0.017565132198
0.004287331559
0.001739195197
0.007645086585
0.000527975831
0.001417119282
0.003179362865
0.066793367735
0.003020702729
0.000528137431
0.012093644634
0.03848933825
0.001138805526
0.051866121564
0.077904772399
0.000236086305
0.006428419499
0.000239388532
0.004645275268
0.000244971382
0.002324968785
0.012548968121
0.000238862703
0.000530849051
0.001115660745
0.018060889817
0.000234849918
0.070154738525
0.079356609624
0.001691373701
0.004606774809
0.007825131936
0.019976559502
0.021142256003
0.000242557921
0.000865751684
0.001792919296
0.000241025987
0.002014591358
0.002597874687
0.066456046731
0.000534083972
0.001143679816
0.003804309043
0.003646057161
0.000529074646
0.006478980272
0.007948739153
0.000241922975
0.000822274121
0.005728109648
0.000535567376
0.00345021138
0.000243828623
0.000245183035
0.002714828753
0.002130405549
0.000821934098
0.035075980096
0.000239553096
0.003415433768
0.008987450137
0.067501828974
0.00454664959
0.000243987461
0.0090658014
0.000237421142
0.000237792441
0.000239173025
0.00053026865
0.008752400926
0.00053678149
0.001120029266
0.008137417794
0.000236749139
0.000237784658
0.001110943907
0.016071376391
0.000237432952
0.000239334802
0.003544943363
0.000827877817
0.005625730917
0.049176656601
0.002914395999
0.005042171701
0.033147946132
0.000237794535
0.000844850782
0.000868548051
0.00023919691
0.000245195631
0.016876866963
0.041875326216
0.044497033671
0.000235072648
0.000831562084
0.000238342143
0.000236219407
0.000240494448
0.000529586967
0.001113527672
0.000238877408
0.000531279561
0.002799410994
0.003383815939
0.002074309358
0.000234740889
0.000819309735
0.011682394822
0.000240741966
0.001123622651
0.005847411489
0.000242194788
0.00024640961
0.006788261216
0.000236967527
0.069380195307
0.081870968921
0.006370362746
0.001137077012
0.001720668167
0.003190030294
0.043900610559
0.06718780763
0.000854265806
0.000845998302
0.004949382259
0.000838451953
0.009672118451
0.000526948659
0.006677956852
0.020009485082
0.000825641792
0.000235419308
0.011010201354
0.000245964321
0.000824194594
0.000236681241
0.000529962407
0.007500995142
0.000237260877
0.004275113477
0.000235451902
0.004849911077
0.000234881238
0.000818654795
0.012774951368
0.000233707251
0.000240226417
0.001723241835
0.046361970095
0.04869055458
0.000237315705
0.000240699496
0.011305013793
0.013065004466
0.019654589186
0.014689480099
0.023627777094
0.057368633143
0.000529259516
0.010291437875
0.005553573231
0.000234868656
0.000243652344
0.000527195287
0.002973171793
0.000234832848
0.000526849382
0.00691307277
0.017590756156
0.000238143695
0.000238215964
0.000240419478
0.002292160665
0.006815219199
0.000234528763
0.000527156095
0.00081979107
0.000236244315
0.01070339313
0.000236039633
0.005397879677
0.000533980686
0.003083111895
0.000235730418
0.004280663453
0.000238753749
0.000236865335
0.005438602247
0.005796024098
0.000245010758
0.00053663219
0.000848521187
0.002318036752
0.015398833747
0.018261614388
0.046842055813
0.000242833747
0.001110000893
0.000236654581
0.000233989281
0.000525693527
0.000525785163
0.005087835102
0.002942891871
0.01447505062
0.000244995824
0.005584570595
0.00052681728
0.005316518349
0.000529547934
0.002911432134
0.005004440951
0.001109410602
0.004946278645
0.006871756055
0.001465203797
0.000238789892
0.000861617349
0.008473357679
0.011096278266
0.011679252186
0.018526538458
0.000242758284
0.001739909166
0.009250314445
0.000238359765
0.001405968331
0.011195850391
0.017435947094
0.001986372005
0.008576334922
0.020333410839
0.000246304525
0.004855212224
0.018925096211
0.000240970705
0.000241300479
0.011878053917
0.019099227767
0.000235357071
0.003645888073
0.002595910583
0.013797338891
0.000235839119
0.047755983228
0.059514379667
0.004736748602
0.000243251354
0.000244364405
0.000825453118
0.018132349298
0.021121022468
0.000242346186
0.0017897265
0.00023374307
0.000526837236
0.010716726939
0.016394422447
0.000234586542
0.003510468792
0.015391638835
0.000240140363
0.000528467787
0.002329177836
0.014950884047
0.002053745544
0.019258179798
0.000243555731
0.003000076417
0.002104821997
0.000823562386
0.006722018366
0.000532641086
0.001766800556
0.018240881102
0.049315387405
0.002995542932
0.03897827223
0.04568048771
0.050602052206
0.002869732482
0.00855594516
0.010621185456
0.013115283017
0.064690987137
0.000243668736
0.009768746584
0.023300216302
0.007295588939
0.015704171177
0.005735891673
0.000241420865
0.000242189506
0.004818640727
0.000233151407
0.000235171851
0.000244008048
0.000235369936
0.000236923501
0.002328403735
0.009686260255
0.004841129693
0.004105404227
0.00585504014
0.000246887044
0.000243220581
0.005589726783
0.032891655798
0.000533316582
0.005610190486
0.007783095109
0.000242032451
0.002053670181
0.001144166057
0.008807145227
0.000234852764
0.009779161747
0.018713160309
0.023970232004
0.002661235263
0.007377018351
0.072833164652
0.00550082273
0.005932244182
0.01322215831
0.050869434236
0.086254934962
0.000235793306
0.007794501746
0.016804209379
0.003350739294
0.002608465001
0.008145772088
0.032820818777
0.007945458421
0.000241895988
0.000823787419
0.002571268462
0.023365924145
0.00284635622
0.000842432261
0.004289972998
0.00023880785
0.000834130824
0.008900237574
0.045183068762
0.000242720698
0.007010655528
0.002738924479
0.005061514165
0.000235074922
0.005900675189
0.022636065828
0.000238110086
0.000244894025
0.000526752986
0.004714819686
0.012344028074
0.000238423594
0.000240547525
0.001761432885
0.005197425983
0.000240240048
0.000240481872
0.000531186536
0.001697089325
0.008034388391
0.004347797538
0.005461149588
0.007804800202
0.007618809323
0.003885619326
0.002075323583
0.012994461209
0.001125097857
0.024415263936
0.030518186048
0.000868883747
0.000529228637
0.004051320092
0.000841889943
0.000244587856
0.000236622946
0.000237408051
0.005730214857
0.000824574337
0.007194449747
0.008481184135
0.052455044648
0.000234855159
0.006412107806
0.009222792088
0.014136840731
0.00586935106
0.000244485195
0.001118629956
0.008106582598
0.003556524078
0.000530206292
0.002304492039
0.002888081123
0.002077994457
0.002985068439
0.009535793746
0.000238911556
0.006489858858
0.000831635907
0.001122598071
0.0099103115
0.000242879773
0.002610255477
0.006694213597
0.019438123226
0.007598443524
0.010838971607
0.016550891154
0.02507854409
0.000239602121
0.000246070372
0.004576692685
0.010716386635
0.000834556305
0.000243647198
0.005246082178
0.025692216951
0.001815089777
0.002983789616
0.01069535938
0.004098451849
0.016951192117
0.000828674866
0.002630220598
0.003810108494
0.00410501738
0.019146013185
0.000849510576
0.002026641727
0.020710400407
0.00024138654
0.005206708186
0.000246372245
0.000530212422
0.000821443603
0.000239474921
0.00024407774
0.002037288401
0.005318134386
0.001720922664
0.013817172887
0.000234875538
0.006078074254
0.000239043533
0.000241787073
0.000242730093
0.005325024879
0.002360115386
0.004705861442
0.005872893093
0.000234858017
0.004628436559
0.005514606719
0.010197325709
0.000234689522
0.013416655616
0.000237553288
0.004940727678
0.00775198952
0.0002356252
0.0029057218
0.003488982518
0.00024331168
0.000242295554
0.000528226372
0.002632625771
0.000235930763
0.022361518052
0.000241655144
0.017424888886
0.007860277596
0.023778787901
0.040792197939
0.000238416571
0.005107895625
0.00693233462
0.013651348648
0.000242707662
0.000244024424
0.000825398372
0.000860554223
0.007920723859
0.00023831723
0.000531016896
0.00552694216
0.045743407538
0.000819180625
0.001402796005
0.009872297815
0.044961227845
0.000237857366
0.000526637959
0.000245494291
0.001143891342
0.000863579593
0.00173245815
0.000234171372
0.008354826301
0.000234665019
0.00023828391
0.000243720906
0.000246187715
0.003003914751
0.000235432584
0.00023418177
0.003594816505
0.008027762692
0.014832941435
0.000237292402
0.000832837612
0.009743415588
0.002631030533
0.018194532907
0.040107698889
0.000241448832
0.002662926524
0.004792031689
0.000240032309
0.000239059073
0.004334622086
0.006084085583
0.000238667911
0.000234876591
0.000527747368
0.003625913094
0.004424006409
0.001110950443
0.013384495175
0.000234092655
0.00344585662
0.000833131803
0.000238960889
0.003254072912
0.010163303832
0.000241855866
0.000836293994
0.000845901868
0.003518864451
0.00024129275
0.00053432743
0.006759699631
0.000238002246
0.002690621096
0.000238526636
0.002686142516
0.006179563758
0.000240450452
0.007381274165
0.012363067646
0.0147082116
0.000834991887
0.000244634814
0.000839858092
0.001421172624
0.007445942533
0.010206037135
0.001116036616
0.0026127852
0.009370718358
0.003893957998
0.000246229942
0.000836399352
0.000239781703
0.000239465159
0.000236978007
0.000828557612
0.004448430777
0.00295979298
0.000820592526
0.001418644129
0.000237028626
0.001125258704
0.010305622347
0.000233926957
0.000235316767
0.000237460685
0.000237664971
0.000843927968
0.002355057278
0.000236470826
0.000863623044
0.001114276455
0.004369695495
0.005256339065
0.000527307866
0.001109818282
0.008109977392
0.000235961577
0.000242481378
0.003390402024
0.000241419311
0.000853268463
0.001730235767
0.000235488861
0.00316439803
0.008449334644
0.009031722882
0.015202464255
0.000239875501
0.000532398405
0.002711547623
0.000239853119
0.00024630314
0.000235131618
0.003675870242
0.000235437268
0.001109523076
0.002883678927
0.000537636801
0.000244904409
0.00024530156
0.000827074288
0.001128883794
0.003563568336
0.000243288087
0.000537880893
0.000535516407
0.000856197419
0.000246185841
0.002281320343
0.008184560151
0.016124833722
0.016719857602
0.00052722094
0.001137214665
0.000238839901
0.000237764531
0.000233742257
0.000868039839
0.001128629776
0.000527372762
0.001111595889
0.000530247255
0.001774670077
0.000235508223
0.000241184644
0.000829200611
0.000853236758
0.000238227886
0.000243571123
0.002939224655
0.000235274553
0.000238476386
