0.000528850955
0.005946762132
0.000237614278
0.000530515168
0.000239203606
0.000531222107
0.000238499729
0.003152553251
0.000241945932
0.000239876963
0.007428171696
0.000236778305
0.010012545942
0.008424189048
0.000532116755
0.012178444837
0.001757828496
0.000537307554
0.009037953404
0.003932804107
0.022318494557
0.005542257205
0.005570927122
0.003640528039
0.000236836216
0.000848560895
0.006934907841
0.001769033115
0.009987412022
0.000244451314
0.037129296567
0.060734997957
0.000245717569
0.00024290423
0.002412755759
0.00547984978
0.003769403363
0.006391069632
0.012838200519
0.020572234598
0.031188859746
0.000235824685
0.000234856021
0.000247380068
0.00304457526
0.000822742162
0.001406960263
0.011470004018
0.009865934977
0.001455312212
0.007131843794
0.008076411779
0.021644546153
0.026266715474
0.000241732977
0.002600062438
0.000238101836
0.002837756602
0.000235116509
0.000238408434
0.002277289935
0.013079511745
0.000235220025
0.000526263801
0.003001692881
0.000238125686
0.000240023264
0.000534652268
0.001135065135
0.000234947744
0.006126126398
0.010629217393
0.028827681664
0.004746391649
0.005231710662
0.016075711585
0.019862053317
0.003852967065
0.00577805727
0.000235354316
0.000527091032
0.000821663967
0.00287615338
0.005105030628
0.000246736331
0.000240570859
0.002280858691
0.002863719843
0.016584731029
0.000525811536
0.00393562875
0.0002433129
0.002373576447
0.000234563824
0.00052545717
0.005407287302
0.008127991513
0.002701485965
0.000828659932
0.00399659075
0.011513852746
0.000240861599
0.00640240814
0.014299973211
0.000245094998
0.00053472799
0.004717211148
0.000239196781
0.001128366439
0.0105285279
0.000240448564
0.000532440381
0.005909426088
0.000824850499
0.001408323416
0.004626288962
0.030850394017
0.001742961217
0.034822911555
0.052364183138
0.000527974813
0.004065968736
0.005286717765
0.014603419911
0.003320550836
0.005634192377
0.000236113701
0.000237673337
0.007617182751
0.011110232479
0.006535725332
0.000240715332
0.006071899087
0.022769728323
0.002437882173
0.015156448831
0.017111590814
0.000235225976
0.010519484062
0.000242931356
0.000243030393
0.000243619095
0.00552536375
0.008098442841
0.000860554859
0.000234087433
0.0002365876
0.000238888966
0.000532136896
0.00024034573
0.000235087963
0.00023399032
0.011327868802
0.00386782501
0.00023946724
0.000527305204
0.001125597012
0.004649079442
0.00024304395
0.000535750606
0.000239258484
0.00535508398
0.005952487894
0.002293708813
0.004043031263
0.038248595824
0.000241484588
0.013559979597
0.000239630861
0.000240592997
0.000236997249
0.000246323014
0.000243184249
0.003828538832
0.004703342233
0.000238796347
0.000235403926
0.000236421305
0.00024381263
0.000243845678
0.000245008734
0.003881573371
0.001707604296
0.002595438267
0.000239337738
0.000531437656
0.007884663833
0.000241576917
0.000235149601
0.000527585769
0.002596537937
0.005737044944
0.007194281767
0.011021569973
0.002936650027
0.019984302017
0.000233781987
0.000234386951
0.000234257711
0.005104625002
0.000241234747
0.005291524957
0.007913395025
0.006009357125
0.000236391624
0.000239730576
0.000241935639
0.006340725836
0.000527387006
0.016060699809
0.000240654639
0.000532719515
0.001142183494
0.00274919071
0.009230626544
0.062614272498
0.000244908693
0.000246017381
0.000527888096
0.003227584206
0.031356253497
0.005284253123
0.005866656636
0.000829371958
0.01088860174
0.000236574237
0.000528817496
0.00911975261
0.021397516461
0.000244334796
0.000244185591
0.005021198262
0.000243929808
0.00024107444
0.000532973771
0.000238860542
0.00053156864
0.001419181827
0.000236601135
0.021157985285
0.000236742159
0.001694621649
0.008715290188
0.000238131972
0.00549905182
0.000236142533
0.00522673804
0.000527729164
0.000238595368
0.000240780091
0.001175188519
0.013455480234
0.003886306715
0.000530230699
0.058770874107
0.070441830397
0.000534729646
0.00023544913
0.021276130044
0.001126499062
0.00749196974
0.000536877708
0.007236432275
0.012186404263
0.034159849453
0.000240772967
0.008008422801
0.034228215689
0.000243673147
0.000245296819
0.000242978333
0.016712981189
0.000234286338
0.000526142685
0.003882877687
0.005460590553
0.002316544766
0.010637532326
0.026946257927
0.000246707647
0.001118134015
0.006620085141
0.009819902685
0.004965585425
0.005255731197
0.018246540635
0.000237670087
0.000526474358
0.000234306071
0.000235792711
0.009725787459
0.000240012526
0.000241409644
0.006996290494
0.017754281929
0.000244668131
0.00325722198
0.000236271331
0.000532650552
0.002092320908
0.014320986289
0.000243396569
0.001156535191
0.007151638932
0.000245048542
0.00081854282
0.001984234078
0.002839578754
0.005026791283
0.000236982159
0.000238655969
0.000235726667
0.000239885358
0.000530936198
0.000854068632
0.008541405868
0.012333602821
0.007470393488
0.033528365103
0.041592333516
0.000534912251
0.000239886491
0.01044350402
0.005030275125
0.002043364518
0.001130329439
0.002339101177
0.010779674564
0.000244377428
0.000241549304
0.000240265584
0.000243940345
0.000243840531
0.000240132845
0.005064084142
0.010799788243
0.000240369451
0.000234437605
0.003011607397
0.000245502204
0.000820604321
0.005212974156
0.007848756777
0.000821355798
0.002686593673
0.001428155903
0.000245582521
0.000243954636
0.008826076055
0.019736911302
0.056951011146
0.000529537753
0.002673554707
0.010963749895
0.000239306044
0.000864510905
0.002860788499
0.000237132883
0.000535427963
0.002865127488
0.004321067132
0.022067104434
0.000240765073
0.002052254841
0.001176305737
0.001129215399
0.002762287972
0.006586198488
0.000245649238
0.004046943165
0.000238849428
0.002418970966
0.000532085351
0.000241179225
0.004031515854
0.006146921208
0.000241287755
0.000237873829
0.0043044313
0.011678733144
0.004331833054
0.004926222396
0.012386810338
0.016061314217
0.011372605408
0.01476928845
0.001437120993
0.012270851541
0.000238109175
0.000247378541
0.000234742083
0.001115185658
0.000233959729
0.000236435141
0.000529055899
0.006852298101
0.000236989282
0.000529071073
0.006461364634
0.007155405213
0.000242544004
0.000242872908
0.000243344131
0.000243884825
0.003513272854
0.037170722903
0.00082478977
0.005198126186
0.000531386494
0.001458753194
0.000235783306
0.000243761844
0.000239440376
0.000827290308
0.007168820717
0.002121674392
0.000240330077
0.007795378411
0.009605747543
0.000236317571
0.011451422087
0.000245074874
0.000245059084
0.000531715668
0.003230980303
0.004714380561
0.000837907979
0.000241713688
0.006961803245
0.002323262563
0.000242619858
0.000236663521
0.001781539664
0.00921599821
0.002085362257
0.002753731812
0.003057861454
0.000243132944
0.000239593546
0.002730670178
0.012124467781
0.000531647139
0.002041475419
0.034380813778
0.040278985004
0.006965730324
0.000237422689
0.000237830629
0.003552933192
0.000235335076
0.000236463032
0.002735902609
0.000861897346
0.000531694844
0.000245174187
0.000241160404
0.005209846895
0.00023377915
0.015652493171
0.019293285663
0.00024687969
0.000538079626
0.000240322071
0.005923092761
0.000245355631
0.000238014606
0.007436153095
0.001476562929
0.000530764342
0.004550535967
0.007054188709
0.003782705939
0.000246470703
0.000243052661
0.001953709803
0.000236456303
0.002074800051
0.004237327674
0.008519471809
0.000243481627
0.007791144265
0.000242633154
0.001141941556
0.000240950189
0.007677940346
0.000238873739
0.000233921172
0.00112330153
0.007726164835
0.00024510541
0.000245950723
0.001132692659
0.009192896948
0.001116794413
0.00228310339
0.012962362581
0.012127706092
0.000239516806
0.000238726885
0.000236552754
0.023357767574
0.000237803062
0.000234729297
0.009370972799
0.000235475162
0.000242986736
0.005135834977
0.000236999673
0.000242109441
0.000526326943
0.001110246444
0.036624974424
0.00968784522
0.000245972269
0.004963621097
0.000836077665
0.00023579633
0.000845115534
0.002057171047
0.005568775654
0.000241400173
0.002912192483
0.005459981229
0.000529424689
0.011095286747
0.001110575456
0.001802825316
0.000238758477
0.00472187166
0.000534762258
0.001159761552
0.005328011316
0.002356792044
0.000236660038
0.000832362776
0.011528465963
0.000237775211
0.000529821235
0.005744167333
0.006521918748
0.006796755373
0.000237847718
0.000236017595
0.004216330367
0.000243248857
0.004197643388
0.000530483221
0.004239718018
0.029149404948
0.003832825515
0.000236723887
0.000235022115
0.000245155695
0.000238352528
0.000827956553
0.000234690292
0.000234087315
0.000525523437
0.004172904661
0.001431721503
0.000234275638
0.000246040925
0.000237678314
0.000236028608
0.000243917616
0.001186383651
0.000245178323
0.001756200364
0.000238942817
0.001949107299
0.000246317303
0.003755241201
0.000236897518
0.000819719146
0.006686328774
0.002346183661
0.049547020547
0.005335621901
0.000244538495
0.000526086977
0.009436116741
0.00024139785
0.000238767513
0.000238896362
0.000239029372
0.000819356879
0.000234464581
0.040221821861
0.00113944803
0.000241507845
0.000239111486
0.004724732084
0.000533774231
0.000241561132
0.000246208872
0.000246236672
0.000235788069
0.005009858252
0.056020036134
0.000849637505
0.000246920366
0.00023569443
0.007236421053
0.000242866038
0.000246419179
0.000236565982
0.00024078864
0.000528435067
0.000245989709
0.005078447976
0.00024452063
0.005267202632
0.007248262293
0.000240883944
0.00419245113
0.000239778524
0.00024457605
0.000236877083
0.005570103541
0.000240188206
0.002396467923
0.000235546919
0.000236313292
0.000244820121
0.00024580503
0.00547726449
0.001112528367
0.000240533979
0.000239237591
0.000239742027
0.000237649175
0.000244717099
