0.000233400383
0.000529554246
0.012123902965
0.000244847424
0.017182295102
0.03002884544
0.000525832998
0.019020367353
0.000238773758
0.000239989088
0.000236373167
0.000235367949
0.002336489703
0.109527315284
0.006401552002
0.010782695647
0.000241500276
0.000235590977
0.000241996994
0.004861041251
0.061831488901
0.011013726034
0.130288133778
0.000243698786
0.008796537468
0.062432950659
0.000235374714
0.007181280367
0.00024357366
0.00023362391
0.028608308212
0.05971372211
0.004437929985
0.000235351507
0.000246413328
0.011727337279
0.049236735364
0.021517105625
0.003616360076
0.000245515215
0.00446062485
0.015470124364
0.006898113022
0.00439489507
0.02026788633
0.000821889496
0.029066343435
0.06036999698
0.062849341296
0.000247460349
0.000530070637
0.006141323048
0.012756494109
0.033010633361
0.006886481587
0.000234866729
0.000526241565
0.00707437474
0.016601613358
0.028772183364
0.000526465522
0.00832122173
0.021956953953
0.000245766367
0.013821480433
0.005871406477
0.000240720747
0.000241854498
0.001155393548
0.023255773609
0.000242305952
0.009243931435
0.025474808576
0.065555455249
0.000245760874
0.005460572599
0.005491612947
0.010759988938
0.024051541364
0.052927880072
0.00023740502
0.006866651523
0.000238404821
0.009901350329
0.009639079174
0.01109309529
0.064607322685
0.000241724077
0.000234774463
0.000234905548
0.000526548778
0.004013858181
0.016005703616
0.000237170316
0.000526252056
0.012393015146
0.000235399252
0.000235649865
0.000239432018
0.005313237987
0.00024187735
0.013640503696
0.016423031788
0.024246698523
0.00679550435
0.000536143935
0.009706079238
0.012648184682
0.004407647469
0.020807999602
0.030377892524
0.003773978695
0.008958389109
0.01188684597
0.00415817204
0.015491937126
0.000242583411
0.000528408879
0.015015082817
0.019311539665
0.021451966732
0.02274604182
0.007378145492
0.004486901947
0.018055428066
0.052616540292
0.000238336054
0.011486202081
0.06864075504
0.00023552021
0.000246743378
0.000527068884
0.000234894814
0.026993858162
0.034823688971
0.048655228619
0.00329804532
0.01542646645
0.041837938297
0.010393957319
0.000236324353
0.003059029385
0.016729380542
0.025759297287
0.006968327046
0.007428251703
0.015072507996
0.000236578042
0.001746519325
0.003465008199
0.016338884114
0.004062412085
0.037344342833
0.04434070345
0.000235653851
0.004148301262
0.011632692694
0.012504664424
0.00024324065
0.000537923896
0.001118947322
0.000240455172
0.000237371314
0.000241742834
0.06428110782
0.068919388332
0.083140637341
0.000234351525
0.008639444153
0.014811521588
0.000245357171
0.006317524144
0.071907795893
0.080778658604
0.000234273001
0.001413405797
0.019866841953
0.026137459941
0.069250178604
0.00221264276
0.00657784535
0.000526498975
0.000526750619
0.00604951573
0.00053277722
0.012513123115
0.000235292391
0.002642645493
0.02148524352
0.040188668417
0.007257233778
0.001420349858
0.013237546838
0.004083943815
0.000234740838
0.002093004934
0.007019297073
0.001426478667
0.00788386211
0.000821648587
0.000237644802
0.004715052329
0.012752708344
0.000236881864
0.003266148918
0.000533302506
0.017565132198
0.004287331559
0.001739195197
0.007645086585
0.000527975831
0.001417119282
0.003179362865
0.066793367735
0.003020702729
0.000528137431
0.012093644634
0.03848933825
0.001138805526
0.051866121564
0.077904772399
0.000236086305
0.006428419499
0.000239388532
0.004645275268
0.000244971382
0.002324968785
0.012548968121
0.000238862703
0.000530849051
0.001115660745
0.018060889817
0.000234849918
0.070154738525
0.079356609624
0.001691373701
0.004606774809
0.007825131936
0.019976559502
0.021142256003
0.000242557921
0.000865751684
0.001792919296
0.000241025987
0.002014591358
0.002597874687
0.066456046731
0.000534083972
0.001143679816
0.003804309043
0.003646057161
0.000529074646
0.006478980272
0.007948739153
0.000241922975
0.000822274121
0.005728109648
0.000535567376
0.00345021138
0.000243828623
0.000245183035
0.002714828753
0.002130405549
0.000821934098
0.035075980096
0.000239553096
0.003415433768
0.008987450137
0.067501828974
0.00454664959
0.000243987461
0.0090658014
0.000237421142
0.000237792441
0.000239173025
0.00053026865
0.008752400926
0.00053678149
0.001120029266
0.008137417794
0.000236749139
0.000237784658
0.001110943907
0.016071376391
0.000237432952
0.000239334802
0.003544943363
0.000827877817
0.005625730917
0.049176656601
0.002914395999
0.005042171701
0.033147946132
0.000237794535
0.000844850782
0.000868548051
0.00023919691
0.000245195631
0.016876866963
0.041875326216
0.044497033671
0.000235072648
0.000831562084
0.000238342143
0.000236219407
0.000240494448
0.000529586967
0.001113527672
0.000238877408
0.000531279561
0.002799410994
0.003383815939
0.002074309358
0.000234740889
0.000819309735
0.011682394822
0.000240741966
0.001123622651
0.005847411489
0.000242194788
0.00024640961
0.006788261216
0.000236967527
0.069380195307
0.081870968921
0.006370362746
0.001137077012
0.001720668167
0.003190030294
0.043900610559
0.06718780763
0.000854265806
0.000845998302
0.004949382259
0.000838451953
0.009672118451
0.000526948659
0.006677956852
0.020009485082
0.000825641792
0.000235419308
0.011010201354
0.000245964321
0.000824194594
0.000236681241
0.000529962407
0.007500995142
0.000237260877
0.004275113477
0.000235451902
0.004849911077
0.000234881238
0.000818654795
0.012774951368
0.000233707251
0.000240226417
0.001723241835
0.046361970095
0.04869055458
0.000237315705
0.000240699496
0.011305013793
0.013065004466
0.019654589186
0.014689480099
0.023627777094
0.057368633143
0.000529259516
0.010291437875
0.005553573231
0.000234868656
0.000243652344
0.000527195287
0.002973171793
0.000234832848
0.000526849382
0.00691307277
0.017590756156
0.000238143695
0.000238215964
0.000240419478
0.002292160665
0.006815219199
0.000234528763
0.000527156095
0.00081979107
0.000236244315
0.01070339313
0.000236039633
0.005397879677
0.000533980686
0.003083111895
0.000235730418
0.004280663453
0.000238753749
0.000236865335
0.005438602247
0.005796024098
0.000245010758
0.00053663219
0.000848521187
0.002318036752
0.015398833747
0.018261614388
0.046842055813
0.000242833747
0.001110000893
0.000236654581
0.000233989281
0.000525693527
0.000525785163
0.005087835102
0.002942891871
0.01447505062
0.000244995824
0.005584570595
0.00052681728
0.005316518349
0.000529547934
0.002911432134
0.005004440951
0.001109410602
0.004946278645
0.006871756055
0.001465203797
0.000238789892
0.000861617349
0.008473357679
0.011096278266
0.011679252186
0.018526538458
0.000242758284
0.001739909166
0.009250314445
0.000238359765
0.001405968331
0.011195850391
0.017435947094
0.001986372005
0.008576334922
0.020333410839
0.000246304525
0.004855212224
0.018925096211
0.000240970705
0.000241300479
0.011878053917
0.019099227767
0.000235357071
0.003645888073
0.002595910583
0.013797338891
0.000235839119
0.047755983228
0.059514379667
0.004736748602
0.000243251354
0.000244364405
0.000825453118
0.018132349298
0.021121022468
0.000242346186
0.0017897265
0.00023374307
0.000526837236
0.010716726939
0.016394422447
0.000234586542
0.003510468792
0.015391638835
0.000240140363
0.000528467787
0.002329177836
0.014950884047
0.002053745544
0.019258179798
0.000243555731
0.003000076417
0.002104821997
0.000823562386
0.006722018366
0.000532641086
0.001766800556
0.018240881102
0.049315387405
0.002995542932
0.03897827223
0.04568048771
0.050602052206
0.002869732482
0.00855594516
0.010621185456
0.013115283017
0.064690987137
0.000243668736
0.009768746584
0.023300216302
0.007295588939
0.015704171177
0.005735891673
0.000241420865
0.000242189506
0.004818640727
0.000233151407
0.000235171851
0.000244008048
0.000235369936
0.000236923501
0.002328403735
0.009686260255
0.004841129693
0.004105404227
0.00585504014
0.000246887044
0.000243220581
0.005589726783
0.032891655798
0.000533316582
0.005610190486
0.007783095109
0.000242032451
0.002053670181
0.001144166057
0.008807145227
0.000234852764
0.009779161747
0.018713160309
0.023970232004
0.002661235263
0.007377018351
0.072833164652
0.00550082273
0.005932244182
0.01322215831
0.050869434236
0.086254934962
0.000235793306
0.007794501746
0.016804209379
0.003350739294
0.002608465001
0.008145772088
0.032820818777
0.007945458421
0.000241895988
0.000823787419
0.002571268462
0.023365924145
0.00284635622
0.000842432261
0.004289972998
0.00023880785
0.000834130824
0.008900237574
0.045183068762
0.000242720698
0.007010655528
0.002738924479
0.005061514165
0.000235074922
0.005900675189
0.022636065828
0.000238110086
0.000244894025
0.000526752986
0.004714819686
0.012344028074
0.000238423594
0.000240547525
0.001761432885
0.005197425983
0.000240240048
0.000240481872
0.000531186536
0.001697089325
0.008034388391
0.004347797538
0.005461149588
0.007804800202
0.007618809323
0.003885619326
0.002075323583
0.012994461209
0.013687848849
0.018892920361
0.000823797267
0.000533579859
0.004064263789
0.000867077689
0.000243884808
0.000240282867
0.000241067972
0.009818254392
0.002646786231
0.006284221307
0.005491291308
0.04740588402
0.000237564749
0.000528681224
0.003478397604
0.00627652884
0.012997536353
0.002637773665
0.00023635382
0.002061563417
0.004751399614
0.007203739762
0.000532339265
0.002292161065
0.009123538588
0.002033309736
0.003209687111
0.009028038621
0.000234520469
0.012783126484
0.002083968335
0.002375115221
0.004694774662
0.000241247774
0.003231489159
0.006197427004
0.014926885841
0.00375567467
0.004630226357
0.01299359452
0.017509340045
0.000238586285
0.000241441492
0.000844120916
0.006751124242
0.00085825461
0.000245228231
0.008910323577
0.018251271197
0.001434534416
0.003012374495
0.009474910405
0.001142198125
0.010358254656
0.012134437059
0.003190465328
0.003480816207
0.010380381988
0.002087735501
0.012098851689
0.002026269011
0.007629137179
0.000242485425
0.003614402549
0.000236752116
0.000241413759
0.000852588826
0.000241325052
0.000235396241
0.002600064377
0.003803644515
0.001779703749
0.017868441049
0.000236953902
0.006336790594
0.000234796204
0.000234805857
0.000525846488
0.000241667149
0.005475609598
0.000528619731
0.001414792577
0.01027280359
0.000241734863
0.004063417195
0.005240624484
0.009194462713
0.000234608992
0.014412794684
0.000243865568
0.006127755068
0.008776731821
0.000237237176
0.002327508482
0.003508001485
0.000239047008
0.000240173474
0.000530517138
0.003269170104
0.000234978385
0.000854793608
0.000240012904
0.000825766231
0.003753528647
0.018120390225
0.001114870522
0.002570090827
0.010704933906
0.000239893323
0.004457990619
0.004983433537
0.00826770894
0.000241248279
0.000247294419
0.000868148344
0.000861732013
0.01084533506
0.000238959114
0.000531005358
0.010836958768
0.001432732026
0.002610885798
0.014544723899
0.000237102673
0.000536640951
0.000239010145
0.001138592614
0.000842874007
0.002452575734
0.000245681116
0.000828484904
0.011783037988
0.000244545418
0.000236884662
0.000238495967
0.000240977702
0.002927588788
0.000233800101
0.00052965266
0.005170796374
0.005748464317
0.009057456271
0.000243495668
0.000826020496
0.007225413647
0.003197684876
0.011555029849
0.037013164428
0.000241798932
0.003627083444
0.01383524567
0.000240382656
0.000234431105
0.004974319421
0.007053049786
0.000237178711
0.000241564901
0.000241741433
0.003267279004
0.005459966017
0.004367429597
0.012881621902
0.000233184999
0.003253122342
0.000843293665
0.000235087182
0.001423966845
0.009689138474
0.000233731548
0.001135137233
0.000825569948
0.001410430902
0.00024407634
0.000537466855
0.007114059081
0.000238569559
0.002387700714
0.000246022742
0.002908492663
0.006150114502
0.000237352255
0.008612408577
0.011441417567
0.016910408339
0.000820479693
0.000236196363
0.001134715643
0.00202077948
0.00405876035
0.008905916982
0.002001335157
0.008025728174
0.014562157712
0.006724430094
0.00024191528
0.000861487136
0.000238179579
0.000236871806
0.000242194446
0.00234555231
0.002945008697
0.000840612078
0.001424148676
0.000239958431
0.004511225138
0.008559801034
0.000234142332
0.00023573224
0.000244575955
0.000233496524
0.000827102353
0.002592964088
0.000238987208
0.00086305219
0.000826924553
0.00170229355
0.005501014428
0.000528452526
0.001456690672
0.007860454221
0.000245543569
0.000234013491
0.003701395776
0.000238539158
0.000837422935
0.001744053649
0.000233929194
0.001705416785
0.004633190973
0.006393914282
0.009346747994
0.000233633316
0.00052615622
0.002985852492
0.000237148796
0.000237291434
0.000244634718
0.003706013902
0.000239576437
0.001139265434
0.002661412186
0.000527640937
0.000233795429
0.000526909041
0.001109064074
0.000235260875
0.001124665354
0.005974326043
0.000239195391
0.000527909298
0.000527386943
0.000832031728
0.000243000028
0.001115820863
0.002584596692
0.006668444783
0.018365289977
0.047826968715
0.000239265985
0.00111425971
0.000245429144
0.000237652363
0.000242308204
0.000848639269
0.001127053646
0.000528812623
0.00113903575
0.000235399276
0.002617776111
0.000236591698
0.000246186184
0.000861488938
0.000824239269
0.000241422381
0.000243284192
0.00295541915
0.000240547823
0.000241018248
