0.000238580779
0.006411994853
0.013853863927
0.000236169051
0.000236685156
0.000238471142
0.000235447491
0.01376894332
0.000238348673
0.005301704343
0.000241756631
0.001792700908
0.000242817208
0.000242270628
0.003666310412
0.000242428615
0.00083673841
0.002599297685
0.005191478082
0.004876573909
0.009053497534
0.012407863444
0.024278058006
0.000242324061
0.001468895813
0.000238699818
0.002957616474
0.002346512025
0.008931636549
0.000246660059
0.000525500338
0.009335223977
0.000239659203
0.000850371575
0.00023612553
0.000241757073
0.000240167473
0.000849473136
0.003294555547
0.000238956964
0.001775661548
0.000239023906
0.004853757982
0.000245664564
0.000246114135
0.000236152817
0.000234210605
0.0002402473
0.000240343645
0.000236374224
0.000866588648
0.000238234493
0.000235421246
0.000236194625
0.000238671847
0.000241559375
0.000242136782
0.00497517383
0.000240276693
0.000243565311
0.000853941383
0.000238421687
0.000240287231
0.00053137151
0.000537258795
0.00289264382
0.000244935536
0.0005336155
0.002696526915
0.000242533465
0.002738912393
0.001123810994
0.000243711622
0.000535326587
0.000236550153
0.000238813844
0.00023935601
0.000825217824
0.002392196978
0.001165206992
0.008133038077
0.000244368332
0.001115996203
0.034397431181
0.000234868141
0.000526606931
0.002035163733
0.000242535712
0.00023705109
0.000528214811
0.000535373843
0.000242333856
0.000824478522
0.000536517628
0.000238577482
0.000821440856
0.000845853403
0.000241204028
0.000241151738
0.000827562246
0.001714433205
0.000244102881
0.000245922971
0.000840769996
0.000234755003
0.000238285106
0.000531665773
0.000832275447
0.000238329136
0.000241576828
0.000234381047
0.000818259457
0.000537199021
0.000243152032
0.000533810214
0.000241843562
0.000236229108
0.000526801147
0.000525895369
0.00023349058
0.000237390771
0.0002419562
0.000850863027
0.00174715112
0.000850512049
0.001157442659
0.00024122687
0.000242116653
0.000240757334
0.000533336146
0.000235884918
0.000828230982
0.003117971841
0.000238607627
0.000841260871
0.000235048829
0.000235754783
0.000242104173
0.00024420856
0.000244534185
0.001786859045
0.000242808472
0.000243459108
0.000235853645
0.000235864978
0.000241373031
0.000241266882
0.000244477087
0.000244480086
0.000239608829
0.000243777701
0.001765113205
0.000242777656
0.001434557866
0.000239848869
0.001157952022
0.001784606278
0.000239611518
0.000235744989
0.0008373027
0.001134972009
0.000234204957
0.000234901288
0.017151104558
0.000237092985
0.00023782206
0.000235791482
0.000841316724
0.000843426058
0.00024008546
0.000822300909
0.000243158452
0.000240254945
