76
92
47
76
68
67
83
58
77
79
82
55
69
75
67
76
82
79
71
88
67
90
107
67
80
89
121
234
216
93
98
103
102
149
175
111
104
69
214
129
79
66
52
161
112
139
143
125
152
135
127
86
138
132
116
97
109
145
112
77
107
115
103
103
115
97
83
85
182
205
231
244
231
127
102
131
281
311
125
302
142
319
80
112
79
230
212
276
252
278
389
325
157
172
136
475
432
160
127
128
121
140
475
403
411
133
101
89
517
63
110
144
51
147
412
149
153
120
118
108
101
107
377
105
103
101
386
294
105
257
225
98
385
222
88
325
80
74
236
272
320
360
373
61
54
36
28
17
8
9
