69
95
47
76
68
67
83
58
78
71
82
54
64
75
65
75
71
84
84
111
66
93
114
57
89
88
140
244
219
91
98
96
74
157
175
125
95
74
234
129
79
68
66
162
100
136
129
123
134
124
137
85
132
141
113
97
115
122
115
78
112
95
105
94
91
90
79
90
155
183
188
218
213
123
90
124
277
298
106
263
129
299
79
94
85
214
225
274
284
292
379
332
146
155
125
477
432
151
119
124
113
149
448
382
425
114
102
65
514
53
107
137
70
125
385
136
129
114
101
102
99
101
367
96
97
86
381
289
84
238
212
73
405
203
65
318
58
50
227
234
318
325
352
43
38
28
15
14
4
4
