220
204
191
209
188
200
36
41
31
33
40
57
89
98
54
68
41
77
51
53
54
50
71
53
64
61
89
87
81
52
66
69
61
204
59
94
162
94
71
45
147
130
83
91
59
71
90
171
188
175
191
184
93
183
117
172
164
100
156
114
128
146
143
117
125
111
115
88
88
109
104
98
117
99
86
78
96
105
84
79
106
99
84
91
101
110
114
99
96
126
92
119
131
167
209
110
84
120
142
108
245
125
100
165
161
157
146
148
136
208
152
152
146
149
146
502
167
171
154
170
164
155
194
188
188
171
223
251
444
349
217
188
304
193
261
117
196
192
99
213
139
163
153
207
209
206
193
253
229
291
319
295
326
326
446
451
552
227
247
280
209
126
190
374
381
223
134
310
405
255
366
332
241
283
217
256
271
228
273
222
274
286
291
82
291
188
68
106
272
324
333
118
380
378
394
38
59
410
105
68
