69
95
47
76
68
67
83
58
78
71
82
54
64
75
65
75
71
84
84
111
66
93
114
57
89
88
140
244
219
91
98
96
74
157
175
125
95
74
234
129
79
68
66
162
100
136
129
123
134
124
137
85
132
141
113
97
115
122
115
78
112
95
105
94
91
90
79
90
155
175
188
213
209
123
90
124
277
297
106
264
129
299
80
94
87
210
212
272
276
284
401
326
154
159
117
485
447
159
117
125
110
145
454
386
430
112
122
71
451
55
114
137
91
127
395
139
125
109
96
100
101
101
374
96
98
86
393
294
83
259
210
73
416
196
64
335
58
48
209
230
339
327
327
40
33
26
15
14
4
4
