220
204
191
209
188
200
36
41
31
33
40
57
89
98
54
68
41
77
51
53
54
50
71
53
64
61
89
87
81
52
66
69
61
204
59
94
162
94
71
45
147
130
83
91
59
71
90
171
188
175
191
184
93
183
117
172
164
100
156
114
128
146
143
117
125
111
115
88
88
109
104
98
117
99
86
78
96
105
84
79
106
99
84
91
101
110
114
99
96
126
92
119
131
167
209
110
84
120
142
108
245
125
100
165
161
157
146
147
135
223
150
149
143
145
144
482
168
158
153
169
161
152
190
190
180
167
210
240
429
357
186
184
304
182
251
113
184
189
94
210
142
162
154
204
208
206
194
250
222
282
313
285
313
318
444
431
542
205
234
304
184
129
193
402
363
241
155
339
407
240
359
346
237
305
222
282
292
199
278
229
275
287
281
83
288
180
84
116
279
302
337
125
352
363
362
39
58
397
113
78
