11
15
14
22
18
18
7
10
4
6
9
12
27
31
19
18
18
25
19
16
20
16
27
20
28
25
34
38
29
19
25
46
41
0
42
29
0
30
44
35
3
1
36
25
47
26
16
36
0
43
37
36
22
40
35
33
42
25
44
41
30
35
42
24
34
49
44
34
20
40
38
28
33
40
23
30
36
27
30
25
27
39
30
32
35
32
49
39
34
40
31
37
78
6
11
70
23
77
86
35
11
66
30
43
32
36
30
28
47
73
36
42
33
43
37
18
26
24
19
25
32
18
20
19
31
47
102
108
35
23
93
50
32
84
118
30
90
57
23
75
35
63
39
45
32
42
31
48
38
69
56
52
45
37
96
72
59
88
95
50
72
73
67
33
40
102
68
56
77
64
89
95
58
94
64
54
66
40
60
58
53
48
56
47
46
76
43
50
43
45
46
52
63
58
62
13
25
55
40
38
