11
15
14
22
18
18
7
10
4
6
9
12
27
31
19
18
18
25
19
16
20
16
27
20
28
25
34
38
29
19
25
46
41
0
42
29
0
30
44
35
3
1
36
25
47
26
16
36
0
43
37
36
22
40
35
33
42
25
44
41
30
35
42
24
34
49
44
34
20
40
38
28
33
40
23
30
36
27
30
25
27
39
30
32
35
32
49
39
34
40
31
37
78
6
11
70
23
77
86
35
11
66
30
43
32
36
30
28
47
73
36
42
33
43
37
18
26
26
20
25
33
21
21
20
32
47
92
102
37
20
97
50
31
76
102
30
92
57
23
75
34
64
39
45
31
43
29
48
39
72
56
55
47
38
94
66
64
91
113
52
88
57
56
36
42
69
68
60
90
68
85
83
65
90
68
49
67
42
59
55
58
46
57
51
46
45
42
43
44
51
46
55
67
67
61
13
25
57
34
26
