0.000245552985
0.000240150489
0.000239996092
0.000241959845
0.085626499231
0.00052621485
0.0752799778
0.000244851799
0.060278171639
0.011251303264
0.047316449218
0.01176659293
0.016628324494
0.038288326496
0.043987523029
0.000244938548
0.000239012488
0.000530424649
0.002924277641
0.046346701823
0.01558738165
0.00764236509
0.044091985292
0.051355784462
0.018841768175
0.004068315797
0.034143451191
0.050481315784
0.000235707673
0.037232020912
0.15056905316
0.000238497385
0.000530228359
0.015380295323
0.024268727009
0.009255693648
0.019210833968
0.000241239725
0.036219171389
0.012511089202
0.02918420723
0.016616624802
0.018729041852
0.009086411978
0.022579556434
0.029650992971
0.043998424794
0.046215259478
0.079421207156
0.009892829143
0.034895129288
0.023093114442
0.023983375749
0.057182899089
0.007160959855
0.053193047228
0.013257190869
0.023870161572
0.028497304885
0.000235585987
0.02376864439
0.032133026838
0.06124215559
0.000237605801
0.000237850615
0.000530044023
0.003515963486
0.008377679357
0.031679624632
0.000526865069
0.005917178115
0.011732196437
0.052298366636
0.000242065763
0.022607385645
0.005503819556
0.041095231601
0.066908459911
0.079482189327
0.000237369531
0.009937496582
0.010510054194
0.080667122144
0.000240108394
0.011981210604
0.017332552745
0.046171622157
0.159066977892
0.000240977555
0.00885763742
0.014768865758
0.021951418318
0.000234932418
0.020123812514
0.119633174346
0.000242438256
0.011167122244
0.034785717309
0.048883593988
0.099005198118
0.118616660673
0.210016433291
0.065101073185
0.000533091538
0.069119593945
0.080205183138
0.092715373779
0.10985943053
0.000240466772
0.007908072605
0.029025933507
0.036652756871
0.091338050265
0.019472090799
0.037038310456
0.226108396063
0.000240620843
0.060892496391
0.128779916448
0.000525936749
0.001756472191
0.037648650142
0.07901490015
0.000234569006
0.039060881113
0.07495745906
0.144991744621
0.000234236613
0.000526738485
0.015256999792
0.000237704654
0.103389358065
0.236802828221
0.000237421035
0.043320929264
0.007330936178
0.031309699674
0.043878174924
0.034134146225
0.103275210031
0.000245001121
0.036495220365
0.042822256513
0.044000180208
0.090154668258
0.107098998022
0.000525976412
0.018845103224
0.116246348086
0.118941084691
0.000238545741
0.000239116884
0.002911229987
0.055742547273
0.106111739433
0.012499352827
0.025245366287
0.036521431798
0.000528704187
0.045790330166
0.072463723784
0.000235293843
0.01323282838
0.03490718374
0.015939172187
0.038318261149
0.000238754622
0.003166135831
0.021978857397
0.087676668797
0.000526585433
0.04421753542
0.079366783046
0.1786212944
0.005210529858
0.011158628572
0.021255082568
0.06094168653
0.004089793945
0.013978169857
0.157841901631
0.20966205204
0.033320523892
0.140976435623
0.009137615127
0.04535145368
0.162945513103
0.000239917785
0.011761911009
0.041294063309
0.02614618271
0.011978922744
0.000234980041
0.037625034657
0.100530277424
0.115199231362
0.000525281441
0.008374592267
0.027377631135
0.091884899738
0.026021206182
0.205720843817
0.000235200309
0.000242265883
0.019181704555
0.047238563964
0.017301858823
0.128654077681
0.016744135449
0.005696241172
0.023899449525
0.024203902223
0.000237049219
0.000530024948
0.002872837138
0.006800946228
0.028668921035
0.028960981171
0.040774879962
0.000246564332
0.000534164192
0.00985884066
0.039015293982
0.089265956816
0.019299800446
0.11411115768
0.129936565386
0.000247086402
0.052414711877
0.075887190913
0.006121083006
0.047795966916
0.132678262789
0.0159142216
0.045137068002
0.005585232609
0.024377535014
0.000241924712
0.042917778071
0.113669170593
0.020063543714
0.030979362973
0.000242884418
0.000529816584
0.007567979629
0.019869778241
0.011887917277
0.031039957653
0.042244986557
0.085532271714
0.159183354455
0.028929270927
0.10906596203
0.150200299951
0.070316822688
0.15454300143
0.031734980292
0.138742014902
0.174805281638
0.015112662502
0.025472768771
0.101556174236
0.143927973093
0.18473514734
0.0002466097
0.069219147665
0.094850978703
0.008481141946
0.024331271286
0.029309840633
0.000244227985
0.013746989463
0.074869812345
0.12060863818
