7
11
12
4
8
0
11
8
13
24
27
32
0
36
35
28
0
34
50
29
37
25
24
40
44
46
50
65
79
56
79
0
0
113
1
108
91
0
0
125
82
43
88
1
60
7
54
12
36
43
37
25
32
42
34
35
42
33
39
23
29
34
27
34
0
0
1
3
6
0
4
29
1
2
0
57
27
35
52
0
0
32
43
29
1
1
37
24
32
29
23
0
0
2
6
10
20
15
23
31
40
29
57
63
57
70
44
65
71
73
98
66
67
131
50
88
95
33
81
96
84
112
87
101
101
58
105
63
90
103
50
111
60
112
117
193
36
90
116
170
27
83
183
157
84
27
105
108
72
145
135
108
104
85
132
126
110
96
76
147
117
84
114
114
99
69
114
137
119
79
99
91
118
139
61
80
79
71
68
104
123
64
81
109
100
29
53
64
62
102
115
28
63
57
65
117
12
55
56
115
41
31
122
110
27
42
33
35
91
22
38
36
20
90
27
41
19
87
28
78
18
23
86
22
27
55
22
18
66
24
78
18
21
15
53
8
22
74
5
8
8
1
1
5
2
2
0
1
0
2
1
0
0
0
0
0
19
27
18
22
18
18
13
11
18
12
11
16
12
11
7
6
6
1
1
0
0
0
0
0
0
0
0
1
1
1
1
1
0
1
1
