0.000234880673
0.000530570834
0.009315072328
0.000245977963
0.010296293897
0.000533644634
0.021972818401
0.000239925079
0.000242052019
0.000236308165
0.000834453772
0.000240492758
0.078532278349
0.007581588739
0.000238743374
0.001481710036
0.000239962044
0.004200679813
0.002592829631
0.031761507797
0.034965506827
0.072177319814
0.000241711702
0.008919721503
0.033798176824
0.000234896811
0.004856545463
0.000238722881
0.000238180318
0.000821900213
0.023833099936
0.000236944647
0.024409431899
0.000235017692
0.000242793805
0.010250812116
0.021251357865
0.006890455031
0.000238681122
0.000239984197
0.000244686761
0.003295301939
0.000235900919
0.010682523
0.004733977641
0.013543255007
0.052239256911
0.065350755477
0.000242927547
0.005305303425
0.011339205478
0.048321381759
0.007892559306
0.000240974684
0.015678524886
0.028269661053
0.086413711745
0.000243236597
0.009558570145
0.061997557583
0.00023428984
0.014342328082
0.006435967649
0.000239866691
0.000240539413
0.000242723356
0.007879646142
0.002725302065
0.017928458882
0.029099166683
0.000238204927
0.012769790758
0.020582868982
0.029931444148
0.030516314777
0.017196059568
0.027024899614
0.070755322546
0.006823608014
0.019501120354
0.000233680082
0.000239998856
0.000531183645
0.010325504324
0.012298415817
0.01624640202
0.03593149113
0.00023701203
0.000244924107
0.000246105585
0.002427205647
0.013486513169
0.000240337767
0.000241078362
0.007542235947
0.000237720916
0.000529844048
0.000237322704
0.016727882548
0.000241646458
0.014395516141
0.051897044753
0.010304033624
0.015605113765
0.000237909547
0.000528347085
0.011580680877
0.000535103389
0.011771516693
0.00348017988
0.017632485397
0.019087936279
0.006132717205
0.019576040305
0.000239437666
0.027090307342
0.048731636493
0.000237959649
0.000525900813
0.022123133725
0.033065193351
0.01760531334
0.020808106646
0.008539945645
0.000243469239
0.00052826427
0.008160538038
0.028948888109
0.065885879331
0.000529173241
0.015505573879
0.000235819835
0.000528918713
0.012154200125
0.020012210975
0.000242403907
0.008509331748
0.039991221041
0.011152682713
0.029429511826
0.000526650467
0.008792765364
0.011798487353
0.02985867867
0.079098786895
0.00767244738
0.046405334965
0.070187742062
0.109753619832
0.000531934588
0.004625041411
0.005767186423
0.000242112337
0.009535713757
0.013845851789
0.006439638793
0.059830154892
0.000234294832
0.00023970548
0.007157711621
0.00919962203
0.036865275667
0.000240603005
0.000244426286
0.003007366776
0.000238783957
0.000531246519
0.000243169922
0.009635015838
0.006199242117
0.024739696676
0.000234834161
0.00940535389
0.00023686443
0.000529814556
0.003455041698
0.000239272661
0.014441332416
0.01780824437
0.073296585655
0.002296533745
0.01240715265
0.024077583493
0.000244475653
0.007216906879
0.000236989841
0.003316100806
0.000236981726
0.003215472088
0.000528883051
0.008440783846
0.073894890154
0.000241818614
0.001109651834
0.001692974432
0.040664593555
0.05288074968
0.000245714463
0.000533809102
0.009483649158
0.000529942938
0.008033572429
0.00023763084
0.001437290204
0.009657030885
0.00023432811
0.000243523309
0.001744136614
0.004934835261
0.002417786952
0.001170183831
0.000242281827
0.008170503307
0.000235418519
0.000528291456
0.004282617961
0.00023656296
0.032398766743
0.070853617801
0.001740080933
0.002296550537
0.006579604013
0.000239870381
0.000529422508
0.001124555771
0.05511026627
0.00594676279
0.002584214182
0.051772963615
0.00475477481
0.014872860474
0.000236057214
0.000820397658
0.006020337722
0.008657277716
0.000240702347
0.005110453793
0.000241744561
0.000236812356
0.000529754936
0.003354910012
0.000244087621
0.000234295692
0.002294065315
0.013717891618
0.023749034177
0.084374165673
0.000240561861
0.001408570305
0.015139360819
0.01957253192
0.001404033068
0.005706796357
0.024868262232
0.002323569592
0.006922947749
0.000529040889
0.002302456228
0.010438227165
0.004015771897
0.006655310078
0.000243814583
0.003979028628
0.000243653223
0.005202980025
0.00024027114
0.000868597798
0.00023556534
0.00242139692
0.000239082979
0.004949819984
0.000235978146
0.000528898574
0.010765659614
0.000240141562
0.000235379072
0.003958806637
0.000236218117
0.003721454876
0.003775892311
0.011680619226
0.000234434211
0.000235250696
0.007119601224
0.000529015159
0.001415658072
0.003340492911
0.005975307125
0.000243526151
0.000528544929
0.001124300204
0.01853796243
0.000241123074
0.000527446043
0.00333077756
0.002374172548
0.00023420858
0.000235155434
0.005520978587
0.000840332235
0.001443959919
0.010909077761
0.000236253984
0.000843298645
0.000529849551
0.003563956191
0.000237969632
0.00023908839
0.005762520703
0.01528488091
0.000235592983
0.000527741117
0.002907280592
0.023415694691
0.000233439859
0.004099733266
0.001108378324
0.001137579244
0.004698456788
0.004939155893
0.00024219596
0.001112420352
0.023861075428
0.000238336435
0.001114860844
0.004282042611
0.000243909773
0.007683743575
0.013777278474
0.017575836689
0.006468953066
0.008510622638
0.000820486229
0.001694100616
0.002013781149
0.027659391231
0.000537515847
0.000236798715
0.013468921537
0.000233592605
0.000817849648
0.034576140284
0.001401355269
0.027827994679
0.071697616201
0.001997379321
0.003952391024
0.011120733184
0.000531584145
0.001138875354
0.000236321535
0.000236967788
0.004027238722
0.00023426577
0.001125477195
0.000236261195
0.000527884709
0.006193296045
0.000245491244
0.001764104597
0.000243007949
0.006664988957
0.013782195109
0.001798993978
0.019893755288
0.000234043511
0.00052531554
0.000243872636
0.000536901742
0.007221972508
0.022650308447
0.000238974323
0.000240469357
0.006273442339
0.015827303696
0.000242356518
0.000243731339
0.008344259475
0.018489406201
0.000531076552
0.000534074969
0.011495795596
0.000243091927
0.012691469428
0.061985788294
0.000242325389
0.00053324914
0.009121815774
0.000240408526
0.000242736644
0.00205731413
0.005793963056
0.000243584451
0.000850850717
0.000242013626
0.009964384665
0.000240041798
0.006688359544
0.001419415438
0.000235277762
0.002947883392
0.000246762493
0.000243409927
0.000831511459
0.00053045207
0.010348822282
0.004556743996
0.00024012643
0.000527657586
0.011238278954
0.019788837164
0.000236657072
0.000240226269
0.000821774783
0.000244786838
0.000235400456
0.008016276112
0.004224824912
0.005709254443
0.000243903981
0.001130431468
0.000237213868
0.007112569613
0.013141163137
0.00023440282
0.001108254648
0.013597700943
0.000236690739
0.003767143208
0.002072372344
0.030937071559
0.00081835614
0.000242717659
0.000863888127
0.000241629666
0.00646361346
0.011430778591
0.012014548888
0.000238497861
0.010334831707
0.062515101472
0.001435417657
0.013372879775
0.000532757678
0.007882006078
0.024438249418
0.000246437288
0.001728031724
0.020622765155
0.00849941161
0.004391804792
0.019259087822
0.003000748001
0.010089956335
0.000239173178
0.000239389001
0.004589957609
0.000241790593
0.001181662094
0.000245451506
0.004210436456
0.005681586959
0.03297069672
0.00024518948
0.000831768313
0.006564714303
0.008603880566
0.004701104214
0.008130584215
0.00023956794
0.003228867528
0.001125562564
0.009482781977
0.002889588263
0.006273383962
0.009694428635
0.000238497852
0.000835060442
0.006273384952
0.030365678427
0.000233738821
0.002099599823
0.000241691692
0.000241787306
0.000238554171
0.00023963847
0.004775141779
0.008046014061
0.005969922338
0.000236838876
0.000234280814
0.001137532904
0.005977558769
0.017475931573
0.004026140569
0.026182381864
0.03420576975
0.006279633626
0.011916949487
0.018236218264
0.037706681295
0.000851066779
0.000235899402
0.000526770447
0.000241722214
0.007072006354
0.000244542651
0.000818342356
0.015596487724
0.000237788863
0.004507609274
0.022848137641
0.004128304295
0.000234141309
0.0008183136
0.000244769783
0.000241017783
0.007310363055
0.00789465052
0.000533987149
0.000240987221
0.003533674047
0.006459841036
0.002319590263
0.009272177283
0.012959287657
0.008971403035
0.040059141863
0.059859569383
0.000235489361
0.001135416938
0.013774579742
0.005874866175
0.00716176071
0.017071987795
0.028639217913
0.000238417099
0.000240458304
0.002343784926
0.007056149514
0.007321931698
0.046743481638
0.010534586594
0.004390287532
0.011452895411
0.001733205785
0.012756842879
0.000240585593
0.004272000407
0.003331268974
0.003593911726
0.027872322414
0.040564490585
0.001410078134
0.002298026338
0.012699956265
0.002603442588
0.023799551757
0.000238319218
0.000529078583
0.000236956339
0.001748006206
0.000238481203
0.005148946292
0.010607552001
0.002645021
0.006775900332
0.003850849064
0.000526856244
0.009865445303
0.036292068769
0.000528433068
0.002861012477
0.004041709434
0.020942763407
0.021544815736
0.000244647507
0.003563890863
0.006274072717
0.000527350721
0.002378630755
0.001716140551
0.010120295241
0.012615004046
0.00023407078
0.003769028016
0.022474521117
0.000243260262
0.000241205902
0.002112906074
0.000242582381
0.000825869045
0.000240356843
0.013269350582
0.013774089509
0.003682701389
0.000238736026
0.003139403312
0.000242530092
0.000236277446
0.000857484287
0.003787059836
0.014856446597
0.001747231226
0.006155638944
0.024145015446
0.000239280675
0.004786019447
0.018078573073
0.000237941857
0.003724808965
0.000234442859
0.000237272964
0.00024350747
0.000528342744
0.001704924218
0.000868757771
0.000242460909
0.000235298946
0.006694355633
0.000235797818
0.000241006259
0.00083646441
0.004407371343
0.013129440105
0.035136927567
0.002280177259
0.009577692617
0.008280481279
0.020305854506
0.048418886302
0.000868888624
0.000239111034
0.001454838593
0.001956999144
0.000240672797
0.009067215396
0.000831217304
0.000235743047
0.005186130979
0.006086994863
0.000246368575
0.010113397127
0.000236040332
0.001118270185
0.003745117454
0.015119381036
0.004727326392
0.017190157723
0.001427224502
0.013186718506
0.000234632601
0.001732150532
0.004118411726
0.000243645851
0.000531960346
0.008881900201
0.000241388654
0.000525780166
0.000243718952
0.00024612135
0.000842410196
0.006968832179
0.003813521899
0.020275927748
0.006487461621
0.00024258157
0.00024187667
0.001439601884
0.00961396649
0.003828006255
0.006669477442
0.000238557545
0.004016299272
0.000239210181
0.000242115246
0.000829881327
0.00023557703
0.002350902721
0.000841890909
0.000235182548
0.000526736082
0.000239302367
0.02264966924
0.002078739226
0.011708801816
0.012289786758
0.027955507332
0.00023811023
0.000829205581
0.001425022046
0.007051309027
0.003235857404
0.00710291319
0.001738525743
0.009133231292
0.000240577954
0.000234529936
0.00023647778
0.000245306248
0.001130045544
0.000533438194
0.002715825803
0.00024036205
0.000823659534
0.008036385892
0.000819355878
0.007098788308
0.000241100661
0.000528183197
0.006229787906
0.007285041222
0.009790056038
0.002367110341
0.000240332085
0.000848105729
0.000237394307
0.000242445146
0.000241212631
0.00024323676
0.000240740045
0.000532293604
0.003917715314
0.000242331955
0.005361784926
0.000240160645
0.000240750269
0.000848835326
0.01876793918
0.021787004816
0.000243073383
0.000823990464
0.006411191838
0.000241935716
0.001419663742
0.004371835629
0.003507543708
0.004979007826
0.000242280549
0.000853576182
0.000237062839
0.000245543637
0.005195785805
0.000243571898
0.00322143053
0.001142282513
0.011157609731
0.025272633973
0.000236519553
0.000844723244
0.000819971448
0.000246318781
0.00082808914
0.001413210455
0.001142608174
0.005897952667
0.00463000567
0.000847587193
0.000240603224
0.000825854395
0.00024554441
0.000234612697
0.00024532533
0.008244491543
0.008829120533
0.000235105649
0.018854659406
0.000821871899
0.001734153175
0.025915105634
0.003043751457
0.000238574495
0.000236451112
0.002452777905
0.000238307863
0.00024117213
0.001458196026
0.004162960363
0.000832821537
0.000238720908
0.000845574535
0.000238273807
0.002306528534
0.000234186757
0.002694901276
0.000852011854
0.000234724501
0.000238894299
0.000236628052
0.006937474169
0.000824849061
0.000234975489
0.00113646997
0.00023493084
0.000241766363
0.003006977347
0.003520237062
0.006474337803
0.000240131555
0.0002382455
0.004866203712
0.000236596858
0.000853654105
0.00233090629
0.002896699304
0.003479093442
0.009019675019
0.000244286387
0.000865776209
0.000241639391
0.003994380323
0.000868359578
0.00053275975
0.00116416189
0.000239480522
0.000241684517
0.003278664778
0.00052792435
0.003764367223
0.006704013175
0.002654832967
0.00383288865
0.000236318755
0.000238324358
0.000240795255
0.000818125141
0.00023936178
0.000528328533
0.000237116194
0.000867839229
0.000242588246
0.003519551263
0.005331152246
0.000234296455
0.000526815274
0.002374071068
0.000241408931
0.001145715242
0.002666631673
0.000238823284
0.000823715191
0.034440802409
0.000242458349
0.000244589951
0.000237120761
0.001421510027
0.004415177897
0.00024477006
0.000236523302
0.000246474143
0.000842046717
0.000241489016
0.003218112861
0.059741100124
0.00024616047
0.001159084682
0.001461707445
0.003528150545
0.000244592809
