0.000234650536
0.005113464557
0.00023370886
0.00052676509
0.000236874889
0.00052973839
0.000241381235
0.002352111165
0.000238797738
0.006078053425
0.000234599011
0.008256715289
0.00681701136
0.001136106002
0.016786187456
0.001805271448
0.000820217296
0.007257118388
0.005625022978
0.000246756249
0.005890732737
0.004976407973
0.003125806448
0.000246596731
0.000822712655
0.00692138828
0.000242672442
0.00231023845
0.004680239221
0.011256701344
0.000245644319
0.016179286896
0.023721033608
0.000531513035
0.002702386319
0.013665129334
0.005104922838
0.013848992998
0.026296637477
0.007965794762
0.000238872743
0.000240954493
0.000240147169
0.000239344009
0.002724883025
0.000244354834
0.000839453597
0.015110251847
0.011567183437
0.00176189803
0.008083070945
0.013791294024
0.014712990379
0.022955882856
0.042808857691
0.00024269683
0.003271968952
0.000237681844
0.002775852029
0.000235041931
0.002076976661
0.007614514
0.017732268914
0.00023816263
0.000239715583
0.00023993942
0.000532281437
0.000830928608
0.002338548058
0.018261304625
0.04664700686
0.055437530057
0.005464818359
0.007157051547
0.010362961947
0.010946683993
0.003259803305
0.000237156479
0.000528269799
0.00407151674
0.009468732287
0.000239305232
0.003158465271
0.008832183478
0.00023449551
0.000535541935
0.000236744927
0.001987634527
0.002572802796
0.007117266618
0.01611288372
0.019146232709
0.02940098445
0.000234448677
0.000236172838
0.006009166788
0.004800122311
0.007364459779
0.000816852934
0.014898591385
0.000241543728
0.003751908153
0.013894485779
0.000532197375
0.005899924728
0.000244111807
0.000237550408
0.000529451168
0.00516390427
0.030867053292
0.000244384585
0.002891320788
0.00833472799
0.008351743592
0.049617779266
0.00384294863
0.013133371334
0.007293657964
0.024861591294
0.003261415585
0.006516907891
0.009342812913
0.004264376336
0.01160608249
0.025734339791
0.005706702933
0.000241542013
0.005414913743
0.025049440819
0.001773543949
0.000531923342
0.004688069073
0.03870116999
0.000245632057
0.000245657885
0.000245749181
0.000854842746
0.000236449654
0.003596286314
0.010192203741
0.019388166765
0.020846672662
0.000244722984
0.000241730397
0.000534923707
0.000236597846
0.000246128785
0.007473164792
0.008564548767
0.010213912979
0.003963541641
0.000236460029
0.000532041691
0.006601974063
0.000241825671
0.00023513522
0.000527834135
0.000237417594
0.000531024367
0.00654588382
0.007128163779
0.000236175748
0.002064739275
0.00023811365
0.000245969972
0.000246910729
0.000244659638
0.006680075504
0.00382335374
0.008446241554
0.00024340475
0.000238526281
0.000531341483
0.000237431676
0.000532874894
0.004983498664
0.048461101957
0.000235470433
0.000238352405
0.004075675728
0.008737537056
0.000237076236
0.000530094955
0.000234791116
0.001414252773
0.002884656205
0.006000260795
0.000237946682
0.001147729927
0.000240755565
0.001510374065
0.000235423009
0.000236147111
0.000241211554
0.004774322967
0.000236849008
0.001128107963
0.002584628904
0.010984603624
0.000235173059
0.000237594056
0.00052864352
0.000233692284
0.006873183953
0.007455396378
0.002083318423
0.000236349815
0.00083135786
0.002922486721
0.023818407388
0.000240892552
0.000235691589
0.000819687831
0.001417690408
0.005589195668
0.000240586121
0.003196255241
0.00660211137
0.000822196034
0.008941402945
0.000235275344
0.002603197964
0.016013782574
0.000245692556
0.000238778738
0.000239401553
0.005343967664
0.000235787098
0.000525761313
0.008854829009
0.001143954223
0.003184102188
0.000235702292
0.000238918208
0.007294933023
0.00052792968
0.004087985141
0.00467007103
0.000854898976
0.000235333266
0.006245284347
0.000529779144
0.000243426788
0.003232625039
0.000242956276
0.003483096482
0.004078657464
0.006407037496
0.015058068823
0.075320359436
0.000527431463
0.00023594868
0.00024357034
0.004526041978
0.000238664204
0.001417653954
0.009681166125
0.000527039662
0.002342518748
0.004092477901
0.0115632736
0.000241202091
0.004095600143
0.041484039486
0.000236494781
0.000238095873
0.000242561068
0.011178297084
0.000243517074
0.000851793956
0.008384764877
0.001718625185
0.017446613412
0.026921168414
0.0002339743
0.000234705767
0.000243131828
0.005569794572
0.006750366365
0.015168769011
0.040338037043
0.004357546901
0.006108907107
0.01607385956
0.000240203016
0.025486016936
0.000235779454
0.000241464993
0.000237521081
0.014044319504
0.000828782776
0.011365855379
0.000240056747
0.004631202282
0.000235707792
0.00052813826
0.006786444239
0.021773702606
0.000240330885
0.003675747041
0.000241742047
0.001165555145
0.007962240091
0.020431059781
0.000242282376
0.000863085324
0.000239440913
0.00316680852
0.015402298776
0.000527153527
0.002997857117
0.000239649164
0.000238530793
0.00023642043
0.002750763737
0.004956488315
0.010823234812
0.001789388682
0.009131348537
0.014003592223
0.037077390448
0.001172360532
0.005023574552
0.015436691815
0.000241318109
0.000242767648
0.003278333569
0.000237357033
0.000831268711
0.001414195646
0.001122873852
0.016756383567
0.000243793009
0.001166817727
0.000239472231
0.005660592271
0.001146040523
0.003994491636
0.007561726218
0.000243116316
0.000241518983
0.00545962243
0.000245711857
0.000246081937
0.000236344261
0.000244243417
0.00114859401
0.014364739612
0.001416219737
0.000247137525
0.001109076601
0.009051720873
0.000535086503
0.000528748132
0.000235958562
0.000240646151
0.000241016233
0.000246074225
0.000824538831
0.006371006688
0.000238256286
0.001135668868
0.001718574372
0.010228620634
0.000241750953
0.000840163548
0.001726363104
0.000241661578
0.010271702132
0.001134781779
0.003795752554
0.000530966168
0.001419204618
0.005820634006
0.017518923899
0.000234109958
0.007645784001
0.000234617763
0.000237752348
0.001759037044
0.002926375754
0.006920178862
0.002903049962
0.003778078973
0.010213134666
0.007966841692
0.001144040042
0.007327898107
0.000243823856
0.000833044849
0.004231131586
0.001421212946
0.004653282749
0.016476152636
0.017074480733
0.001467241414
0.005658978018
0.000235142871
0.000244986225
0.00082433174
0.003179326818
0.004928922542
0.006945096151
0.000234990018
0.000236009535
0.001111929357
0.000236421703
0.007387439874
0.00084593321
0.000529374842
0.002587032985
0.006383001284
0.000238150327
0.007810791206
0.000236320008
0.004443642275
0.008912432835
0.000825209838
0.004627733967
0.006710861661
0.001157436113
0.000237184468
0.001163312961
0.000240965266
0.005014108763
0.010419937528
0.000527120586
0.002468363025
0.003253473077
0.000534175795
0.000239963684
0.002877814752
0.01140608367
0.000237417063
0.00023956125
0.007130543335
0.000235790404
0.001141335592
0.008360433389
0.000240712246
0.000240412133
0.000237618811
0.001149918358
0.000234078395
0.003865686415
0.00082030438
0.003066627683
0.000241927567
0.000242957311
0.000849862807
0.004164598593
0.000531854291
0.000244793422
0.004985971662
0.000242033242
0.002067592319
0.006326641726
0.0002442804
0.000242549976
0.001155269828
0.000532165904
0.000243245373
0.005769186739
0.015099634406
0.000861341853
0.004414875917
0.006414604391
0.000238529526
0.000245277004
0.005822590864
0.000243127374
0.000244034754
0.008224664977
0.001137806651
0.000234476855
0.000536885495
0.001153316255
0.005876862611
0.01481495108
0.01635968697
0.000826035967
0.000234279823
0.000235114555
0.001109634344
0.002352386279
0.00798281031
0.000240234181
0.005719654378
0.003583438054
0.000241047566
0.000235784138
0.000236131713
0.000245786042
0.000825353111
0.000241648977
0.002365295083
0.006675805359
0.000245875659
0.00024675177
0.000233971399
0.000246265064
0.008417817522
0.026989944934
0.003634628457
0.000241056048
0.00081790363
0.001827552677
0.000236312555
0.000821215047
0.000235427481
0.000242281876
0.0002424202
0.00024707426
0.000241122914
0.000836814908
0.007505205576
0.000239090822
0.006073513265
0.010943364071
0.04595338984
0.000237180135
0.000234311451
0.000526032871
0.001148987819
0.002633915016
0.011442389392
0.000241887672
0.000234729767
0.001133948863
0.000238383626
0.00296476176
0.000247247788
0.000242899237
0.000240073994
0.000242514077
0.004537942277
0.008470664292
0.021065378139
0.000530741334
0.009488812395
0.00023474916
0.000527261844
0.000242647437
0.000245724292
0.000237516807
0.000244607763
0.000237034083
0.000243601565
0.000841856144
0.005391977888
0.000538704623
0.000241550503
0.002969176867
0.003926775481
0.000235105529
0.000243757386
0.010215561125
0.016867435105
0.001138592935
0.000245302807
0.001119790342
0.004819752258
0.015549866382
0.00024555511
0.002057120074
0.000234604161
0.000242925751
0.000246836289
0.000241990974
0.000238429671
0.000239110314
0.002052476661
0.000246595714
0.003691608995
0.029461530662
0.000235637091
0.004630226014
0.000246253384
0.002102548543
0.000234894396
0.000234915476
0.001758702389
0.000239562421
0.004409049119
0.000241044485
0.000240225932
0.000237889688
0.000245675303
0.000246454462
0.002668889507
0.049691237552
0.007283008931
0.000244292814
0.040750187515
0.000244848114
0.000236213288
0.000241053201
0.000244639447
0.003946302856
0.000246954793
0.000244738598
0.003617215446
0.000240784264
0.000235490687
0.000527491553
0.000245244064
0.000242665472
0.000244749348
0.000246386236
0.000852750329
0.000240370831
0.001760762437
0.005071302305
0.000241108775
0.000241022254
0.000240810318
0.00024170153
0.006480913064
0.000245494639
0.000239180859
0.000243950909
0.047939735767
0.000819489781
0.004229106426
0.007419637654
0.000244813566
0.028468874434
0.006941788895
0.009552979227
0.004845432311
0.000240946483
0.049625362758
0.004987221785
0.000244046804
0.003957688445
0.000241467034
0.000239074321
0.000827525511
0.000234840701
0.000237868285
0.004493304326
