0.000237426778
0.04480868505
0.011697613904
0.000236926994
0.000238421026
0.000235375354
0.000246938566
0.004777462467
0.000244137726
0.013114069945
0.000235946323
0.003885982984
0.000243293306
0.000234763101
0.00364579299
0.000246537721
0.000839963093
0.004691867424
0.002929009578
0.000853575494
0.007368062539
0.004091878421
0.004703505239
0.000245880695
0.001467504969
0.000240787006
0.003940267322
0.003224609459
0.004100935641
0.000242920504
0.000242003917
0.005382697958
0.000243156749
0.00118386468
0.000243003643
0.000244169583
0.00023522701
0.000844514914
0.002061335949
0.000237054846
0.003789167425
0.000246443952
0.001448826425
0.000238107539
0.000238573939
0.00023445028
0.000235659299
0.000235113292
0.000235254992
0.000245527857
0.000849303462
0.000244288553
0.000240312424
0.000240579036
0.000245958817
0.000239802798
0.000246489664
0.003663284261
0.000246342356
0.000240860762
0.000864238009
0.000239677725
0.000241798057
0.00053387128
0.000534353457
0.001699570337
0.000241877602
0.000527269425
0.002728196517
0.000240156208
0.002759259207
0.00115508264
0.000241683518
0.00053354446
0.000242372683
0.000241710642
0.000239343924
0.000824395727
0.003417257106
0.001461946483
0.008646602898
0.000236136756
0.001424477501
0.003490753063
0.000235456632
0.000236180921
0.003515822326
0.000534026742
0.000234998775
0.000526975286
0.001463981988
0.00023607959
0.000819217093
0.000529449493
0.00023626239
0.000236556925
0.001771621693
0.00023555029
0.000236680457
0.001432128721
0.003179633128
0.000236074329
0.000238034164
0.000833886383
0.000239774451
0.000239206233
0.000826309828
0.000237691863
0.00023855519
0.000243357146
0.000852377291
0.001732608422
0.000238950515
0.00023971511
0.000240666569
0.000244672137
0.003959789301
0.000243962243
0.000247606412
0.000239692639
0.0008611724
0.002087548656
0.001180592974
0.000859846025
0.000244386832
0.000244597631
0.000237733765
0.000530483921
0.000244389258
0.001730374168
0.002630181306
0.000239395136
0.001150485967
0.00024534844
0.000236851856
0.000237529825
0.000241032072
0.000533320941
0.00177620792
0.000241901867
0.000246885919
0.000245655675
0.000246852552
0.000245585296
0.000242464281
0.000241810083
0.000246625471
0.000242835605
0.000238028361
0.001169237218
0.002605852361
0.048304537497
0.000247373502
0.000243325645
0.003070210669
0.001739405922
0.000236285695
0.000236338857
0.000243861497
0.000242608897
0.000245280491
0.000241389139
0.000240894273
0.000241009287
0.000240498651
0.000243924821
0.000240092461
0.011820126875
0.000236258956
0.000245354272
0.000237474438
0.000236000293
0.000247088963
