0.000234650536
0.005113464557
0.00023370886
0.00052676509
0.000236874889
0.00052973839
0.000241381235
0.002352111165
0.000238797738
0.006078053425
0.000234599011
0.008256715289
0.00681701136
0.001136106002
0.016786187456
0.001805271448
0.000820217296
0.007257118388
0.005625022978
0.000246756249
0.005890732737
0.004976407973
0.003125806448
0.000246596731
0.000822712655
0.00692138828
0.000242672442
0.00231023845
0.004680239221
0.011256701344
0.000245644319
0.016179286896
0.023721033608
0.000531513035
0.002702386319
0.013665129334
0.005104922838
0.013848992998
0.026296637477
0.007965794762
0.000238872743
0.000240954493
0.000240147169
0.000239344009
0.002724883025
0.000244354834
0.000839453597
0.015110251847
0.011567183437
0.00176189803
0.008083070945
0.013791294024
0.014712990379
0.022955882856
0.042808857691
0.00024269683
0.003271968952
0.000237681844
0.002775852029
0.000235041931
0.002076976661
0.007614514
0.017732268914
0.00023816263
0.000239715583
0.00023993942
0.000532281437
0.000830928608
0.002338548058
0.018261304625
0.04664700686
0.055437530057
0.005464818359
0.007157051547
0.010362961947
0.010946683993
0.003259803305
0.000237156479
0.000528269799
0.00407151674
0.009468732287
0.000239305232
0.003158465271
0.008832183478
0.00023449551
0.000535541935
0.000236744927
0.001987634527
0.002572802796
0.007117266618
0.01611288372
0.019146232709
0.02940098445
0.000234448677
0.000236172838
0.006009166788
0.004800122311
0.007364459779
0.000816852934
0.014898591385
0.000241543728
0.003751908153
0.013894485779
0.000532197375
0.005899924728
0.000244111807
0.000237550408
0.000529451168
0.00516390427
0.030867053292
0.000244384585
0.002891320788
0.00833472799
0.008351743592
0.047251351558
0.002988409168
0.005674721014
0.025322993469
0.044333689979
0.003339058461
0.000818561375
0.009307830301
0.00238411522
0.023111260382
0.032645466289
0.006585395788
0.000237183643
0.002624878649
0.029231283634
0.001734122228
0.00053256769
0.006516121725
0.043568753272
0.000243482998
0.000242516154
0.00024260745
0.000864701015
0.000527082101
0.00746111376
0.007118727688
0.018389026948
0.019264114837
0.000246489927
0.000234558392
0.000527751702
0.000233634951
0.000241437809
0.005059467435
0.009621260366
0.003295512381
0.004188225899
0.000235573335
0.003319861037
0.000239232615
0.000243019089
0.000535718004
0.00023817787
0.000531784643
0.004119198418
0.007320569712
0.000238068359
0.002079631886
0.000236933607
0.000237064452
0.000238005209
0.000237544075
0.011655061895
0.007411632335
0.010209547562
0.000245941799
0.000234493316
0.000241521687
0.000526461534
0.000234128138
0.000531524846
0.004626778941
0.010566023916
0.00024630794
0.000233845455
0.003236655996
0.007544930999
0.000234381362
0.000527400081
0.000236290125
0.000819986983
0.002746551579
0.00594981945
0.000244908577
0.0011416917
0.000234968717
0.002997945645
0.000239841669
0.000240565771
0.000245740879
0.005682563116
0.000237672512
0.001128931467
0.003925652674
0.006446488272
0.000236758453
0.000242330777
0.00707211579
0.01724643
0.003936299374
0.000234747877
0.001149333023
0.002647074219
0.016889589612
0.000238243204
0.000235068342
0.000819064584
0.001991667856
0.006199953088
0.000239713494
0.003992634006
0.006069384584
0.000819013837
0.01020314459
0.000240870407
0.003647087053
0.008531939689
0.000243150603
0.000238120018
0.000238742833
0.004567388932
0.000240862902
0.000525803097
0.002859176532
0.001109359241
0.005012071593
0.000241898932
0.000236684072
0.003516262362
0.000237867943
0.001417031761
0.007688076489
0.000234974711
0.001108977088
0.000236142403
0.005154523151
0.000536693322
0.00024495713
0.006582460751
0.000235154115
0.00456571616
0.009310802931
0.003323402433
0.014401945104
0.02116580812
0.000534377949
0.000526325651
0.000239197694
0.004031631039
0.000245883519
0.002940156735
0.007868542354
0.00052730563
0.002191254727
0.006741618056
0.00732387164
0.000529774097
0.009105890607
0.027040793544
0.000239676189
0.000241277281
0.000244903927
0.015461633627
0.00024214977
0.000824426652
0.00954999362
0.002027351546
0.007666743721
0.020628567576
0.000245302935
0.000236308275
0.000238714193
0.003190933932
0.015485991507
0.011472618867
0.021436493406
0.003641912562
0.004348441846
0.031506371547
0.000525937946
0.012784762569
0.000241182555
0.000235401942
0.000237480758
0.01240060348
0.001767981593
0.01509448231
0.000234826548
0.004443621802
0.000234565043
0.001706280847
0.015861435809
0.000236679133
0.003720342551
0.000239127646
0.001745303068
0.009601564182
0.023328604706
0.000240287817
0.000835090765
0.00023529712
0.008208291361
0.018092737325
0.000529210933
0.003076543947
0.000237908844
0.000243024739
0.000238624966
0.003071500774
0.007482842165
0.021058379879
0.001163879392
0.006403210419
0.027019432474
0.037043277204
0.001158875198
0.006333068001
0.013381104261
0.000239485761
0.000238261077
0.004485950408
0.000239559797
0.000820550238
0.001111542072
0.001140280549
0.001723578999
0.000245026208
0.0011436708
0.000237279
0.00545900115
0.001721840897
0.002304958138
0.005398620656
0.000237412335
0.000242416529
0.008985400179
0.000235049149
0.000235419229
0.00024495995
0.000243147568
0.00116904142
0.006969053651
0.001452343493
0.000242437638
0.000244802137
0.000835471506
0.008053169759
0.000536823947
0.000533140776
0.000247232676
0.000244632621
0.000245002703
0.000239679179
0.000844143785
0.007036318689
0.00023568375
0.000833082507
0.001705864594
0.021002421328
0.000245543283
0.000843467352
0.001425595968
0.000237980558
0.016423992263
0.001137422045
0.00445730842
0.000531471853
0.001728769451
0.003489802229
0.010723827909
0.000233823933
0.004789986759
0.000245508636
0.000244096361
0.003536944983
0.047996251983
0.006090480446
0.003163795632
0.007588081716
0.013841633694
0.001143358968
0.001313980245
0.005961026687
0.000239673439
0.001475253085
0.004261790714
0.001427396045
0.006699149304
0.008447397332
0.012131192415
0.001784720157
0.014656186098
0.000236041135
0.049891023786
0.000239256972
0.001118303352
0.00286751836
0.003743601444
0.0069126558
0.000238248777
0.000235393106
0.001137312928
0.000241066356
0.005377098629
0.000839848242
0.000535575857
0.004942174499
0.010469385183
0.01579017747
0.000241446789
0.012431462381
0.000240338128
0.003667220173
0.005820618306
0.001142478476
0.001724550931
0.006569400804
0.001154865565
0.000235712851
0.001135841344
0.000242542346
0.00650374286
0.015495368625
0.00053915257
0.001718109224
0.002977521971
0.000533360886
0.000244079868
0.003237485967
0.005874805305
0.00024546474
0.000245626107
0.050176848773
0.000245026023
0.002020257505
0.007016123183
0.000233809687
0.000237413079
0.000246611385
0.001158910932
0.00023994095
0.003927900224
0.000867325082
0.002702505365
0.00024534463
0.000246374374
0.00085327987
0.004430262091
0.000533246107
0.000238127005
0.004771894412
0.000236270373
0.002087788399
0.006325485189
0.000242005896
0.000244719815
0.001183439667
0.00053706195
0.000244096869
0.005692316717
0.01992068218
0.000849216335
0.00208227116
0.004730233338
0.000245268753
0.000234775367
0.004001232975
0.000239897568
0.000240804948
0.006923215262
0.001130432743
0.000234103992
0.000538463755
0.00118251352
0.0096984657
0.006708656284
0.052830768697
0.000848184845
0.000236393815
0.000237228547
0.000844289952
0.00205859795
0.007219752546
0.000243845736
0.005783544535
0.004302047021
0.000240440697
0.000236901237
0.000237248812
0.000237312714
0.000822299311
0.000234823116
0.002957592751
0.013786320944
0.000235148024
0.000234795403
0.00023382699
0.000244901648
0.011457558091
0.029188936521
0.005764966379
0.000234312238
0.00084084971
0.001809131796
0.000241086789
0.001136946239
0.000237816841
0.00023415939
0.000234297714
0.000243896021
0.000240432829
0.000836124823
0.00666448729
0.000240808034
0.00496679092
0.006335158571
0.024835248021
0.00024283851
0.000817843609
0.002297844498
0.01103111144
0.00023715267
0.000243376645
0.001194595741
0.000238949445
0.005520918422
0.000235445809
0.00023655472
0.000239548755
0.000236911675
0.001436166744
0.001727513265
0.013387012828
0.000528233786
0.008268738844
0.000234347985
0.000526860669
0.000239549285
0.000240359638
0.000239365755
0.000240495212
0.000239837244
0.000240405573
0.010126742801
0.000844416273
0.006427091172
0.000529544383
0.000239520369
0.002980146733
0.002409489007
0.000239838676
0.000243046481
0.009771593152
0.013038258615
0.00112434444
0.000827745239
0.006211152096
0.025534258231
0.000236616353
0.002327497213
0.000242220468
0.00023747419
0.000240460224
0.000241758939
0.000238320546
0.000237468884
0.007982135371
0.000237612347
0.000244696718
0.000528204629
0.006986057048
0.000235821745
0.002734633745
0.000237478026
0.002066753419
0.000233753708
0.000525836289
0.001745206439
0.000236786105
0.003743642592
0.000243789303
0.000240194081
0.00023541562
0.000237396317
0.000237947493
0.00324688561
0.039136243993
0.005950859978
0.000241050486
0.008451923404
0.000243386356
0.00023680994
0.000241037111
0.000242859587
0.00416243039
0.000239062605
0.000237453001
0.007737934538
0.000236846618
0.000243687082
0.000535687948
0.000234077661
0.000236677455
0.000240845312
0.000242767074
0.000841883813
0.000245067095
0.002057592524
0.027270529728
0.000245652999
0.000237909905
0.000236785126
0.000237676338
0.003469382149
0.000244775165
0.00024474781
0.000243116884
0.036384386894
0.00086216835
0.004534836161
0.007602638291
0.000243883339
0.016830501829
0.004849996863
0.014021788519
0.003010057893
0.000241022568
0.00811517621
0.005039851767
0.000238090147
0.00362204141
0.000245456271
0.000237146231
0.000852114181
0.000234616858
0.00521022881
