0.000234650536
0.005113464557
0.00023370886
0.00052676509
0.000236874889
0.00052973839
0.000241381235
0.002352111165
0.000238797738
0.006078053425
0.000234599011
0.008256715289
0.00681701136
0.001136106002
0.016786187456
0.001805271448
0.000820217296
0.007257118388
0.005625022978
0.000246756249
0.005890732737
0.004976407973
0.003125806448
0.000246596731
0.000822712655
0.00692138828
0.000242672442
0.00231023845
0.004680239221
0.011256701344
0.000245644319
0.016179286896
0.023721033608
0.000531513035
0.002702386319
0.013665129334
0.005104922838
0.013848992998
0.026296637477
0.007965794762
0.000238872743
0.000240954493
0.000240147169
0.000239344009
0.002724883025
0.000244354834
0.000839453597
0.015110251847
0.011567183437
0.00176189803
0.008083070945
0.013791294024
0.014712990379
0.022955882856
0.042808857691
0.00024269683
0.003271968952
0.000237681844
0.002775852029
0.000235041931
0.002076976661
0.007614514
0.017732268914
0.00023816263
0.000239715583
0.00023993942
0.000532281437
0.000830928608
0.002338548058
0.018261304625
0.04664700686
0.055437530057
0.005464818359
0.007157051547
0.010362961947
0.010946683993
0.003259803305
0.000237156479
0.000528269799
0.00407151674
0.009468732287
0.000239305232
0.003158465271
0.008832183478
0.00023449551
0.000535541935
0.000236744927
0.001987634527
0.002572802796
0.007117266618
0.01611288372
0.019146232709
0.02940098445
0.000234448677
0.000236172838
0.006009166788
0.004800122311
0.007364459779
0.000816852934
0.014898591385
0.000241543728
0.003751908153
0.013894485779
0.000532197375
0.005899924728
0.000244111807
0.000237550408
0.000529451168
0.00516390427
0.030867053292
0.000244384585
0.002891320788
0.00833472799
0.008351743592
0.049617779266
0.00384294863
0.013133371334
0.007293657964
0.024861591294
0.003261415585
0.006516907891
0.009342812913
0.004264376336
0.01160608249
0.025734339791
0.005706702933
0.000241542013
0.005414913743
0.025049440819
0.001773543949
0.000531923342
0.004688069073
0.03870116999
0.000245632057
0.000245657885
0.000245749181
0.000854842746
0.000236449654
0.003596286314
0.010192203741
0.019388166765
0.020846672662
0.000244722984
0.000241730397
0.000534923707
0.000236597846
0.000246128785
0.007473164792
0.008564548767
0.010213912979
0.003963541641
0.000236460029
0.000532041691
0.006601974063
0.000241825671
0.00023513522
0.000527834135
0.000237417594
0.000531024367
0.00654588382
0.007128163779
0.000236175748
0.002064739275
0.00023811365
0.000245969972
0.000246910729
0.000244659638
0.006680075504
0.00382335374
0.008446241554
0.00024340475
0.000238526281
0.000531341483
0.000237431676
0.000532874894
0.004983498664
0.048461101957
0.000235470433
0.000238352405
0.004075675728
0.008737537056
0.000237076236
0.000530094955
0.000234791116
0.001414252773
0.002884656205
0.006000260795
0.000237946682
0.001147729927
0.000240755565
0.001510374065
0.000235423009
0.000236147111
0.000241211554
0.004774322967
0.000236849008
0.001128107963
0.002584628904
0.010984603624
0.000235173059
0.000237594056
0.00052864352
0.000233692284
0.006873183953
0.007455396378
0.002083318423
0.000236349815
0.00083135786
0.002922486721
0.023818407388
0.000240892552
0.000235691589
0.000819687831
0.001417690408
0.005589195668
0.000240586121
0.003196255241
0.00660211137
0.000822196034
0.008941402945
0.000235275344
0.002603197964
0.016013782574
0.000245692556
0.000238778738
0.000239401553
0.005343967664
0.000235787098
0.000525761313
0.008854829009
0.001143954223
0.003184102188
0.000235702292
0.000238918208
0.007294933023
0.00052792968
0.004087985141
0.00467007103
0.000854898976
0.000235333266
0.006245284347
0.000529779144
0.000243426788
0.003232625039
0.000242956276
0.003483096482
0.004078657464
0.006407037496
0.015058068823
0.075320359436
0.000527431463
0.00023594868
0.00024357034
0.004526041978
0.000238664204
0.001417653954
0.009681166125
0.000527039662
0.002342518748
0.004092477901
0.0115632736
0.000241202091
0.004095600143
0.041484039486
0.000236494781
0.000238095873
0.000242561068
0.011178297084
0.000243517074
0.000851793956
0.008384764877
0.001718625185
0.017446613412
0.026921168414
0.0002339743
0.000234705767
0.000243131828
0.005569794572
0.006750366365
0.015168769011
0.040338037043
0.004357546901
0.006108907107
0.01607385956
0.000240203016
0.025486016936
0.000235779454
0.000241464993
0.000237521081
0.014044319504
0.000828782776
0.011365855379
0.000240056747
0.004631202282
0.000235707792
0.00052813826
0.006786444239
0.021773702606
0.000240330885
0.003675747041
0.000241742047
0.001165555145
0.007962240091
0.020431059781
0.000237358154
0.000819161102
0.000238108871
0.001723502221
0.007562875814
0.000527004497
0.002971708087
0.000239387721
0.000246250446
0.000247054397
0.002696449172
0.003499026914
0.008204875229
0.006004313133
0.007648797876
0.021799427691
0.06433270753
0.001484738978
0.004945572896
0.022400044035
0.000244666953
0.000245950743
0.003578855233
0.000237742032
0.000818732473
0.001109724307
0.0017241358
0.005549927619
0.000239908204
0.001151724839
0.000239258589
0.005858595245
0.000833739534
0.002302951724
0.001782059617
0.000236130627
0.000237891753
0.011140479518
0.000240740502
0.000241110582
0.000240122545
0.000243726026
0.001154791857
0.007628453875
0.001441144275
0.000240424172
0.00023698383
0.00112849189
0.008254762727
0.000526148838
0.000527085608
0.000246802851
0.000243886518
0.0002442566
0.000241790147
0.001415476155
0.006734043936
0.000244889039
0.00082353566
0.00499334135
0.010322390438
0.000245707585
0.000837394944
0.00173773538
0.000244615397
0.006106162095
0.000828142414
0.003513986071
0.000536134899
0.000817180067
0.004962559461
0.015796663097
0.000246215299
0.007348166776
0.000235780685
0.000241645025
0.003703493647
0.026410682868
0.009442982234
0.003467219619
0.004646380765
0.009055318498
0.007250942327
0.001154969258
0.007503071161
0.000236435102
0.000839530935
0.004449795537
0.001128428638
0.020860203856
0.022334312587
0.031407163531
0.001780177417
0.007511908781
0.000235316872
0.047526654629
0.000246578444
0.000847852201
0.001734709032
0.002027154539
0.008946116867
0.00023593427
0.000233836604
0.001135756426
0.00024631499
0.008819333533
0.0008535521
0.000528291142
0.004104770616
0.005577577976
0.008797002908
0.000235455938
0.004474864085
0.00024544888
0.003867598807
0.004701221753
0.001136604085
0.004126898467
0.005462456567
0.001144370304
0.000239819479
0.001139947972
0.000235161728
0.006056093226
0.011696342282
0.000539480886
0.002300441309
0.003009778311
0.000537072941
0.000238410559
0.002373203405
0.008863248143
0.00024147651
0.000238746723
0.000237114661
0.002032842299
0.008502431888
0.000234145763
0.000244856985
0.000243052117
0.001155351664
0.000243504857
0.004251621301
0.000832721045
0.003366291148
0.000243699108
0.000244728852
0.000851634348
0.004999034402
0.000532806139
0.000240783012
0.005299767043
0.000240903724
0.00210542175
0.004788228996
0.000242568509
0.000246093287
0.001158813139
0.00053315062
0.000246606919
0.010726046396
0.00853111084
0.000844080419
0.00451912899
0.000238959095
0.000237937495
0.005698251355
0.000242363744
0.000243271124
0.00557412728
0.001162719097
0.000245650856
0.000526105916
0.001123727481
0.00655403069
0.011448804848
0.038444745673
0.000836545073
0.000238184056
0.000239018788
0.000859080193
0.002328506858
0.007371255923
0.000241802575
0.007489226594
0.006451746813
0.000233850547
0.000243455545
0.00024380312
0.00024291648
0.000827110723
0.000525484492
0.002338350174
0.006737217122
0.00023834274
0.000234528602
0.000243080404
0.000237658708
0.007571265779
0.013253425921
0.005955483942
0.000241720061
0.000820924189
0.001779419651
0.000241966057
0.000848598104
0.000240004294
0.000239458465
0.000239596789
0.000240427248
0.000245525244
0.000867217238
0.008952666269
0.000246563183
0.0102215779
0.030671304914
0.000240166102
0.000858126446
0.001133400731
0.014151980019
0.000240749095
0.000238647777
0.001163866873
0.000244330517
0.005848450579
0.000234969156
0.000236403889
0.000244231394
0.000237703998
0.000829162196
0.003203701289
0.010286836153
0.000538369866
0.009844696204
0.000234709586
0.00052722227
0.00023809971
0.000240463297
0.000241303709
0.000235087759
0.000247525506
0.000247062524
0.005386001107
0.005176065176
0.017699060715
0.000531849909
0.000240711134
0.002956548798
0.003900912863
0.000236809293
0.000235843221
0.007383764757
0.008865246889
0.001161042441
0.000238345304
0.001125832336
0.005155873391
0.031081768022
0.000245856665
0.00023581168
0.000243409467
0.000245518157
0.000239598727
0.000234794023
0.000236321495
0.005331323274
0.000236173175
0.000245852322
0.000536455731
0.0052413327
0.013744892665
0.000241379848
0.00451182771
0.000242244092
0.002078520238
0.000241471451
0.000241492531
0.001803150856
0.000237905432
0.009326015754
0.000240749537
0.000239555594
0.000236965379
0.000238789291
0.002943220226
0.034128378975
0.008638566744
0.000243403511
0.023379065373
0.000241825944
0.000238863125
0.000237666927
0.000234224491
0.006596396101
0.0002460253
0.000234165357
0.008181962509
0.00024265808
0.011292222646
0.000241075434
0.0005330763
0.000246121221
0.000245006599
0.000245427566
0.000243714456
0.00084495552
0.000246728091
0.006341658555
0.014583530137
0.000239043333
0.000246680108
0.000240899492
0.000241790704
0.003053346651
0.000240031325
0.000234521755
0.000239598445
0.021171243765
0.00082088756
0.004389385654
0.005220557649
0.000242252792
0.041465624315
0.006398503853
0.004457941207
0.004937395473
0.000241809054
0.050569320421
0.004842952428
0.000237181048
0.001415131872
0.000239644345
0.000234135008
0.00083591488
0.000237390876
0.00024634
0.005294438224
