0.000536253548
0.010728473028
0.038353263967
0.000237175164
0.000538722808
0.000534355147
0.006442828768
0.00023792888
0.000235241856
0.000243534888
0.000244695772
0.047225026579
0.004844692701
0.000528088569
0.002632826063
0.00023632132
0.001482931919
0.00024410144
0.000234538311
0.005499108937
0.000534684299
0.008061248973
0.022558807372
0.002095741275
0.005645620788
0.00913046847
0.000240209921
0.000237295597
0.003936413288
0.000238814398
0.000535997579
0.0100076584
0.000234789752
0.002901266056
0.005564887824
0.000234874654
0.000239106618
0.000237367376
0.006266500752
0.005009500023
0.000234510101
0.00142734428
0.013662357606
0.010639627821
0.020474435435
0.001457611467
0.001158568986
0.003286869609
0.007226886431
0.015136779754
0.000235584518
0.011303890345
0.017798646224
0.005755531655
0.011273291513
0.023103498828
0.005370308898
0.000235963908
0.000242844449
0.00452087341
0.00475640533
0.000235085618
0.010670189588
0.028673215646
0.000238774385
0.000243801378
0.005356790694
0.000236761995
0.001137895788
0.000235742042
0.000237111395
0.000243615242
0.000234425771
0.001460755524
0.000235742262
0.001501154923
0.007240982395
0.046819138342
0.000237189055
0.000246156772
0.000245903181
0.000235369077
0.010437144175
0.061068108813
0.000242899648
0.001802587463
0.005913144751
0.024160095153
0.000242622545
0.002094311438
0.000234188008
0.000234939371
0.00179251518
0.000245266407
0.000854225343
0.000525976024
0.006172032256
0.000237780405
0.000237928507
0.000239377564
0.001109370936
0.00023694418
0.000240783552
0.00083662432
0.000243714079
0.006895524561
0.000245143736
0.005150566328
0.000241442803
0.003969348857
0.001447282378
0.000242411465
0.000242721758
0.000244267101
0.001830389921
0.00024288239
0.009916498033
0.000241728386
0.000236674343
0.00024503156
0.002795568108
0.000246070536
0.000246222945
0.000526189978
0.005484927543
0.00862068123
0.000237826575
0.005978868316
0.001480179652
0.000247137877
0.001795328528
0.011684737595
0.018173744936
0.000235556116
0.002099258759
0.00024126914
0.000235372949
0.000241769391
0.003170771802
0.000236785366
0.00023531665
0.000533492339
0.000233466133
0.003352638769
0.00023455171
0.000244111493
0.000244126344
0.004124573016
0.00619291848
0.000236777703
0.000237106379
0.000241376671
0.000242133635
0.000238697896
0.000531272465
0.001127705054
0.000242383169
0.000244500434
0.000244763471
0.000233591325
0.007482452007
0.00023542738
0.007076369162
0.00024094095
0.000238910473
0.004240415821
0.0002451235
0.005575508186
0.000240587799
0.000825277073
0.00024212122
0.000242776779
0.000235708904
0.000235873484
0.000528784144
0.003875957684
0.005295862946
0.000235576468
0.006724636493
0.004247236017
0.000823201899
0.011664107803
0.010598223272
0.014980207297
0.046123942612
0.000528806203
0.003759428091
0.000236760736
0.001124673204
0.006024220976
0.00053219918
0.000242663033
0.002359254582
0.000816760033
0.000234416642
0.002682063448
0.000528933247
0.002874803006
0.000242081856
0.004096809075
0.005728277216
0.00023595571
0.000844088085
0.000235362792
0.000235494904
0.007888446587
0.000241193173
0.000235052282
0.002067679433
0.007858761797
0.000237119987
0.002353843579
0.000534497233
0.000242929121
0.000242980154
0.000824069129
0.007046096265
0.005466785185
0.005692418936
0.000244763992
0.004083449227
0.00731100607
0.012624706492
0.007690240239
0.000842320147
0.002096297411
0.00238118056
0.002306212018
0.004997142388
0.000241228007
0.00144618044
0.000244954735
0.002057514001
0.003820379671
0.002669029533
0.006434091743
0.004294896072
0.000245347986
0.002943134778
0.000532810683
0.010673635329
0.000237595
0.000529892469
0.000821239389
0.000244499887
0.000234244453
0.001767981712
0.000243378558
0.00024103373
0.000862714899
0.000235115536
0.000846262828
0.000835560181
0.000241743373
0.000237848434
0.003848627118
0.000237649709
0.001455413284
0.000244925875
0.000234575552
0.000525485418
0.003443494857
0.000243886985
0.003765041417
0.000239200396
0.000238639595
0.002176253552
0.000240255109
0.001446402643
0.000826181129
0.000240386405
0.000234944127
0.007749152354
0.000235561676
0.000236794496
0.000240225643
0.000245408921
0.000246872863
0.000238269233
0.001426612654
0.000236068796
0.000235907258
0.000527201447
0.001738555368
0.003221156094
0.000816847127
0.005824527075
0.000242118944
0.005048128563
0.000237468279
0.00052903627
0.000236944737
0.003862641541
0.000236191178
0.000238576205
0.000234596133
0.000245713798
0.001444348007
0.001469686551
0.005011450449
0.000243021665
0.000842973644
0.000240388812
0.005768133389
0.001144761223
0.002083797216
0.000237103818
0.00146856428
0.000245257658
0.001751405643
0.005087571235
0.00052906543
0.000820182116
0.005258497836
0.00024150063
0.004318791209
0.000534094921
0.000239048758
0.008427370352
0.000239882981
0.000241115228
0.000233866052
0.005360092658
0.000241888009
0.000238165774
0.000859571425
0.000831373051
0.000849027353
0.00213993522
0.00023912119
0.000531490873
0.000529388312
0.005614559193
0.000242382156
0.004268194741
0.000235034549
0.001124657914
0.006070068734
0.00024012592
0.000839193883
0.000245216008
0.000530212787
0.000238422761
0.000245352807
0.001442834528
0.000236418757
0.000835816518
0.000245014634
0.000243193715
0.000848949845
0.000818958162
0.000246143947
0.000536830796
0.000239236691
0.000527734329
0.000823478537
0.001183208355
0.001706813432
0.001746703935
0.000240013959
0.000243417402
0.000239342107
0.001143942417
0.000240480644
0.000848884814
0.000243016111
0.000245337712
0.000245162546
0.000237531226
0.000240188057
0.000235383975
0.00024543723
0.000235125899
0.000237136797
0.000237155449
0.0002418922
0.000243023133
0.000241159611
0.000238903379
0.000243099867
0.000237087266
0.000236196265
0.000235494659
0.000243418981
0.000241983084
0.000237650854
0.000245717552
0.00024486115
