0.000234880673
0.000530570834
0.009315072328
0.000245977963
0.010296293897
0.000533644634
0.021972818401
0.000239925079
0.000242052019
0.000236308165
0.000834453772
0.000240492758
0.078532278349
0.007581588739
0.000238743374
0.001481710036
0.000239962044
0.004200679813
0.002592829631
0.031761507797
0.034965506827
0.072177319814
0.000241711702
0.008919721503
0.033798176824
0.00023847853
0.006946415418
0.000241754317
0.000243576486
0.000866296381
0.004578443043
0.000242825506
0.024068821681
0.000236791478
0.000236887348
0.00841335354
0.041740932647
0.008792167932
0.000234331035
0.000241087432
0.000242390507
0.003388708249
0.000241985626
0.008248854624
0.004463946614
0.007391731067
0.012229819858
0.042169792321
0.00023957763
0.004689063924
0.018084653216
0.034781634945
0.005116708272
0.000236773891
0.004545094293
0.018654131017
0.060198730381
0.000235549718
0.00872392147
0.065821903302
0.000238661206
0.016237220874
0.005002515812
0.000238854901
0.000244057184
0.00024555441
0.005466840661
0.000528020061
0.003052986648
0.017538087503
0.036180533188
0.00023459956
0.002284723873
0.008998607444
0.016548273343
0.029666795426
0.035730206609
0.021319057725
0.062982967286
0.072459624175
0.073042802949
0.009110069032
0.012808848132
0.000239488442
0.012463493325
0.010215122763
0.011393570706
0.016443844562
0.026115852907
0.000243234047
0.000239045902
0.000526720005
0.002381109182
0.009114668799
0.000238311568
0.000238596344
0.006519385105
0.000241793762
0.000534574154
0.000238833753
0.025501058656
0.000239103106
0.014341045388
0.065587651992
0.017098471865
0.022664848472
0.000240620157
0.000245806504
0.020072177292
0.000537414906
0.015560154259
0.00289562212
0.005194287785
0.021457917458
0.038982004645
0.000234672655
0.007106833937
0.023367722721
0.00024189024
0.037767715311
0.054019907624
0.000244519767
0.009134419328
0.020756410545
0.041973152802
0.006184737612
0.000241991817
0.00052635045
0.006328842818
0.042894025421
0.06387224714
0.000235789346
0.026074476272
0.057333354268
0.000243061007
0.060546345924
0.06358849683
0.000235467003
0.015607885004
0.068087927373
0.006758431382
0.009413958326
0.000244061522
0.009702804358
0.009476849116
0.056405793953
0.088629120033
0.026792602719
0.06754479154
0.043000921878
0.063297313375
0.068040544358
0.007752372062
0.019742337424
0.000240782494
0.018683811218
0.029629539179
0.037121346572
0.045149642897
0.047836512346
0.000240128029
0.004074936019
0.0176939377
0.021186592969
0.000237010878
0.00024268892
0.002980993952
0.000238202326
0.000530664888
0.000245424242
0.022216476274
0.024865485191
0.004795216638
0.007119287134
0.031462946197
0.000242986031
0.003350295312
0.000242708669
0.006616223444
0.000246636416
0.037672992046
0.080623254484
0.003230949221
0.010755415504
0.014657492666
0.00024162722
0.004550536121
0.00052678247
0.002618678706
0.000243057531
0.000243313391
0.004500109752
0.000234687181
0.000525803806
0.005245372179
0.000235981382
0.000851359394
0.003196498304
0.027513290942
0.028692834126
0.00644056091
0.001423263032
0.011968675504
0.000242043222
0.001420901602
0.010110005225
0.000234118461
0.00023540318
0.001452876237
0.003289522327
0.002366080315
0.000845073988
0.00024522044
0.006934926788
0.00024240623
0.004752873706
0.000234887599
0.006996707431
0.072885307106
0.00175379965
0.000236915403
0.002075435781
0.005609497622
0.000237530859
0.000528530918
0.001695664337
0.007981451888
0.021460123959
0.007582151189
0.001406357514
0.04747322746
0.054366894805
0.0002396091
0.061908336028
0.074788254781
0.000526385097
0.000527268231
0.015461215546
0.07270096906
0.074666295193
0.000234754744
0.005144003826
0.000245769465
0.000240002529
0.007908356183
0.00024509453
0.00023531054
0.00229072019
0.019307239987
0.033677814068
0.075270185311
0.000236852771
0.001111549747
0.016470385131
0.020154214762
0.001113671305
0.006257526067
0.016005062973
0.002319540828
0.019833647979
0.000823748753
0.001419946601
0.008031517003
0.000236943583
0.004053935064
0.005648709779
0.000528420971
0.003757916926
0.000243164613
0.002086466087
0.000860907825
0.002644356521
0.000238362607
0.006154518958
0.000528020449
0.002073171446
0.000236092365
0.00024449189
0.004639552328
0.002272072659
0.00023851425
0.007490887149
0.011301397372
0.007824888192
0.000234025321
0.000526003181
0.000818854717
0.00198403353
0.01029842249
0.00023485225
0.000240836646
0.001116320321
0.015761106707
0.000243155793
0.000530122347
0.003620555364
0.002403733572
0.000236324982
0.004373708366
0.003220985315
0.005349839805
0.011798783375
0.000245629865
0.000850004733
0.000534356733
0.003046676228
0.000241518153
0.000242191601
0.003104868293
0.021512267325
0.000244197236
0.000825364109
0.014752923507
0.00343398367
0.000239083605
0.00083669744
0.000825224824
0.018242442097
0.004695181345
0.000234142599
0.000818714054
0.005130385048
0.000239209519
0.001457062235
0.008743598912
0.000236073848
0.013208187697
0.018807764575
0.007235313511
0.015586833097
0.000821024828
0.00991424428
0.028560953515
0.000526489642
0.000243298712
0.005469806435
0.001718751609
0.010796237685
0.001129767848
0.031338847497
0.044591668163
0.004395837014
0.01471279895
0.000245991375
0.000827586828
0.006731131008
0.000238604943
0.000534870658
0.000234712187
0.000237573372
0.003428623643
0.000242375839
0.00181373657
0.000245033602
0.006503768563
0.038061718868
0.006272321404
0.04039797486
0.000236406813
0.000237234375
0.000235073928
0.000527282834
0.007288503413
0.026082254533
0.000244396077
0.000236532767
0.008744354327
0.015083275695
0.00024260446
0.000531720098
0.000532125572
0.010267073495
0.0172530424
0.000537038938
0.000529822045
0.027666019977
0.000529925829
0.009183060157
0.043114418571
0.000239566172
0.006523671414
0.000237944063
0.000236694181
0.000242120785
0.001125325144
0.008358920238
0.000243330458
0.001112175433
0.000237979982
0.010005216367
0.000236426238
0.005014967505
0.001523791721
0.000238179601
0.006690267339
0.000245469656
0.000242120034
0.000843254421
0.007856240855
0.000240091352
0.000241045049
0.000533727513
0.007856428751
0.000235503475
0.000530154224
0.013419196873
0.030845163923
0.000236943292
0.001116163453
0.000246183641
0.000233518026
0.002987162288
0.00551231274
0.02355382665
0.00023736772
0.001163949667
0.000235717499
0.007452114032
0.016417042922
0.000833318115
0.010263621156
0.000237346579
0.003781737342
0.006070357469
0.037659644584
0.000852726931
0.00024201352
0.000837183988
0.000241971706
0.006855511579
0.008313424403
0.014213437546
0.00023910132
0.008191687983
0.018609970519
0.002635060731
0.004107382182
0.00082048044
0.006654451811
0.051702371523
0.000237187222
0.001998425146
0.015187263108
0.009034001063
0.005305573779
0.008342955146
0.002356568456
0.007098907004
0.000243817229
0.000244033052
0.004582419964
0.000242791229
0.00119566273
0.000241708734
0.00944579309
0.028740967429
0.000243958854
0.000823133823
0.003218095305
0.005561770161
0.003192954459
0.008411156634
0.000245924037
0.003287645616
0.000534677413
0.007897504989
0.001997603225
0.005126812508
0.005835909375
0.000241425355
0.000820303509
0.007050501774
0.018564178561
0.000240384055
0.002092925924
0.000240897958
0.000240993572
0.00024290514
0.000243989439
0.002968492501
0.007792515003
0.003709059652
0.000235903087
0.000240808731
0.00205931154
0.005582069562
0.012590880363
0.003485584411
0.015559139174
0.023460095201
0.003208548245
0.011374386797
0.013172164392
0.066699569071
0.000824150045
0.000234199293
0.000818675343
0.000238749894
0.003648932124
0.00024100836
0.00053123988
0.007577577936
0.000236483115
0.004330604683
0.028013744051
0.004070852384
0.000238611746
0.000834468009
0.00023612717
0.000240027208
0.005319214554
0.008247951424
0.000526658279
0.000236547195
0.004831553891
0.009532303724
0.003191064286
0.006852266868
0.015932519746
0.012603799436
0.050134873437
0.064547580584
0.000246472896
0.001146400473
0.009135151234
0.000235521174
0.006522991382
0.004543105657
0.012248865543
0.012833552441
0.019740841067
0.000246077708
0.000529837858
0.001139583394
0.009666090396
0.00487812261
0.049173610683
0.105225007198
0.004252513833
0.002648834643
0.012588300811
0.001147229483
0.012672602088
0.000247075747
0.007014451761
0.003443031728
0.003794881494
0.001139569837
0.00253424299
0.014600988879
0.000241303689
0.002636378171
0.025023521194
0.000244925209
0.000535684574
0.000242926458
0.001174084868
0.000239888183
0.00232621317
0.01392228442
0.002701611687
0.006272690137
0.003660713078
0.000537171099
0.034876649003
0.045624482898
0.000526726007
0.000829390624
0.004505628586
0.019531819326
0.012000079468
0.000237609554
0.002670798443
0.008408425025
0.003610216954
0.00228440926
0.006934941338
0.013054456346
0.000529709081
0.003177950654
0.020245203563
0.00023338262
0.000236252507
0.003296753724
0.000240739633
0.000828420986
0.000238213011
0.010773998033
0.014890601043
0.003789898894
0.000243735911
0.002968153231
0.00023580178
0.000239518352
0.000847725193
0.001752688184
0.006147807833
0.000818055592
0.011968450688
0.015474017032
0.000238231819
0.005930881273
0.005818152787
0.000239017753
0.003839238431
0.000237110475
0.000240308175
0.000238228746
0.002001478872
0.000820288523
0.000234624293
0.000241605754
0.004854671365
0.000244993745
0.000246561824
0.001133036906
0.005010951373
0.01120748053
0.015009776442
0.00260251079
0.005845985746
0.007376507892
0.025530928535
0.037530598525
0.000845253959
0.000243426849
0.005715044714
0.001793328713
0.000242489797
0.009437852878
0.000826532848
0.000246590313
0.005296848195
0.008288911358
0.000235813661
0.010640789792
0.0002348706
0.002769537754
0.003619688443
0.013388622581
0.009357316967
0.016046184129
0.002042239798
0.008823436565
0.000239623789
0.000847767507
0.001760537223
0.000240403583
0.000537411244
0.007718079209
0.000237280064
0.000532182674
0.000245307036
0.000245551048
0.000831750935
0.00540915155
0.004682292709
0.008975123574
0.006674952971
0.000238258136
0.000238687559
0.001477750058
0.00515488924
0.002972502384
0.007384925434
0.000240798273
0.00388854
0.000233829911
0.000236734976
0.00082782168
0.000238892815
0.001804243314
0.000834265186
0.000242420305
0.000533973839
0.000241174885
0.008797838803
0.002102141174
0.000853428901
0.0110681539
0.016635504456
0.000238697262
0.000829792613
0.001412625997
0.006198273975
0.001720236191
0.007334771132
0.000826607955
0.009433189139
0.000236255481
0.000238414321
0.000241346894
0.00024436025
0.001163278357
0.000533074052
0.002728461661
0.000239984225
0.000823281709
0.005634078366
0.001785229731
0.006347623121
0.00023510181
0.001447253161
0.011905969139
0.005504723055
0.007823972241
0.002434540276
0.000237230887
0.000858004531
0.000237154878
0.000237553071
0.000241696339
0.000244589352
0.000234627039
0.000527776502
0.003885113105
0.000241864435
0.011162211026
0.000233935384
0.000240820396
0.000835905453
0.006783059783
0.007368294851
0.00024531042
0.000826227501
0.007990027655
0.000242094793
0.003308846491
0.003906178825
0.004111662775
0.006154580354
0.000245410887
0.000839079506
0.00024163704
0.000241361221
0.007688292644
0.000239900036
0.004092492295
0.001145043518
0.007611001283
0.013227480458
0.00024429916
0.000852502851
0.000827741745
0.000238520575
0.000834508454
0.00203820875
0.001439303033
0.00652595387
0.007781741261
0.000845205176
0.000245856457
0.000853989887
0.000245589749
0.000240370395
0.00024396317
0.009607163497
0.016634809915
0.000236169711
0.048221474099
0.001126282124
0.002292692618
0.006757606904
0.002921872273
0.000244665259
0.000243467962
0.002332210916
0.000243569703
0.000242714039
0.001750803478
0.015339712675
0.000833192817
0.000243957769
0.000824811396
0.000236021271
0.002062794607
0.002366117893
0.000866186025
0.000237910637
0.000242588513
0.000237623512
0.006733621287
0.000838061794
0.000235916796
0.000856874597
0.00023593874
0.000242109265
0.003192902012
0.004729584984
0.005908534453
0.000246551084
0.000234765467
0.004892527392
0.000238513762
0.000842571009
0.001758818648
0.002284516213
0.007249028554
0.008426088994
0.000235123275
0.000817613097
0.000245987874
0.003907728806
0.000829594803
0.000533200043
0.001170891032
0.000241400011
0.000239577297
0.003302557558
0.000237637961
0.000537926742
0.002322268166
0.00790573238
0.002952150281
0.003536138159
0.000242029046
0.000244034649
0.000243553914
0.000856776519
0.0002427034
0.000535572149
0.00024155881
0.000830369976
0.000236658935
0.003844390015
0.017767111761
0.000236887287
0.002424633321
0.000243629706
0.000530065487
0.00228936528
0.000235439804
0.000857164967
0.008604286928
0.000234735006
0.000526074454
0.000245175475
0.00382236594
0.00557210732
0.000240509572
0.000240917318
0.000245094823
0.00084216847
0.000241109406
0.003252094785
0.033368492332
0.000246504443
0.001138946504
0.002884061626
0.008991634026
0.000246947219
