238
191
191
228
216
48
42
44
39
52
46
85
125
133
76
90
57
45
47
39
59
48
55
57
65
56
80
62
69
91
82
71
88
72
83
109
77
52
171
187
106
82
150
81
49
145
66
202
258
228
166
174
123
123
120
164
139
135
96
111
142
111
141
108
107
110
106
97
129
118
113
114
94
92
125
98
120
81
96
89
113
114
116
118
117
141
127
130
132
111
252
212
132
140
145
137
241
209
141
119
138
84
127
75
110
112
115
132
150
147
132
172
141
184
171
151
139
159
166
113
158
187
180
171
156
158
150
123
224
369
121
423
247
262
482
214
205
139
496
145
276
182
115
221
189
187
183
234
246
293
299
330
283
352
451
326
186
191
229
111
506
228
583
169
372
417
299
308
457
239
381
240
225
358
331
244
303
303
298
257
291
245
99
150
265
161
59
326
84
277
306
116
271
284
304
36
55
292
48
74
