66
66
119
79
77
76
37
81
60
224
70
74
85
76
84
64
86
64
81
67
83
82
89
88
85
98
98
111
95
172
114
172
132
166
196
180
89
89
91
174
153
76
53
84
60
66
156
134
97
110
126
109
86
100
118
105
106
115
124
104
98
104
97
112
95
99
103
121
101
112
133
235
232
289
161
305
129
118
114
332
113
317
172
150
80
393
239
218
295
199
268
106
139
448
459
119
470
160
113
137
88
128
81
91
431
317
55
39
456
399
73
132
148
64
152
158
105
107
108
97
91
94
99
344
384
87
287
322
85
259
248
82
405
191
75
342
71
60
213
332
335
243
354
46
41
37
17
17
4
5
