65
68
121
79
77
76
37
81
60
208
69
73
101
77
97
65
93
62
77
59
70
60
86
77
70
73
112
127
91
146
96
165
132
160
174
173
73
82
79
175
147
66
51
71
78
75
157
134
80
115
130
121
91
115
130
100
117
126
128
97
92
118
111
121
91
114
88
112
101
125
116
219
228
285
150
287
139
109
111
288
90
304
165
153
87
417
266
228
281
213
274
109
147
445
416
129
466
157
108
158
96
133
85
110
413
322
66
43
442
396
88
147
152
70
149
162
108
97
97
96
92
93
103
350
369
90
260
322
87
254
228
79
353
196
72
314
65
58
222
299
303
244
316
46
43
40
15
16
4
5
