259
240
197
223
216
44
48
49
33
42
33
70
90
100
66
63
48
59
54
40
68
63
72
75
73
61
76
69
64
88
94
65
87
76
78
112
71
73
178
212
97
75
143
72
57
182
84
185
235
202
139
177
122
160
138
171
129
128
89
129
122
126
111
127
97
106
89
105
122
106
91
119
90
83
124
93
101
87
87
82
117
112
119
119
122
146
88
117
132
134
261
231
160
134
158
137
270
244
141
133
171
92
121
108
110
112
143
145
165
174
161
181
144
179
176
139
191
148
145
144
155
193
132
167
174
179
183
121
224
386
123
429
284
273
541
215
176
135
501
150
293
193
102
215
184
183
223
251
259
273
299
318
296
330
387
362
209
176
220
112
456
233
579
187
354
443
270
313
416
236
411
256
245
332
328
253
329
309
318
269
297
294
93
137
264
143
71
310
95
358
390
111
269
316
328
42
65
342
40
79
