66
66
119
79
77
76
37
81
60
224
70
74
85
76
84
64
86
64
81
67
83
82
89
88
85
99
100
111
96
172
115
177
133
164
196
180
89
89
91
177
153
76
53
84
60
66
152
131
101
111
125
110
86
103
118
106
108
120
127
101
98
102
102
117
96
97
104
125
99
115
132
254
239
292
163
315
135
127
125
336
99
322
169
145
88
395
251
215
316
206
277
114
142
443
450
127
488
164
114
150
96
147
88
98
376
308
55
40
434
377
61
143
143
65
159
152
101
101
105
91
95
96
93
352
366
77
250
322
76
258
227
76
372
171
71
310
70
61
220
323
299
234
315
45
40
38
15
16
4
5
