18
21
17
24
17
7
10
11
7
12
4
18
20
27
19
19
14
20
21
17
23
21
29
28
30
26
24
25
24
29
34
29
27
21
25
22
43
43
0
0
25
52
4
44
41
4
49
25
36
43
33
33
36
42
41
43
41
41
27
29
30
35
37
38
39
36
38
29
37
42
32
30
23
28
47
21
35
32
30
25
40
44
36
41
36
40
42
34
42
42
10
2
77
31
89
78
20
15
69
62
81
28
35
34
33
31
25
31
34
41
39
39
31
35
43
36
33
29
26
30
25
31
36
30
28
30
37
26
113
44
21
21
140
122
62
93
87
19
28
23
136
40
20
63
35
26
32
60
63
58
63
46
48
62
46
41
90
90
103
58
128
98
83
78
34
32
71
59
111
71
115
88
75
100
101
71
91
71
80
70
48
61
62
60
46
68
40
49
43
44
51
56
52
52
50
25
36
50
15
50
