15
12
12
25
20
11
10
15
12
15
14
33
34
39
26
29
14
10
14
16
24
21
18
25
31
17
24
21
27
32
32
27
22
27
31
31
46
40
0
0
27
47
5
41
35
3
45
34
6
10
36
32
40
43
39
48
36
39
29
25
43
29
44
38
38
36
40
22
39
44
50
32
28
30
43
18
45
31
32
24
32
43
38
41
37
40
41
44
45
44
7
0
76
34
77
78
16
14
82
69
84
21
34
28
26
24
20
34
31
31
42
38
33
33
37
38
17
28
25
24
23
32
34
31
22
24
25
29
105
35
28
17
119
111
44
87
87
22
23
17
111
34
19
62
32
25
31
61
58
60
59
57
50
73
50
46
71
91
104
65
117
104
66
55
38
33
84
66
90
81
106
89
71
111
99
73
87
69
71
60
56
57
61
62
59
69
27
55
45
46
51
64
50
46
47
23
37
57
15
30
