0.000242420359
0.000538619447
0.009995365194
0.000242352152
0.029028231271
0.029609140319
0.00052710968
0.021018870596
0.00023994886
0.000238305726
0.00023723784
0.000241095638
0.013873064553
0.123768854317
0.019166904393
0.020395421118
0.000235545768
0.000241488057
0.000239855157
0.00499629726
0.103304748176
0.025065620786
0.057147136543
0.068077109585
0.000244355017
0.020213125348
0.033924818403
0.000242291374
0.008175094525
0.000244933323
0.000243244577
0.031031408311
0.061282808152
0.003917500177
0.000236186711
0.000243123656
0.017191817091
0.037394015814
0.012595637327
0.00023579891
0.006915798363
0.000241721722
0.003032019065
0.000239280469
0.008952433036
0.030456595831
0.000234703774
0.028353539295
0.000239790145
0.004094015582
0.023492193077
0.0286064783
0.008943948855
0.000235940586
0.000243889342
0.008836977419
0.022505431387
0.060340338521
0.000247417224
0.005011056841
0.009698680434
0.000244567505
0.009602085973
0.006090744648
0.000236140444
0.004867286964
0.00024134723
0.006990153035
0.067000008361
0.079771015272
0.00024424502
0.007729348636
0.011406013998
0.014772153894
0.022507607955
0.031119427481
0.02135389004
0.007695826371
0.000241130586
0.000241459522
0.005793337974
0.004053268843
0.01976159289
0.030857562385
0.054056108589
0.05692056062
0.000237429656
0.000238719084
0.004963250227
0.042939314202
0.000240027405
0.000241352167
0.006207772861
0.000245159701
0.000246760943
0.000244725814
0.00265291034
0.000239071921
0.006944414601
0.0171175079
0.047630219622
0.003602479491
0.000244539734
0.011643337204
0.006891974211
0.021438004752
0.043098106217
0.050012330278
0.006742157778
0.018532407218
0.046690961128
0.00024405722
0.003839328875
0.004375027555
0.000237946843
0.01112515095
0.015226398302
0.061285672564
0.014112163989
0.057282756341
0.011551642044
0.001722664056
0.017864977214
0.054563378766
0.055889337019
0.000241011144
0.018609384121
0.03886638168
0.00024339654
0.000244474087
0.000242348799
0.000535816949
0.000239895518
0.035076524927
0.041035520504
0.06182436735
0.014409286884
0.012647122964
0.055423943997
0.013424796022
0.00024311382
0.002703729925
0.025454687984
0.069023633687
0.000236471369
0.004571091217
0.009019898388
0.017442475993
0.000244096123
0.009409268
0.011170665419
0.000241750689
0.029710712787
0.032053877217
0.034390324051
0.000239220747
0.002595720549
0.012417483278
0.014746670099
0.031541641164
0.000241277732
0.000242061156
0.00177702134
0.00024475466
0.000237791152
0.000239277582
0.006479563329
0.05502854654
0.059004996072
0.000236639914
0.000236147886
0.003111957485
0.000237104059
0.00499538766
0.030195957355
0.005241539213
0.015081776316
0.049500260894
0.000236220168
0.000529540702
0.004928626393
0.000241602599
0.010278780983
0.010861831634
0.001113861302
0.005412490245
0.032302196385
0.000238818386
0.000236117511
0.000527046906
0.005636988526
0.043542948845
0.061153956827
0.000235898072
0.000528751337
0.008178310641
0.00053107036
0.008382597583
0.005282226804
0.000234650951
0.000820621338
0.004948838632
0.000242059359
0.002624302866
0.000239560448
0.000241569503
0.003543477108
0.017740773688
0.000235187702
0.000527879468
0.010150710347
0.000245233567
0.005803063554
0.010140276058
0.006699252374
0.000238059919
0.001113696037
0.007439035478
0.000237678291
0.00082209808
0.001698293485
0.040744711067
0.004339943268
0.000236728348
0.000527668105
0.004456451606
0.054084049267
0.011120164634
0.067970335895
0.000529726793
0.002660160771
0.000240377066
0.006598269201
0.000235859182
0.000532272156
0.00637517153
0.048536857275
0.000235983859
0.00023944039
0.000531004615
0.007757283505
0.000234945321
0.006013442718
0.064110481369
0.004344430581
0.005510871419
0.063526624808
0.069642343776
0.002021932234
0.00350446859
0.00319880005
0.001128781233
0.005930687264
0.000528006249
0.003234001026
0.012084618431
0.003232705271
0.00023428743
0.000526094859
0.003545857048
0.00354790895
0.022541653667
0.000528028178
0.004543462277
0.000238072067
0.005332234732
0.000235954192
0.000236935095
0.000529952487
0.001171783189
0.007154408935
0.000238279899
0.004661711889
0.000235798729
0.002359676689
0.012295348633
0.06889736959
0.001442635619
0.00024182196
0.000526181682
0.008384282258
0.003830464129
0.002656811834
0.011977421142
0.000241470295
0.000825327113
0.00199073116
0.004194111828
0.013473390463
0.000235839089
0.001127014501
0.058583296362
0.062079473414
0.000233969356
0.002431157166
0.001169871786
0.008541254502
0.064237825197
0.002066576696
0.002305996967
0.00483998041
0.000244370844
0.000233640779
0.000525966714
0.000831328855
0.000239148832
0.000239048166
0.000243667135
0.000847245778
0.000526434185
0.001730700076
0.027408643008
0.000236117023
0.000528349963
0.001488199422
0.000241651747
0.000526752596
0.001136543809
0.000239369639
0.00053124611
0.001988491702
0.011967982866
0.029694510446
0.004490104256
0.000238619725
0.003802271272
0.016080359188
0.000242784395
0.000820637863
0.003190484702
0.000241517584
0.000246174431
0.00527995428
0.000531813752
0.007928875532
0.056013376243
0.003576370943
0.059619068482
0.000234982961
0.003269977152
0.00903521011
0.001141989077
0.014483885758
0.00639781251
0.02351832389
0.008994183439
0.011033160694
0.001110690917
0.000528157856
0.004993510861
0.031558278743
0.000244597794
0.00024354321
0.00114572811
0.00023511818
0.009744416947
0.00023510778
0.001706158778
0.000243885234
0.005080405226
0.001693144928
0.006255169964
0.058427107844
0.000243786985
0.000243823067
0.010352243921
0.021420114616
0.000241869129
0.004391660543
0.01457959807
0.017507510844
0.000244930488
0.012474857992
0.01695212682
0.010438460892
0.004768494936
0.000242365532
0.000533222126
0.002055554948
0.000235973841
0.007962377574
0.025193484928
0.063434176221
0.000245202172
0.000234141487
0.000527794616
0.00141652612
0.008689782065
0.00024355616
0.000240144042
0.014093708334
0.00052775625
0.00553812013
0.000237891784
0.000529897477
0.001124367612
0.000245869921
0.000240768069
0.007199850676
0.00024452076
0.000236901214
0.001717187895
0.008755516129
0.007364029252
0.003616659015
0.001430250874
0.001134632365
0.016593733716
0.02720305213
0.000243412995
0.006819938853
0.009022008333
0.000234484805
0.000241460136
0.000242296992
0.004817661307
0.00203458988
0.010392257539
0.000243491483
0.007631189816
0.000238002752
0.005360440735
0.001400499425
0.009478391665
0.000859393384
0.000526016407
0.002656995492
0.008498609834
0.000823094279
0.000236464194
0.000818700755
0.003957315505
0.006288121578
0.008574022183
0.022172536758
0.000240228889
0.000241000285
0.000822647157
0.003530487621
0.015422677847
0.008647482994
0.004036145503
0.010747222453
0.018549100888
0.000238969882
0.000244728114
0.00626521309
0.000233263452
0.000234820925
0.012862721156
0.027907308857
0.0002341617
0.002896431968
0.000242795105
0.00327172811
0.033362164222
0.000241218869
0.005942597572
0.012127054478
0.00023764926
0.003990833899
0.000838934321
0.012993550881
0.00024058107
0.009091881699
0.040423008092
0.002988479028
0.005434749943
0.007980388013
0.009462029207
0.000240024593
0.008434150324
0.009944198675
0.000237855558
0.001426627151
0.022165484886
0.023330856416
0.059111827462
0.000525157544
0.000526574898
0.004545031356
0.006551376252
0.002378412743
0.010337508924
0.000234073453
0.00023604919
0.006739171484
0.000245916931
0.006637154328
0.045017728884
0.010239199172
0.015733983297
0.040112872128
0.000837626378
0.00023395652
0.001452795524
0.007096174137
0.000234435242
0.002073422901
0.000243809692
0.000860363601
0.006475840408
0.000234078037
0.00052626285
0.004531615319
0.000244974992
0.003313016365
0.000241183997
0.003805365898
0.000529890726
0.004419481687
0.002059990136
0.006308521531
0.008942636185
0.020987296041
0.000823878028
0.000240313147
0.000244083723
0.00498401566
0.000233414571
0.004064863448
0.007855258475
0.010186691633
0.000234961586
0.000525724338
0.01726999595
0.000824247182
0.011601992161
0.015386129469
0.008677363906
0.004909195615
0.006990189707
0.000237499077
0.007289983495
0.008094044096
0.012471091308
0.00024225127
0.005833782392
0.00023643428
0.000237611583
0.003243784186
0.000244710669
0.000237472599
0.000527291758
0.005247426905
0.023865389319
0.003874238148
0.001435518011
0.015323225701
0.000233582528
0.000526060527
0.003214775472
0.009108813459
0.000244519393
0.014308329514
0.029209295733
0.038301696725
0.003669046363
0.000245157449
0.000237144179
0.010621358144
0.043381832021
0.004557449153
0.006066483892
0.000235595027
0.000241086064
0.007478242089
0.000237622114
0.00666319353
0.000245360483
0.001728000566
0.016457562393
0.000235907007
0.005309522394
0.000534914456
0.002057597988
0.016712755835
0.007593582346
0.005609079194
0.030074383308
0.049394835003
0.000245764338
0.006408298415
0.008184219738
0.020002069475
0.000244313917
0.003629033925
0.00023790479
0.000237224104
0.005939101782
0.013098013174
0.00334682704
0.000246605941
0.000239034154
0.004570704303
0.008943458827
0.000240424497
0.000241492013
0.004195484221
0.000234640167
0.004153695114
0.008668402465
0.004244669136
0.010405308985
0.000238005825
0.003212226489
0.015349555475
0.000533407453
0.000244329659
0.00024202597
0.012074571295
0.000235976969
0.000240967681
0.003523582629
0.012840402847
0.006853150598
0.021003389708
0.002336455263
0.01125417176
0.040350142942
0.000245145747
0.004257247626
0.007945254345
0.002319628899
0.004889585069
0.003779271884
0.013526792288
0.000237510623
0.000238901947
0.006829482623
0.000240879507
0.000531751068
0.000855896825
0.000237382446
0.000241262633
0.000235122368
0.0002456812
0.007516496597
0.003249884347
0.001720897595
0.027230951005
0.016121594451
0.001148485548
0.001723574487
0.010619909895
0.002007467516
0.002625961052
0.0196953385
0.000245586526
0.000855222661
0.00024506775
0.003730915892
0.000235911319
0.000236406628
0.00024131024
0.007643984244
0.010615913549
0.000239882003
0.00300261034
0.000853794472
0.009810591662
0.003981007496
0.007802376457
0.000237249379
0.007403876135
0.00301029856
0.000242141569
0.000864550859
0.001136052457
0.000235007607
0.000843308884
0.000828753326
0.000244969996
0.001129804486
0.008969765522
0.016127338897
0.01641895274
0.001446203831
0.020129734631
0.003885604124
0.000242673524
0.000246397084
0.005615429896
0.002311340937
0.00936912402
0.000243999417
0.000243762664
0.000866828217
0.000841555627
0.00241308862
0.004389313208
0.009152581462
0.002025806334
0.019858112148
0.029744579531
0.009274840442
0.011758462637
0.000840243525
0.000239648964
0.0023846971
0.002894618003
0.000236387618
0.000238483381
0.00117840679
0.000238242526
0.000242517832
0.000534234085
0.000865374882
0.000239841491
0.005210835466
0.000241213269
0.010406858559
0.039643739364
0.001127872232
0.002622199297
0.017834140165
0.001135946396
0.01061332433
0.000234830848
0.009703820518
0.003337402165
0.000234659721
0.000526137899
0.00024128872
0.000243404017
0.00024695272
0.003907171609
0.000234254005
0.001146099536
0.0035943799
0.000236042443
0.000239504442
0.002973544798
0.000240016258
0.001114706533
0.005148764504
0.001431370435
0.005117485602
0.000239112333
0.000234998024
0.001782299368
0.000528889912
0.005637899967
0.000865204372
0.000234915817
0.000861710171
0.000869308921
0.000244020954
0.000239819159
0.002369846636
0.000239738696
0.005436380254
0.007766379126
0.027767469753
0.000821872446
0.004082724202
0.000247171471
0.000238785675
0.000235669194
0.000238892804
0.000243572631
0.00727499214
0.000245942819
0.000236466235
0.000244996197
0.000242320291
0.000241085939
0.000235938971
0.000848851446
0.007937077005
0.0091420252
0.000245387821
0.000237395608
0.000237544597
0.000539258187
0.000243831431
0.007412147612
0.000238222359
0.000239544468
0.000242056952
0.000867324227
0.004803460486
0.000244001361
0.000244707106
0.00053265366
0.000238837798
0.021817635046
0.000236279381
0.000245156937
0.000238381523
0.004339275964
0.000845250605
0.000236453469
0.000826632354
0.002353174069
0.000243538528
0.000238991277
0.000234712893
0.004396152609
0.000537300053
0.001142568611
0.000234662653
0.003106738878
0.003691706039
0.000237253636
0.00082099716
0.000246198758
0.000852702061
0.00053214333
0.000236861469
0.002941245188
0.003838115905
0.004276226098
0.000235150012
0.000528205079
0.00140267431
0.006934576206
0.000235923859
0.000822735758
0.000244540156
0.000242607121
0.000244738508
0.002574692578
0.000826557408
0.00111742573
0.00525198851
0.006139534753
0.000240333425
0.000244040439
0.001124656279
0.000834727686
0.000235255058
0.000240733872
0.00085421349
0.000241891665
0.00023703318
0.000840664966
0.00118283813
0.000535285417
