0.000242420359
0.000538619447
0.009995365194
0.000242352152
0.029028231271
0.029609140319
0.00052710968
0.021018870596
0.00023994886
0.000238305726
0.00023723784
0.000241095638
0.013873064553
0.123768854317
0.019166904393
0.020395421118
0.000235545768
0.000241488057
0.000239855157
0.00499629726
0.103304748176
0.025065620786
0.057147136543
0.068077109585
0.000244355017
0.020213125348
0.033924818403
0.000242291374
0.008175094525
0.000244933323
0.000243244577
0.031031408311
0.061282808152
0.003917500177
0.000236186711
0.000243123656
0.017191817091
0.03721524255
0.017878510529
0.000235892057
0.007471787936
0.000243885586
0.003247114864
0.000237750479
0.002662689671
0.006757556161
0.000240476253
0.022463688438
0.000239211856
0.003875344325
0.016987476382
0.023137850694
0.010222593448
0.000237463167
0.000240263668
0.013251757289
0.026342227089
0.060428056401
0.000239953466
0.003673455392
0.050022361337
0.000237808052
0.011604862018
0.006483839248
0.000242628686
0.005855410192
0.000238135201
0.007165205449
0.031847467022
0.065531114299
0.00023758026
0.007395118429
0.009591050247
0.010755077181
0.018363248959
0.044340962663
0.00175600857
0.006574165988
0.000240823466
0.000244761241
0.000533004931
0.004943484758
0.002628945105
0.02709849884
0.029300021111
0.058801377705
0.000239626344
0.00024616921
0.00053412614
0.003604255691
0.007729962197
0.00023441885
0.000246913394
0.009015692492
0.000241260826
0.000533218167
0.000246005968
0.004138833036
0.000239278398
0.006595206227
0.016402710612
0.026425192958
0.005047969692
0.000243289429
0.006557176264
0.010669152786
0.021106480435
0.067643402255
0.007315490344
0.026922295828
0.030785415081
0.000236191239
0.005471050958
0.006345718367
0.000245820765
0.014498970062
0.022548884322
0.026218243794
0.011943702864
0.042269635055
0.005469273296
0.000529484586
0.013833104848
0.032303042242
0.05411295047
0.000237710494
0.01793932261
0.072490391094
0.000236468177
0.000237605144
0.000238341182
0.000531892048
0.000234624645
0.018553848626
0.06912879768
0.003928390556
0.014230868577
0.061899303752
0.00825796152
0.000243048409
0.002850445292
0.06485595431
0.00024120276
0.000246097059
0.005134350669
0.007376796005
0.026234486318
0.000238192537
0.000238479713
0.003839422249
0.011000142907
0.000237449019
0.021427034858
0.036317224188
0.000238214531
0.014505330295
0.016494893197
0.021712645894
0.042881033224
0.000235047311
0.000238779527
0.002543678497
0.000241294088
0.000241458122
0.000245752876
0.002486131261
0.015057254833
0.032539063304
0.073054365642
0.000240291985
0.000237896657
0.000241753937
0.000530350463
0.005396330723
0.000242899798
0.008172162002
0.008463294136
0.013407329071
0.004336174084
0.01791190345
0.07187709994
0.000240635278
0.000532545806
0.005035303098
0.000244222294
0.009525120186
0.041392009371
0.00201060788
0.020705436937
0.094033496792
0.000244064953
0.000531188122
0.004637675175
0.060941392609
0.079598976099
0.000238841504
0.000530866987
0.00519575788
0.00249145297
0.008647920119
0.000239689955
0.005959863073
0.000241775722
0.000819263539
0.008752610408
0.00053280537
0.00371520005
0.000245815566
0.000243160912
0.005439428266
0.016137713803
0.012221091616
0.000241870494
0.004743087547
0.034633192612
0.01412689898
0.000533635032
0.00113127115
0.04776353824
0.000237452396
0.001112993535
0.002291069349
0.055558475184
0.004531530605
0.000526137787
0.024570213803
0.073261994165
0.009711328156
0.055336041176
0.000234534537
0.005541592009
0.000246361615
0.006485066378
0.00024043416
0.007039612177
0.015548497796
0.000242338055
0.000237979256
0.000529543481
0.006431400982
0.000235132577
0.02307631672
0.070227356132
0.005805623419
0.006402001802
0.012672341168
0.077552321208
0.001109181397
0.00261774836
0.002831747888
0.001126551667
0.006069875885
0.000237056982
0.002686784872
0.010127261725
0.009148769357
0.000236669152
0.000528439437
0.001112227492
0.012196204147
0.018618326286
0.000534779238
0.002410163675
0.000237434359
0.005007500959
0.000242103728
0.00172922658
0.005363897224
0.000234211829
0.007067779242
0.000240661401
0.011478400709
0.01583417282
0.073797583616
0.002080802369
0.000233747638
0.000234781371
0.009566418537
0.004970377007
0.000235173296
0.005184931673
0.019053499009
0.000527538952
0.000817854696
0.00198308533
0.002565627892
0.00578149024
0.000245384136
0.008139571897
0.009305372505
0.030666928961
0.03554142405
0.000236265042
0.002531748451
0.00113728558
0.029642686148
0.066328094007
0.000824268605
0.001119583937
0.027443404233
0.000245686917
0.000234573844
0.000527673105
0.001123769043
0.000240509892
0.000234332095
0.000244786899
0.000865984511
0.000238598958
0.002647732186
0.018083922827
0.000236007208
0.00052747575
0.001440176863
0.000237764179
0.000839779878
0.000236546385
0.000528962429
0.001696050074
0.00770047183
0.061270001035
0.004806059314
0.000242258078
0.001110437698
0.007012928727
0.000238956242
0.004633103522
0.007576962695
0.000234562872
0.000239761148
0.017523162326
0.012760552074
0.029674572129
0.049543152609
0.001753122249
0.003619718669
0.063464292773
0.000246925296
0.002095584321
0.006846378127
0.003492126041
0.019393840876
0.001425034332
0.001721904461
0.012728588598
0.019735222585
0.023448652726
0.000236539403
0.00052957806
0.001858565179
0.000529237173
0.008355690907
0.010850757756
0.000234171116
0.00112608942
0.000237527183
0.000530752
0.007547802319
0.00023980269
0.00413209966
0.00023922323
0.003569158311
0.008625474826
0.009501965003
0.054317459594
0.000245878819
0.000235062803
0.007596735958
0.01703334203
0.000240786929
0.001112244456
0.012344130478
0.030907449247
0.000240034963
0.008436855926
0.018876722356
0.008515341307
0.003199552418
0.000240274631
0.000241971506
0.002346304328
0.000236175958
0.007344749603
0.007940663598
0.062979978124
0.000245672094
0.000234714746
0.001732310034
0.009118208027
0.000528415671
0.000243165436
0.009357194439
0.000530484937
0.002853603185
0.00024317201
0.000535177703
0.001155647838
0.000241787864
0.000235996261
0.00024549126
0.00589267924
0.000239529435
0.000234621237
0.001733706653
0.009382302855
0.007800197806
0.000234171362
0.003403693489
0.001492205437
0.001140837871
0.011506129129
0.013559577648
0.000239198064
0.003715505626
0.010014327549
0.000246021225
0.000233162899
0.000525625527
0.000525751813
0.010320251927
0.007215200757
0.013579480702
0.000235264711
0.007229342314
0.00023612478
0.005422808147
0.001412079024
0.013197760896
0.000849159725
0.000533360951
0.006858682057
0.023118377578
0.000850567254
0.000237630212
0.000819811189
0.002871551669
0.006336180948
0.011215298722
0.03594467596
0.000244922348
0.000245693744
0.000840340616
0.002969582301
0.009445081294
0.002912003518
0.0028843018
0.008407383118
0.017449375143
0.000237285615
0.000233873796
0.009817275668
0.000238978991
0.000240536464
0.029587234918
0.000242534806
0.004409615019
0.000244623154
0.002626578674
0.026706655824
0.000245502092
0.018825803301
0.065199909534
0.014831882518
0.000238519231
0.003762116577
0.001404339381
0.012250795453
0.000237724381
0.012566749313
0.02682242507
0.002689274342
0.00678002395
0.00707240436
0.009288983935
0.008901323523
0.010535410063
0.000235889592
0.00172287847
0.003498265042
0.03003637534
0.042309176241
0.000240652077
0.000242056091
0.005021733625
0.006021754217
0.002316313431
0.007029164501
0.000245718247
0.000236127163
0.009410861262
0.000236555913
0.0065444965
0.027033444483
0.002930404616
0.012606067393
0.065259828203
0.000855960414
0.000233585057
0.002670157042
0.007292455553
0.00174423715
0.000245066243
0.001130304324
0.002044447105
0.005170226881
0.000242817334
0.004742074963
0.000244435851
0.00704800334
0.000233770463
0.001994937759
0.005717752347
0.002405374993
0.004315465
0.006785445467
0.037097716635
0.000825319474
0.000235391163
0.000244620587
0.004886672688
0.000524742791
0.007258843228
0.012688490447
0.01327195689
0.000235640715
0.000237303185
0.00713159213
0.004331229056
0.00842104695
0.009888482757
0.009146949116
0.017364157852
0.004475935559
0.007298360168
0.000245800163
0.001417636354
0.004065787332
0.02620049353
0.045184388295
0.000238646424
0.003650842795
0.000235671579
0.000236466586
0.003306437234
0.000244709143
0.000243674404
0.000533493563
0.004981030096
0.008315620714
0.004815922292
0.000830461132
0.008938635641
0.012652743632
0.000237904856
0.000530382855
0.002904215362
0.010825147538
0.000242945871
0.012273797
0.013694269925
0.049909219182
0.003569621444
0.00024014588
0.000233472037
0.008559009665
0.019427986598
0.004470654685
0.005946481724
0.000246116482
0.000243530082
0.002651494401
0.000241663262
0.010458346314
0.000245600214
0.001728139822
0.007973682311
0.000235224401
0.005875228047
0.000531170093
0.001419847546
0.019743584046
0.009718676048
0.003910472457
0.030518869738
0.050700849539
0.000234765427
0.006588060071
0.008098069656
0.019651742616
0.000244502756
0.004832236333
0.000242997056
0.000246281314
0.02484271007
0.004133175815
0.000238794896
0.000238900661
0.005777330237
0.006544636162
0.000236324028
0.000237391544
0.007665067766
0.000237868172
0.005563746506
0.007326092394
0.004542771698
0.02046584551
0.000245418428
0.001131268198
0.020381124707
0.000533653671
0.000243874387
0.00023820549
0.00052975568
0.010841650721
0.000233411187
0.000243493689
0.00450859738
0.018929081055
0.006451791185
0.008959446148
0.005163860166
0.027982467033
0.051360751189
0.00024167379
0.004090725919
0.010248935822
0.002922306903
0.004391079526
0.003199083697
0.00617849101
0.000246285716
0.000244163843
0.017404352762
0.000247544074
0.000538415635
0.000826182649
0.000241219458
0.000245099645
0.000242129931
0.000233952974
0.003929784563
0.002410685176
0.000817224957
0.002605007442
0.016684726162
0.005635459913
0.015866341365
0.000818311834
0.001429430035
0.011208124517
0.002726591834
0.00441438389
0.020754589957
0.000238942562
0.000861578697
0.000239189287
0.004642335075
0.000239802899
0.000235750747
0.000242128557
0.007315443645
0.00601048317
0.000237673435
0.003026401772
0.000840000652
0.009890752703
0.002321484871
0.01265691546
0.000236260899
0.012975309743
0.003038292195
0.000244790006
0.000854199296
0.001134491296
0.00023412489
0.000843654182
0.00084646896
0.000239573754
0.000237032651
0.002606625883
0.004672917539
0.007305537346
0.033974093142
0.001437869472
0.003201469481
0.013840117831
0.004008074587
0.000233960025
0.000233928187
0.005483864392
0.001739217032
0.006127701831
0.000243687369
0.000241409223
0.000822651723
0.000862336594
0.002425041942
0.006273594202
0.00936279268
0.003506048288
0.005545689297
0.006420787822
0.041050092422
0.009391400288
0.012817981586
0.000828282978
0.000239795375
0.002507762969
0.002999534753
0.000240356325
0.000242452088
0.00117694498
0.000235834563
0.000244559257
0.000526294246
0.000850710042
0.000241194125
0.005154274817
0.00023943571
0.004700282127
0.021772224898
0.001120320128
0.006413731062
0.014234610388
0.002913646936
0.008620645111
0.000242713163
0.007561873549
0.003313724055
0.000236953179
0.000529951111
0.000236431827
0.000238701514
0.000242250217
0.003906394965
0.000237083947
0.00111067777
0.00421967076
0.000239174448
0.000242636447
0.002898676803
0.00052613327
0.001122823545
0.008625096353
0.001435357177
0.004704605203
0.000240733242
0.00024244984
0.00176518447
0.00052835768
0.005813366596
0.000831974279
0.000234595064
0.000856050766
0.000839400188
0.000239295372
0.000235723834
0.002352751311
0.000241178637
0.006809977803
0.011994189929
0.000534790141
0.006913794022
0.000823271989
0.002309649412
0.000243641097
0.000246511068
0.000235225365
0.000235382786
0.000240062613
0.007107881539
0.00024376766
0.000240613105
0.000244283689
0.000238935203
0.000236527937
0.000246283286
0.000239555715
0.00086546819
0.008373723566
0.008957676688
0.000235787585
0.000234931766
0.000236206588
0.000537920178
0.000246834206
0.018477213686
0.008523398533
0.000236728879
0.000234714522
0.000236672812
0.000234023766
0.000854364985
0.00533962054
0.000233689892
0.000244733221
0.000244635525
0.01866210503
0.005874835621
0.000241493509
0.00024562743
0.00023721974
0.004247315007
0.000529667234
0.001114485264
0.000244799086
0.000836278317
0.002355079897
0.00024591344
0.017883385344
0.000246076658
0.000240292755
0.00475763058
0.000527236399
0.000241507618
0.002623785946
0.004983423485
0.000242620924
0.000866194242
0.000238023109
0.014460371164
0.000826450163
0.04293012589
0.000533216028
0.000244922383
0.002681468647
0.004625518329
0.000239784891
0.000532839958
0.001127469285
0.006653012715
0.000245261978
0.00086154136
0.000240310152
0.000235165149
0.000235274563
0.00245561512
0.000834445504
0.005220555341
0.006388568109
0.000236185073
0.000245071218
0.001162577426
0.000840393351
0.000244219721
0.000238538183
0.0008429766
0.000236769203
0.000246378034
0.000826363392
0.001139022369
0.000531293376
