0.047164506626
0.000242308446
0.009396335243
0.005701262697
0.000236082295
0.000237615485
0.000240886997
0.000244409128
0.007098936892
0.000242813392
0.005311174428
0.00024115432
0.003621220731
0.000244665357
0.000240171117
0.003620383943
0.000236372105
0.001124250419
0.004098219705
0.005446734012
0.001999709503
0.01022971866
0.008265427589
0.013644102599
0.0002376653
0.001473035107
0.000236719959
0.000527978849
0.003679578229
0.002875751926
0.010475585223
0.000240595244
0.005640887533
0.000238319979
0.001184793337
0.00024291751
0.000244410465
0.000238668961
0.000823949049
0.002043219337
0.000234872902
0.00353024367
0.000241960731
0.006097823914
0.000235063217
0.000246111069
0.000246564298
0.00023979249
0.000235325157
0.000528004203
0.000236056523
0.001168037196
0.00023520783
0.000245558375
0.000245838071
0.000239424897
0.000236758994
0.000245409658
0.004997682875
0.000240784963
0.000234018575
0.001121823542
0.000246992907
0.00024285005
0.000534982164
0.000533605778
0.002749984587
0.000240276192
0.000529023563
0.00266821468
0.000242960692
0.001142082047
0.000844518688
0.000236829772
0.000819896446
0.000244293029
0.000239817455
0.000850086877
0.003198013632
0.001607583138
0.053010358309
0.000246173848
0.000534321383
0.006609805566
0.000236984266
0.001734908927
0.000529194848
0.002237130603
0.000238151336
0.00053143411
0.000536150571
0.000235340903
0.0002389766
0.001735101917
0.000244303805
0.000240379164
0.000828236196
0.001411708782
0.000245068812
0.000246621347
0.000243522844
0.0011079663
0.000243293247
0.000234712026
0.000240882779
0.001433080873
0.005001421326
0.000241232215
0.000239319222
0.000245427364
0.003224351833
0.000235307579
0.000239213168
0.000243845113
0.000853713791
0.002550497514
0.000246630503
0.0029957612
0.000240852944
0.00024092022
0.000237511992
0.000246064153
0.001146072948
0.004570214128
0.000236018446
0.000239036458
0.000242165492
0.000234373977
0.000235263372
0.000237803047
0.000238170167
0.001791043837
0.000234146549
0.000234823952
0.001109384929
0.000240498497
0.00023782599
0.001145823203
0.025674970683
0.002665152089
0.000238560722
0.002275163224
0.000246960615
0.000243106207
0.002715452923
0.002339409404
0.001430896116
0.000240755534
0.000243194981
0.001508097562
0.000242412834
0.000235124638
0.00144755552
0.000235919894
0.000241527831
0.000236122166
0.000238123365
0.000244571506
0.000246154064
0.00024309419
