0.052003968527
0.000532214077
0.012033209535
0.000236717966
0.142012961418
0.000528197387
0.000531834028
0.009648088077
0.000240876864
0.000237184374
0.028138906108
0.000240354065
0.000245109241
0.005345655658
0.001121078677
0.002298920034
0.000237938222
0.001433828047
0.00023931057
0.000235912245
0.006951186223
0.000528910072
0.006151205355
0.06248558278
0.002437695946
0.011157770032
0.035993271042
0.000247344241
0.000531915687
0.000245996156
0.00241301107
0.000246131225
0.000526930065
0.009657195413
0.005445424343
0.00828162446
0.00023633375
0.000245681446
0.000246481674
0.008008646381
0.003607119469
0.000237930183
0.000526684889
0.010650015737
0.034551280732
0.015753367283
0.043314544749
0.001442697616
0.002966811702
0.018074367282
0.016273455513
0.031092882769
0.000239596975
0.015269395313
0.022997877782
0.01002464935
0.011360644103
0.016300660626
0.008578872072
0.000234201038
0.000235686791
0.005462737869
0.001153608279
0.000246797599
0.018963706238
0.022311954828
0.000239247687
0.000245989259
0.004561098792
0.000236366193
0.001436232848
0.000234129815
0.000235410759
0.000240092324
0.000245438143
0.001727558177
0.001737582706
0.00960342542
0.01244165222
0.000242659574
0.000246032489
0.000245798573
0.000244200053
0.017015086405
0.042053407833
0.000238564497
0.001714824569
0.001727658838
0.007466126246
0.000241182203
0.005147584879
0.000235589476
0.000236418012
0.002491334472
0.000244673489
0.000854935834
0.000536807739
0.028100358148
0.000240862533
0.000533350234
0.000239607308
0.000528966363
0.000234995064
0.00023503994
0.000525137488
0.00052693937
0.001717565435
0.000526557122
0.005721915205
0.0002411072
0.004703092716
0.000238772582
0.000823579547
0.00053720647
0.006475910428
0.008114474826
0.000235399341
0.000239548884
0.000236106772
0.001899786361
0.00023773627
0.005837926141
0.000238916479
0.000239854023
0.003795515967
0.000237144798
0.000238103717
0.000234876999
0.006197735522
0.006422527271
0.000240152909
0.004975010928
0.005847513402
0.000246567428
0.003874848404
0.002609597668
0.008793365504
0.000244437121
0.00261289435
0.000236696669
0.000236021406
0.003354266181
0.000241778983
0.000236053974
0.000528795242
0.000236924126
0.000821426386
0.000234663441
0.003019971507
0.000236859505
0.000243126136
0.000243827895
0.003182875805
0.008848228393
0.000244666851
0.000244728458
0.000235071468
0.00023560857
0.000241962606
0.000244688018
0.001461649976
0.000237376408
0.000238526675
0.000234683705
0.000234704706
0.006020795354
0.000242817025
0.005411706784
0.000236687269
0.000239230562
0.004116070621
0.000243338914
0.002664268009
0.0002402738
0.000532221411
0.000237498501
0.00024368889
0.000239843496
0.000240610843
0.000237058902
0.00481716554
0.000822558692
0.000243002018
0.002283049747
0.000241815363
0.00278271472
0.012282356732
0.002729809458
0.006853061288
0.009636764082
0.000532294283
0.00369785403
0.000817872466
0.005774267189
0.000532205839
0.002588516553
0.00085076009
0.000533299607
0.004726659188
0.00081992899
0.010531793525
0.000238974406
0.000246554078
0.000240157317
0.000530835334
0.000236663507
0.006829048716
0.000235481013
0.000246507647
0.003073304451
0.00683565625
0.000234712606
0.002594463507
0.000536190129
0.000236215911
0.000237037562
0.001110821443
0.012903401536
0.000234933885
0.006076886136
0.000538390688
0.000236272338
0.001124849698
0.006146612801
0.025793195178
0.000238789681
0.005131174662
0.000526890188
0.003237069496
0.003155349042
0.000236711718
0.000819411138
0.002912591563
0.000240288128
0.001126799382
0.000245858072
0.00291105338
0.00349587391
0.000857961409
0.005701671138
0.001181420566
0.000241454386
0.004272535853
0.000235761158
0.000858322734
0.026910986295
0.004809976109
0.000243168017
0.00024322321
0.001992834958
0.00874662817
0.000241950522
0.000242471507
0.000839010557
0.000234869483
0.001122791142
0.001136778127
0.002622837198
0.000867538213
0.004368249791
0.001784259767
0.000825643246
0.004010616144
0.001953242815
0.000237799882
0.000529493712
0.010061646698
0.000817801255
0.001755970739
0.002411691855
0.000246293315
0.000841658291
0.000531365043
0.009170565748
0.000529860957
0.000243347267
0.000246103805
0.002674166424
0.000237275804
0.000234998379
0.000244048979
0.000838607027
0.000234896918
0.002082981418
0.002958603513
0.00591464275
0.006202936271
0.000240257594
0.007532700614
0.001159718406
0.000238738096
0.000241811795
0.000247474235
0.00509937553
0.001489599015
0.000239236919
0.000244006833
0.000825598727
0.000233704959
0.007357872082
0.000247058103
0.00114617529
0.000237871067
0.00023792315
0.0002396891
0.000239907448
0.00024278927
0.000862144504
0.000244987962
0.001779378198
0.000820214945
0.006117733425
0.005527570688
0.007260726048
0.001128929748
0.000242490765
0.000243024647
0.000534959761
0.000244693998
0.004538583173
0.007630679381
0.00085588371
0.000245018027
0.000238352058
0.000239690344
0.00024018963
0.00082421043
0.000244242512
0.003628751712
0.000235997069
0.00203590146
0.001471532728
0.000863258203
0.000244607421
0.000243500222
0.000245711071
0.001761187474
0.004547100179
0.000238935582
0.000244897
0.003526176035
0.000247354388
0.003338179199
0.001456237573
0.00146451684
0.000538298794
0.000838140052
0.003377070778
0.001159133674
0.000539032159
0.00024044702
0.000246964686
0.002390013619
0.001116330956
0.003185541808
0.000242824734
0.000245051369
0.002106354435
0.003014560145
0.00083306491
0.000234867723
0.000242946261
0.000853540291
0.00024588598
0.000234729245
0.000244645067
0.000242790663
0.000244373015
0.000240587527
0.000239409974
0.000241331121
0.000241370027
0.000246612426
0.000237555085
0.000239611739
0.00023450601
0.000241877958
