0.000243923297
0.005266854279
0.0002333276
0.000526227554
0.000244031029
0.000244043969
0.003056632079
0.000236771308
0.005819283787
0.00024416389
0.017108466517
0.132889542513
0.007184786775
0.001401532037
0.005825556977
0.001797265147
0.002015601342
0.004093817567
0.021131516592
0.071695958318
0.006774159161
0.009257522563
0.008678822836
0.006449642222
0.000234175922
0.002986493755
0.000246223206
0.000244686648
0.008241948265
0.000233937352
0.000235001679
0.000239298063
0.000241908798
0.005787011732
0.00607996395
0.02056068237
0.019243736339
0.030150026042
0.043594490055
0.000240276062
0.000241207003
0.00840517385
0.000235429028
0.000240521284
0.003983647449
0.000237043555
0.000528604736
0.028732719541
0.033168002015
0.057409422425
0.006987396126
0.012913989777
0.014841624049
0.02986093394
0.000234114527
0.002073448275
0.000526218816
0.002732433598
0.010494461034
0.012817328256
0.000240920854
0.004867731972
0.000239601065
0.00023986714
0.003912187977
0.000237020836
0.000244478783
0.011001943288
0.006313574213
0.000868410174
0.028386518751
0.030920753055
0.005278840849
0.010441794317
0.000246940969
0.004962882052
0.037397723717
0.000237188151
0.005472499018
0.00024265243
0.004760071175
0.000237264179
0.002724329516
0.000240252162
0.000823436712
0.002293423476
0.009138388179
0.000533650403
0.004208442437
0.00770500778
0.000235178965
0.00024041327
0.002031682116
0.007797574765
0.000237917184
0.005926783348
0.005053062391
0.005406118517
0.00023570167
0.000527054286
0.008406978511
0.005489827759
0.003519587686
0.004372141528
0.01423445867
0.000245802151
0.000854706732
0.000234321682
0.000527032284
0.002644743332
0.000246367765
0.005849730671
0.001405308131
0.005079530111
0.008298580136
0.000242801389
0.000535243489
0.00779405895
0.00024626082
0.005121904394
0.032708060671
0.052193171322
0.000242271722
0.006809180905
0.00024701192
0.006836216565
0.007639638822
0.000237762558
0.002639433875
0.013883510225
0.008628534698
0.000868092802
0.000234275848
0.015427267915
0.000240145834
0.000532560697
0.000838599112
0.004661467242
0.013147525646
0.041585748686
0.006314851661
0.000240047332
0.007085603506
0.000240815329
0.000246018004
0.008186372264
0.022801985537
0.007588862235
0.00023463047
0.000857108688
0.000534789243
0.001766901268
0.002411366576
0.000238391728
0.000530149367
0.001139181298
0.000529208945
0.000235280563
0.006527608313
0.000234595866
0.001439826751
0.000245794072
0.000528414808
0.008740497122
0.009907897011
0.004893737863
0.000234491654
0.003520881277
0.007508012292
0.010460922341
0.004151368422
0.001453232469
0.050662533476
0.077819238382
0.000244335925
0.000235133636
0.006143525299
0.001156358833
0.000239793774
0.000835503815
0.021964137586
0.000236469656
0.000236589115
0.000237245567
0.001429016136
0.004684437611
0.007621757592
0.000238730352
0.001699985762
0.011318859685
0.000244169059
0.000240769356
0.00353384211
0.011628227833
0.000527081539
0.000240819477
0.000237771526
0.000833510552
0.00573718111
0.000237805146
0.004625218179
0.000236020588
0.003871671277
0.000241517126
0.000234525669
0.001464077163
0.009021534265
0.032364947197
0.000243206709
0.000243459906
0.00114598927
0.016466318928
0.002527053582
0.003123989787
0.005470231932
0.000244856987
0.000525227388
0.004113148425
0.011135466315
0.038796485964
0.000533625495
0.000241782756
0.000235087555
0.00116012742
0.007139755876
0.000244092484
0.004514831949
0.000535603991
0.010998564866
0.004549611353
0.000235892888
0.000527877417
0.003789846015
0.00678119661
0.000836850163
0.021243719043
0.003194888216
0.009272435344
0.00083452686
0.002024648419
0.000236468049
0.000530336296
0.00112722907
0.000237876641
0.010910713915
0.000241811578
0.009044095794
0.058321203468
0.062439194099
0.064057911645
0.000246904355
0.000534689986
0.001143955262
0.006748285321
0.002982584074
0.00023521449
0.001124255882
0.000234669076
0.001734830139
0.009692513761
0.000243660374
0.001999504339
0.010223353009
0.014396739065
0.000528319388
0.009326056064
0.032256695577
0.00241012363
0.000240979794
0.000532265598
0.004455289375
0.040445133674
0.000235969768
0.00023866132
0.000836703991
0.020539056237
0.008263697658
0.002668289576
0.000245907198
0.001163167685
0.010221888132
0.018997313048
0.004847970937
0.015540208704
0.017870625991
0.005918552277
0.028078568741
0.002512453128
0.000235390398
0.007932403461
0.000240852199
0.000848657042
0.014581195034
0.000236375942
0.001169490093
0.002348661977
0.004969182721
0.00024017009
0.000240899406
0.000822379579
0.02054597431
0.002237264455
0.008840763794
0.000243855441
0.005530362278
0.00085647932
0.002618919864
0.000244567766
0.000245461858
0.016481604243
0.000234028771
0.00024120708
0.000235391682
0.008339392039
0.015796030754
0.04514567272
0.000241770123
0.000242569471
0.000244442251
0.000244913984
0.007502846284
0.000851230561
0.000234743447
0.00052612151
0.010697767179
0.000244100318
0.000239281283
0.007489867227
0.000846497246
0.000244854328
0.003390014935
0.005189793746
0.000242021905
0.000246084528
0.008180018547
0.000240314658
0.000530960559
0.000237284472
0.000528344132
0.005747234676
0.010502058269
0.000237438362
0.000238542075
0.000243322433
0.000530845847
0.000235582311
0.00085070382
0.000245051441
0.000826512903
0.000244767802
0.005118941077
0.000245615366
0.00023801659
0.000242532475
0.00651286261
0.000234264268
0.000245999586
0.001782164294
0.002971917451
0.000235813485
0.000236181591
0.000529611248
0.003757161697
0.005327931945
0.004973843916
0.001125837141
0.007498182706
0.011932482061
0.000823493067
0.001406039541
0.001451980135
0.001117284102
0.006753509984
0.005794310426
0.003407469298
0.016865404845
0.079066304752
0.000245623814
0.003897792279
0.000235258008
0.000237115461
0.000536954062
0.000234335856
0.000234341666
0.001699650744
0.004929542082
0.000239001371
0.012856635614
0.000235789985
0.000241042796
0.000836562488
0.001736695007
0.002032526938
0.000239996253
0.008036214474
0.000234807855
0.000243520785
0.000856478644
0.000239060303
0.002077425489
0.000235809198
0.000527156461
0.000817631926
0.000529856955
0.000241237633
0.000242323812
0.000245150414
0.000867273621
0.000236200538
0.010672391043
0.000246477014
0.000845015956
0.000240922658
0.000849665662
0.001132055809
0.005077190901
0.007241103038
0.000239309055
0.000243596124
0.000534533152
0.000239631578
0.003532673902
0.003663227259
0.014284220023
0.006140159507
0.000243386332
0.000233755237
0.000525182877
0.012447775207
0.006098895624
0.000832560721
0.001130290682
0.007777049
0.000236246922
0.000246193805
0.000236996914
0.000239146421
0.003308199349
0.000243721282
0.003782663255
0.002943840434
0.009241874807
0.001133512113
0.004890341713
0.000237283501
0.005146367683
0.023703821306
0.000240260268
0.00081881803
0.001417766667
0.014287052592
0.000246156742
0.000530980257
0.00459967432
0.014022676318
0.000240620299
0.000240159778
0.005410744638
0.000239184253
0.002736638052
0.00024003672
0.000864057225
0.003618901431
0.000246439617
0.000533277532
0.000236879455
0.008567640769
0.009163653131
0.000830592024
0.00024316885
0.000840986546
0.007081108258
0.012871277101
0.00024032678
0.016043105791
0.004525418581
0.011619287093
0.000818184532
0.009389992661
0.014588235434
0.000822387513
0.003983782065
0.00112583184
0.000534938306
0.003866423972
0.002675216738
0.000246315388
0.00023562342
0.000529603655
0.00492796028
0.014503804991
0.007820572457
0.00052659518
0.012927508696
0.000243679361
0.000851679863
0.000235679668
0.000234172308
0.000246609343
0.013985387554
0.000241236245
0.000242120123
0.000837393049
0.002596721381
0.005217465243
0.003277503754
0.000236358468
0.000236274886
0.00052763944
0.00024219192
0.00085832315
0.0002391662
0.000235206941
0.003043529059
0.000237996778
0.029088835493
0.000526153603
0.000236155597
0.000235680837
0.000241820837
0.009669447728
0.000246185565
0.000854684522
0.003352019588
0.000824000813
0.000244938344
0.01049316867
0.000235283336
0.000234518917
0.002059008842
0.016811490101
0.000246396364
0.001434725393
0.002335131831
0.005887527769
0.007357669825
0.000240656379
0.000244368873
0.00112202101
0.00453187565
0.000529277202
0.001113939088
0.007910105516
0.000239254592
0.009796387776
0.00023512038
0.00024324201
0.000246741095
0.000241513601
0.000237361856
0.000247403942
0.000855555095
0.000236648004
0.002054277492
0.000238482503
0.001477501137
0.000234079615
0.000526717589
0.003752436729
0.003344184938
0.000240005382
0.00179260899
0.000239071435
0.004460531504
0.000244619596
0.000858387158
0.000236831372
0.000241976512
0.003930812675
0.003571316963
0.000235996579
0.000241669389
0.000246206834
0.000241704019
0.000529825419
0.00113997342
0.000244664178
0.000237715241
0.000241969778
0.008490818304
0.000237947865
0.000246138424
0.000247331417
0.000829704388
0.003805573201
0.000234611879
0.000236376562
0.000239755791
0.000243744193
0.052069932532
0.000239736988
0.008614339883
0.00024580043
0.000242496035
0.000244367106
0.00177129224
0.005221840302
0.007301167507
0.005300370662
0.005472502932
0.050163941298
0.016167651878
0.000235205564
0.000242930095
0.000238010866
0.000236743968
0.000239615203
0.000237075255
0.000242570149
0.000246935202
0.000241003742
0.005873390496
0.000244522365
0.016328420123
0.000239449358
0.00024036824
0.000234614679
0.000242617894
0.000240988885
0.007877939081
0.000244087187
0.000243197594
0.000243399349
0.000242329287
0.001454980279
0.000245875857
0.000247294808
0.000852793569
0.000240411873
0.000235355504
0.001134825699
0.000247386144
0.00023867737
0.000245414047
0.000235535238
0.000244576121
0.001144174382
0.008761825148
0.000239272637
0.004696949179
0.00768991233
0.000857064354
0.000234968965
0.000236186171
0.000236520237
0.000240640581
0.000244789438
0.000246255828
0.000245171812
0.002113811571
0.004258311656
0.000243084599
0.001750928333
0.000843096255
0.00024410108
0.000236199495
0.000244678085
0.000246698855
0.000241722246
0.000246347006
