0.052003968527
0.000532214077
0.012033209535
0.000236717966
0.142012961418
0.000528197387
0.000531834028
0.009648088077
0.000240876864
0.000237184374
0.028138906108
0.000240354065
0.000245109241
0.005345655658
0.001121078677
0.002298920034
0.000237938222
0.001433828047
0.00023931057
0.000235912245
0.007255186223
0.002273600166
0.018691732252
0.030739669372
0.002440721386
0.006682285467
0.01786606851
0.000245882326
0.000534668968
0.000243292086
0.002806855435
0.000239242361
0.000528838233
0.010469719667
0.006242118348
0.013403274113
0.000242760529
0.000246656654
0.000244711312
0.013429261287
0.006580644018
0.000244103713
0.000235678707
0.008466538872
0.032703254922
0.011562465876
0.013587144625
0.001458848439
0.002972207116
0.011505280074
0.005086080235
0.01354120082
0.00023790802
0.006174252327
0.02611545677
0.004942193613
0.010170475964
0.010768445538
0.007570715823
0.000238875093
0.000244175531
0.002806507826
0.005990909116
0.000243406477
0.014660656907
0.015609944403
0.00024175311
0.000246309367
0.000242403681
0.004783236098
0.000240006746
0.003191515219
0.000243321653
0.000244205005
0.000241121811
0.000239588387
0.001432843164
0.00024525247
0.001462542966
0.005824018734
0.015485076606
0.000243310366
0.000243415639
0.000236616503
0.000237871851
0.011698394263
0.057460885975
0.00023944749
0.001799707562
0.003120992132
0.004947345791
0.000241547422
0.005278726133
0.000239231566
0.000247068552
0.003193976189
0.000245151645
0.000823866053
0.001115370208
0.002459587377
0.000241312103
0.000242223543
0.00024069885
0.000531774926
0.000235826101
0.000234996956
0.000527744816
0.001137256759
0.00023709332
0.007895914785
0.000243505918
0.003789702008
0.000869198092
0.000535356145
0.002385476143
0.005753370211
0.000236595493
0.000240745036
0.000237512979
0.001777849563
0.000246191539
0.010135647488
0.0002385671
0.000245247792
0.003511032503
0.000237646179
0.000238605098
0.000529034253
0.003637753424
0.005663461609
0.000238791278
0.004830757365
0.00973638916
0.00024125779
0.003351123553
0.004417636299
0.005597016869
0.000241314717
0.002713771946
0.000235659397
0.000238266926
0.000242936772
0.003211430973
0.000242833261
0.000238162804
0.000530572166
0.000530139407
0.000530890907
0.000234628793
0.006025028001
0.00024635221
0.000241989365
0.000242691124
0.002897480875
0.028227365923
0.000233971399
0.000525985078
0.000246480821
0.000247017923
0.00024524679
0.000237783675
0.001467745633
0.000240747747
0.000241898014
0.000237406985
0.000237427986
0.00330649306
0.00023547261
0.005951677143
0.00023652307
0.000238105956
0.008833797122
0.000236084429
0.002722013524
0.000233836294
0.000525783905
0.000246035599
0.000244865302
0.000240017482
0.000240784829
0.000240592745
0.004255087059
0.007501977877
0.00024170469
0.005866996783
0.000244947187
0.001135617108
0.012816168351
0.001997765013
0.002581390444
0.017777003391
0.000533360047
0.00380172497
0.000237602279
0.001112502562
0.004414966138
0.000535723393
0.00204921095
0.000848745931
0.000528346131
0.008597581824
0.001761581566
0.011342600709
0.000237085692
0.000239260597
0.000239473718
0.000530151735
0.00052959245
0.004700998323
0.000235709269
0.000242928144
0.003793829218
0.010797216873
0.000234630366
0.002416670621
0.000534924842
0.000233943088
0.001430216529
0.01413599622
0.000244071091
0.002373783152
0.000537381539
0.000240665514
0.001129252043
0.004332500767
0.004914949676
0.000239012745
0.004245355867
0.00052866989
0.003329888867
0.003144759089
0.000242697827
0.000838397247
0.003236468844
0.000243133162
0.001155644416
0.000243241285
0.002049839199
0.005117098516
0.000855588719
0.007121320269
0.00116116259
0.000234565468
0.003122533661
0.000237649067
0.000860210643
0.017484637272
0.00388986602
0.000244670072
0.000242669364
0.001764772436
0.003841507617
0.000243804846
0.000244777454
0.000828316504
0.000845632881
0.001156233118
0.002017900791
0.000862503834
0.010303441068
0.005228625968
0.000840591668
0.003971570118
0.001749976237
0.000242431206
0.000536904107
0.010481863768
0.000838465663
0.001735204283
0.002456841744
0.000237925768
0.000820290744
0.001448415
0.010368839777
0.000529470841
0.000244600336
0.00023773109
0.002132282939
0.000243397082
0.0002421557
0.000244887084
0.000865445132
0.000242995383
0.001804967712
0.001431015964
0.006149586391
0.007669985136
0.000235892298
0.007325286694
0.001134835439
0.000237053623
0.000243029549
0.000237200902
0.003025723596
0.001460759367
0.000244970264
0.000238000684
0.000858592578
0.000246395715
0.002654903261
0.000236808341
0.001148925528
0.000240925588
0.000240977671
0.000234204799
0.000243275674
0.000235621248
0.000852558599
0.000235787301
0.001725501256
0.000842681271
0.006238499492
0.005402597767
0.008852476293
0.001186138423
0.000239698189
0.000240232071
0.000530939718
0.000243358224
0.004498403751
0.007359765093
0.000856135767
0.000245078072
0.000233816547
0.000245478261
0.000236436493
0.000846457293
0.000240898379
0.004763870133
0.000242330228
0.002094234619
0.001447981448
0.000233734812
0.000816729267
0.000234640906
0.000236512424
0.000246587701
0.00174998053
0.003570719832
0.000239365113
0.000242954754
0.003790948713
0.000235542262
0.004009393404
0.001493550885
0.001465934442
0.000527236096
0.000831298749
0.003049594519
0.001118104383
0.000528459798
0.000238992475
0.000235973543
0.002353022476
0.001421439208
0.002906059191
0.000237130401
0.00024516348
0.002084861589
0.001777261336
0.000823737979
0.000239902685
0.000247005074
0.000842972692
0.000246906803
0.000237128554
0.000236971037
0.000235301199
0.000238331317
0.000237485624
0.000236499895
0.000239887553
0.000238638447
0.000235274424
0.000242286825
0.000244714681
0.000241946594
0.00023578682
