0.000243923297
0.005266854279
0.0002333276
0.000526227554
0.000244031029
0.000244043969
0.003056632079
0.000236771308
0.005819283787
0.00024416389
0.017108466517
0.132889542513
0.007184786775
0.001401532037
0.005825556977
0.001797265147
0.002015601342
0.004093817567
0.021131516592
0.071695958318
0.006774159161
0.009257522563
0.008678822836
0.007623465985
0.000241716327
0.003628220112
0.000247307446
0.000237979655
0.004891256812
0.000240159437
0.00024142862
0.000241904792
0.000240302954
0.000246098097
0.005551754517
0.006134770944
0.020782813675
0.009881785446
0.021072277688
0.00024754191
0.00024075372
0.008191138365
0.000236155143
0.000235967329
0.003984115661
0.000241023928
0.000244290853
0.002359046264
0.007314433636
0.05511455386
0.006969006961
0.014682448941
0.027732314872
0.055970779039
0.005114756347
0.000238101162
0.002657800555
0.002057920747
0.03141182
0.000235468494
0.007714853222
0.00024062854
0.000240894615
0.004059482026
0.000236030654
0.000242894039
0.012634013287
0.005779839974
0.000827096477
0.019839646621
0.042452657708
0.012237047879
0.059890846095
0.000246755596
0.000534409844
0.0045966413
0.013900102522
0.000235937381
0.005217800363
0.000236728226
0.000234555997
0.005432439287
0.000234457628
0.002069567699
0.000530500261
0.001415622335
0.002012576996
0.008426351281
0.00053088274
0.006310194349
0.017845190094
0.000241588743
0.000244192463
0.002362955053
0.002947081436
0.000234365012
0.005383990871
0.00567316896
0.005603434574
0.009068721424
0.005760524808
0.004133057109
0.009122868821
0.010578341659
0.000241717048
0.000863621629
0.000533279274
0.002575882057
0.000242400358
0.005780763264
0.001111294289
0.005962948748
0.03430702465
0.000234398808
0.000526840908
0.005741822454
0.000241264102
0.004972830908
0.008038821251
0.065171893913
0.000235612703
0.003892705195
0.000243447593
0.005156452434
0.011713191532
0.000246822576
0.003284281167
0.017691687283
0.005891269601
0.000234076816
0.001136187128
0.000237612521
0.017306223806
0.0002395273
0.000531942163
0.000863273437
0.006988046448
0.008892182679
0.003623809291
0.006636143309
0.000238721645
0.000247021171
0.011283624518
0.074754352591
0.00330846399
0.000235929169
0.000845407387
0.000532312185
0.001772242028
0.002570628831
0.00023582399
0.000529002433
0.000821227299
0.000535060697
0.000246752991
0.006274782513
0.000245666979
0.001677282198
0.000233801548
0.000527850066
0.006638578577
0.052167078721
0.011618003878
0.00024570094
0.003798274963
0.00718720425
0.007797659748
0.00112488417
0.035536415551
0.077321879716
0.000238132218
0.000238981462
0.006893916017
0.001121921481
0.000236192475
0.000831902516
0.023938512969
0.000237771261
0.00023789072
0.000237815624
0.000834533658
0.004978237471
0.007209410289
0.000244084889
0.000839572015
0.018345046243
0.000239765961
0.000244062513
0.003603002956
0.015540502815
0.000527213516
0.000234824446
0.000238436581
0.001138175826
0.007041891182
0.000238693503
0.004574106536
0.000244412765
0.006971972977
0.000237939091
0.000233670578
0.000526924961
0.001742843957
0.003465835133
0.028191266946
0.000243581329
0.000243834526
0.001118933093
0.009335738275
0.001432253055
0.003472543285
0.005514804421
0.000235173472
0.003654192472
0.011344552248
0.031145839155
0.000535949263
0.000238989686
0.00024233185
0.001180371715
0.012514933061
0.000237505673
0.004903221906
0.000238044322
0.000246609456
0.008946831169
0.004578685983
0.000527068151
0.002889804515
0.005263937057
0.000861743333
0.019627940433
0.00171138315
0.016011321808
0.001141314958
0.004689006688
0.00023582282
0.000527136263
0.001149715594
0.000241707282
0.007470798924
0.000246930388
0.016572329324
0.017301605774
0.066054290989
0.000238759551
0.000822514786
0.006433536378
0.007397842139
0.00023681834
0.001151859053
0.000242662581
0.002597166634
0.003471339591
0.000245856215
0.002903448894
0.004953772118
0.015515954325
0.000531652853
0.01827837332
0.021384044806
0.002687798
0.000245309189
0.000533616514
0.001316031985
0.066843231439
0.06933880327
0.000233944
0.000236363663
0.000860406334
0.018338560076
0.008206267248
0.002847851313
0.00024051274
0.001478123173
0.009214869878
0.011773380294
0.006703841199
0.006995957198
0.02153660839
0.014248236641
0.024465270059
0.00237616321
0.000243602327
0.004423566828
0.000238407512
0.001124245281
0.010731013463
0.000246315272
0.000832671894
0.001416655967
0.005582370694
0.000234221471
0.000526054554
0.001136755657
0.015700766808
0.001998785177
0.00937595342
0.000234884838
0.00526637381
0.000847581393
0.001429594552
0.000242404739
0.000243298831
0.006034320808
0.000245847648
0.00024333608
0.000238277146
0.011649153664
0.013105371812
0.025185649828
0.000242205197
0.000238170192
0.000240042972
0.000240514705
0.004782986567
0.000828539985
0.000242184697
0.000535210566
0.012391052702
0.000237477647
0.000240684155
0.007351144401
0.000829852754
0.000237692679
0.003314841706
0.002073580901
0.000237009227
0.000528097085
0.00415303308
0.000246513105
0.000537159006
0.000237251572
0.000532546462
0.002612621376
0.00636444673
0.000239367606
0.000235337913
0.000240118271
0.000527641685
0.000238551408
0.000824753795
0.000239143238
0.0008206047
0.000244157931
0.004514642445
0.000241949659
0.000241809484
0.000246325369
0.006178069011
0.000238756456
0.000240021138
0.001796929735
0.004814162172
0.000243164292
0.000243532398
0.000532472774
0.005130247075
0.001112828437
0.025706499541
0.005337483798
0.004285128114
0.010988919994
0.011745096415
0.000853205489
0.002666034951
0.001472675783
0.001163722869
0.006152023023
0.007718079962
0.00354071322
0.011816986722
0.000245156301
0.008291407529
0.000238212983
0.000240070436
0.000526719388
0.000244256665
0.000244262475
0.000830903096
0.003858509843
0.000241928163
0.006971893601
0.032139569245
0.000237230231
0.000237428546
0.000832948238
0.001998080757
0.00206331649
0.000243149587
0.00575299502
0.000234576197
0.000238863267
0.000821534056
0.000240095092
0.003400177945
0.000236266218
0.000527613481
0.003790611656
0.000530570353
0.000233569708
0.000234655887
0.000240942914
0.000824066121
0.000244568412
0.009522854214
0.000234427922
0.000824351327
0.000238387581
0.000821130585
0.001172848151
0.005224365396
0.007480425092
0.000239768403
0.000244055472
0.0005349925
0.000235308519
0.004027670573
0.000818579841
0.017624638389
0.004955929497
0.00024399772
0.013979577809
0.004329127942
0.000823534794
0.000827440913
0.010910091505
0.000237070777
0.000241879028
0.000237967814
0.000240117321
0.003270170249
0.00023432601
0.004669644138
0.00440460059
0.012586053985
0.001193913385
0.007379776889
0.000233734035
0.010085428789
0.00023553653
0.00053297616
0.001116996015
0.006393120557
0.000239094669
0.000528809908
0.006648156838
0.013650544544
0.000239286017
0.000236514944
0.005307122336
0.000247317913
0.002757771712
0.000240349171
0.000838369676
0.002760216241
0.000241783253
0.000530841549
0.000236528327
0.006191998044
0.025418776336
0.000862114456
0.000240235583
0.000535413623
0.006414739608
0.007641867168
0.000237484873
0.004634063207
0.011263260887
0.000846100811
0.012556206188
0.020239662702
0.000861287519
0.007602050383
0.001135187527
0.000532581299
0.003358796295
0.002964185584
0.000238214389
0.00023846457
0.00053015964
0.00362138522
0.004093170146
0.012885052619
0.000536431922
0.012088811391
0.000238264661
0.000839196969
0.000244007612
0.000236617149
0.00024466689
0.014283613761
0.000244198636
0.000246090115
0.001119501251
0.003196077553
0.005298481992
0.002824369161
0.000241166476
0.000246268745
0.000537633299
0.00024289042
0.00083857005
0.000242180502
0.000241453813
0.003168261507
0.000240565323
0.002843389411
0.000534595312
0.000234072694
0.000235512658
0.029634919418
0.000234400192
0.004455151917
0.000241415253
0.003180699408
0.000838374892
0.000239944901
0.007879263141
0.000242980221
0.001735190801
0.042910781119
0.000234581803
0.001730272022
0.003798469304
0.004964360385
0.011733370359
0.000241713362
0.000245425856
0.000534601218
0.004617434456
0.000234634412
0.001110510182
0.007615393109
0.000237273915
0.008867507386
0.000242418574
0.000237395592
0.00024156298
0.000237308669
0.000236288141
0.000857439294
0.00023750707
0.002388300021
0.000235192345
0.000840002932
0.000239492535
0.000532130509
0.006713086582
0.003344533335
0.000239637306
0.003021210094
0.00024116939
0.004854497362
0.000243708797
0.000827607767
0.000235792364
0.00024412332
0.003971959483
0.004203495643
0.000242954533
0.000239968634
0.000244506079
0.001122785382
0.000234458002
0.000236366218
0.005873638582
0.000245642633
0.000240454809
0.000245911085
0.001753350371
0.002335447692
0.000239784264
0.00024632521
0.000240993262
0.000240368385
0.026639630522
0.000242842063
0.008776651522
0.000241611325
0.000238926584
0.000241844546
0.001754908532
0.005196176776
0.004524286057
0.005147926775
0.005617854478
0.019062687946
0.000244096593
0.000240265758
0.00024385283
0.000245518087
0.00023831748
0.00024571598
0.000241114711
0.000245479764
0.000240993214
0.011482379968
0.0002400414
0.024824773979
0.000235316745
0.000236235627
0.000240947135
0.000246442296
0.000239785801
0.006140669983
0.000241737244
0.000241242648
0.000241359696
0.000238370132
0.001485182228
0.000235073285
0.000821565948
0.000233743263
0.000237008282
0.000820298645
0.000244023423
0.000243209612
0.000242663895
0.000247102292
0.000234841116
0.007266267179
0.012320259775
0.000246605547
0.01287309052
0.003587388523
0.000838527473
0.000245022032
0.000234333827
0.000245790575
0.000236505507
0.00024535665
0.000239066487
0.000238392406
0.002107032165
0.008150674777
0.000235623776
0.001786440468
0.000845433179
0.000243228568
0.000236918685
0.000241440095
0.000238043397
0.000236621466
