77
76
93
71
86
73
50
80
220
65
75
85
81
87
101
64
91
59
83
61
108
56
105
84
126
80
91
126
143
142
171
137
86
104
60
179
209
179
170
88
87
196
56
224
72
59
103
106
134
139
115
125
134
96
136
116
109
120
109
113
109
138
80
122
125
117
121
94
122
88
88
280
251
138
349
279
107
123
314
342
141
121
88
167
101
461
398
231
263
289
227
283
122
113
452
309
146
90
155
133
128
152
410
345
98
385
63
71
82
93
55
469
136
105
116
126
92
80
75
77
82
81
75
338
362
69
275
323
60
260
341
55
227
317
48
233
52
290
201
313
249
283
49
49
37
27
16
15
3
2
