77
95
88
66
85
71
37
75
247
69
59
84
85
75
92
73
69
65
81
61
94
69
112
76
117
78
88
117
127
129
145
133
98
115
70
162
240
188
139
98
94
193
73
254
66
63
124
130
153
134
125
114
144
93
128
126
92
89
96
119
99
123
91
110
118
102
114
85
107
79
104
227
250
156
385
318
107
115
306
314
128
113
103
155
105
489
361
193
253
301
205
271
131
118
452
355
146
92
150
144
127
144
410
344
110
399
63
72
94
105
57
492
142
118
127
124
103
92
90
85
76
84
79
344
373
68
277
305
62
250
315
58
236
317
51
258
54
314
233
299
248
330
51
48
37
25
15
16
3
4
