261
251
249
254
47
38
43
26
28
50
81
124
57
42
49
77
119
60
53
42
59
53
63
63
67
67
71
68
60
68
73
219
68
132
64
66
74
53
182
60
159
58
49
72
81
137
166
179
175
78
212
154
118
120
67
102
126
74
107
172
102
96
139
91
121
106
126
111
116
86
126
110
136
131
75
103
98
88
99
85
64
93
91
99
109
95
116
118
111
127
137
117
78
220
225
133
133
143
211
167
266
140
172
86
147
106
141
143
128
152
139
163
156
127
141
162
159
141
186
174
168
158
170
152
192
129
443
228
375
237
155
200
437
186
320
259
212
103
179
109
112
157
188
192
186
182
181
227
285
262
259
310
408
291
329
301
207
373
555
250
200
459
389
126
227
301
451
276
375
358
260
307
239
313
245
250
286
242
264
282
120
290
298
171
348
75
57
332
189
248
251
149
356
260
286
165
64
297
76
138
