247
225
243
227
38
36
42
32
35
44
62
110
51
34
41
62
104
46
53
40
58
48
53
56
78
75
63
52
84
76
71
205
59
166
52
62
73
71
192
81
144
43
46
62
58
112
140
189
171
56
208
143
109
117
58
106
115
56
104
146
97
93
142
76
94
90
141
93
122
71
120
94
111
91
72
87
94
72
123
81
100
83
105
110
105
96
129
112
116
108
108
113
72
214
213
129
153
138
269
148
298
152
149
87
138
106
105
132
117
136
164
134
145
122
172
168
160
168
164
180
190
157
188
163
191
126
461
232
421
232
186
197
494
168
311
248
204
98
176
103
121
191
170
207
176
194
207
192
217
250
265
200
437
243
315
293
167
363
583
236
177
466
363
137
213
289
426
321
390
323
253
316
266
290
237
238
244
252
242
315
119
266
300
178
332
85
54
364
188
244
246
140
329
241
279
158
54
303
96
109
