22
19
26
17
13
16
14
13
13
19
24
37
23
28
26
31
42
22
24
20
25
29
34
31
34
30
32
29
32
25
29
0
37
1
44
45
27
36
5
25
5
42
41
37
24
39
77
9
29
20
43
40
36
40
28
37
36
29
35
34
31
35
44
28
23
32
31
34
32
29
27
38
22
38
20
33
17
20
29
26
28
28
36
39
37
37
36
41
35
33
38
33
37
2
11
64
51
60
13
65
6
49
67
34
41
36
44
50
50
57
45
58
49
45
24
26
53
24
32
20
20
54
15
20
27
10
15
111
10
83
50
70
37
70
26
108
83
28
25
22
29
39
39
75
35
53
61
56
50
46
48
50
29
51
45
60
83
46
68
78
85
60
37
57
76
65
96
53
115
100
67
94
59
89
86
70
81
71
81
70
55
69
45
72
55
35
29
52
80
72
69
44
64
67
68
61
27
52
39
55
