23
25
25
20
16
11
15
12
13
19
22
40
18
21
23
31
39
21
29
29
33
33
32
25
40
32
30
21
36
23
26
0
28
2
30
36
23
41
6
26
3
32
36
39
20
23
68
32
25
24
24
39
26
38
22
40
37
29
31
32
37
37
43
30
27
39
33
36
39
23
28
29
23
37
22
33
19
19
32
18
32
27
37
39
40
40
46
39
34
37
34
29
35
2
10
63
71
73
15
66
4
44
65
39
48
40
46
54
45
53
50
55
46
39
14
22
45
25
24
22
26
46
21
22
21
12
25
106
13
113
52
79
30
84
31
108
85
26
21
22
28
39
39
70
38
54
66
61
48
50
47
46
32
52
45
46
67
42
74
91
60
86
36
76
93
115
87
56
106
101
80
95
76
102
79
65
61
70
77
77
67
59
47
79
52
36
26
50
82
60
71
56
55
48
51
59
26
61
52
48
