0.000533306727
0.007999719916
0.000240049984
0.000531116742
0.000529871153
0.009038333322
0.000245352572
0.000239103762
0.000234152149
0.000234611495
0.067885977564
0.004551662526
0.000532284248
0.001127985117
0.00024195584
0.001460401536
0.000531931058
0.000244756495
0.011325361282
0.001419655279
0.016137054654
0.027524494404
0.00238103794
0.005580146899
0.01448922525
0.000240009466
0.000246431909
0.003741039447
0.00023792713
0.000532797598
0.011726478831
0.004742918338
0.011159111235
0.000234474557
0.000244226081
0.010203741624
0.000241031786
0.004826643004
0.000237807629
0.003824181883
0.018476620299
0.030784815707
0.00086963322
0.00083966594
0.022624153143
0.011963450001
0.016420079408
0.000245624736
0.007923272709
0.042136469023
0.009756081035
0.011530433658
0.013686287118
0.00536252657
0.008483168039
0.003054114054
0.005811002446
0.002354622265
0.004707330167
0.007712601625
0.00024147371
0.000245448611
0.006412312917
0.000242674683
0.000827668587
0.000237757152
0.000245052255
0.000236200813
0.000240504721
0.001491277139
0.00023794669
0.001161557609
0.00902531919
0.023164991682
0.012344401067
0.001148247792
0.00024145092
0.000245405083
0.012273108645
0.040594760589
0.000243334984
0.00174652594
0.00119641929
0.007194269168
0.000237796535
0.006436722894
0.000238562738
0.000244842251
0.00177364779
0.000242375451
0.000847467171
0.000531667632
0.004029549699
0.000235550841
0.000240166179
0.000242926475
0.003186511486
0.000241135274
0.000239484625
0.001735345171
0.000240728922
0.002384113379
0.000241390196
0.003256068196
0.000242641026
0.004689501758
0.005444713599
0.000240857245
0.000242628282
0.000238593615
0.001770040245
0.004099021324
0.000246418614
0.000242847246
0.000234042415
0.000240392309
0.003156645763
0.0002355066
0.000527813273
0.000240382218
0.00685858859
0.008888546931
0.00024652791
0.008743651523
0.005466137619
0.000237445666
0.002690460099
0.006832798752
0.011411714353
0.000238769442
0.00403164072
0.000235529782
0.00024062064
0.000235083388
0.000242947318
0.002331072977
0.000235933774
0.000528930027
0.000242989239
0.000535273628
0.0002387091
0.001140225918
0.000241811819
0.004595914758
0.000235885084
0.000236375036
0.000241779192
0.002050460977
0.01739582661
0.00024134798
0.000532767282
0.002923753954
0.002253288779
0.000241391506
0.000237352136
0.000832171497
0.000233748568
0.000526363279
0.000240194063
0.000242037461
0.00709702888
0.000238761756
0.003940171883
0.000242885559
0.000242269973
0.004679069683
0.000527362799
0.000243218027
0.000534259838
0.000244494788
0.000241617141
0.00024090906
0.000238350609
0.000240615654
0.00053286268
0.000528203799
0.004773131373
0.000233664104
0.006215714723
0.000239024815
0.006471751844
0.000245084582
0.003972788017
0.01343075706
0.001403774182
0.013370812811
0.052937026647
0.000529436644
0.00291050888
0.000235418
0.000234177451
0.001726443414
0.000531567658
0.000529321214
0.002341077354
0.000238743056
0.000821610561
0.000237894269
0.004329870512
0.002389531269
0.015202470786
0.000241221995
0.004034871839
0.000247592397
0.000243600487
0.000833916795
0.000524917421
0.000526619424
0.003717968004
0.000236487097
0.000527375928
0.000234676087
0.0002365822
0.005553923487
0.009458573419
0.000242050542
0.000532411467
0.000533063077
0.00200273861
0.000235403587
0.000818377149
0.000236217158
0.000528868021
0.004678383255
0.006061298094
0.006700856393
0.000537401145
0.000241497484
0.003176723061
0.004736275645
0.000243288374
0.000243088389
0.005561411611
0.001449638424
0.000820118535
0.005842966048
0.000241826966
0.002041865024
0.000236400441
0.000528150639
0.000824331452
0.007103240662
0.002686196228
0.012316787978
0.001469439774
0.000245271309
0.003094963018
0.000237181418
0.000867562423
0.01994310909
0.000237602916
0.003240235201
0.000819532082
0.000236023699
0.000240755263
0.000820387594
0.001416080897
0.000245078603
0.000238474956
0.001140155548
0.000844815993
0.004943082319
0.002645651215
0.000247178486
0.0017723604
0.00640124464
0.00023546701
0.000528180094
0.000241906224
0.000241944955
0.007042350966
0.000527304761
0.000245572216
0.000828122648
0.01092474413
0.000850766196
0.00332547281
0.002391534942
0.000237696744
0.0002466356
0.000528912842
0.011098617971
0.000526675989
0.000239668597
0.000247291714
0.000245511101
0.001426334331
0.000236368075
0.000235950819
0.000240372833
0.000245949658
0.000866468501
0.000822604252
0.001771671844
0.003577208796
0.008201562883
0.000241219753
0.005929434684
0.000241755265
0.000535602098
0.000531713825
0.000241397662
0.0002342001
0.000239909046
0.001998759575
0.001467075506
0.002065929066
0.000238966874
0.000528334146
0.00024263345
0.006178016013
0.000243376392
0.000531736948
0.000529919375
0.001469854404
0.00023468726
0.000242387639
0.000851330001
0.000826436231
0.000240835246
0.000241785879
0.003652261776
0.000244241804
0.000240235056
0.000823686012
0.000858381061
0.000529982537
0.000237340593
0.001138297626
0.000235533685
0.000243277873
0.00086378598
0.000852241044
0.003027977039
0.00024473339
0.000244752894
0.000529688745
0.000238836765
0.000530559857
0.00115830125
0.000243217209
0.00052997074
0.001127031129
0.000244278362
0.003564474915
0.007421970699
0.000532987918
0.002058627341
0.002704169553
0.000528020181
0.000237211293
0.000529874162
0.002095162825
0.000240189242
0.000237181716
0.000529546731
0.001172324832
0.002691755734
0.001476071771
0.000843279522
0.002039659778
0.001801885727
0.00053555197
0.000243029303
0.000242322672
0.00023523269
0.000236358293
0.000237274891
0.002051748785
0.000237507775
0.001791792281
0.002055870966
0.001461917293
0.000239255796
0.000241658066
0.00023501991
0.000241868205
0.000241969276
0.000240454535
0.000240677155
0.000240827343
0.000240529355
0.000239597468
0.000242444016
0.000240130769
0.000239913322
0.000240259168
0.000240809919
0.000242890882
0.000240996054
0.000235354745
0.000243092318
0.000236206052
0.000237345217
0.00023536958
0.000237008427
0.000234483463
0.00024629316
0.000234575291
0.000245109092
0.00024523656
0.000243474007
0.000234346221
0.000237763771
