0.012936466822
0.000245322363
0.00391874439
0.014520492606
0.000236763167
0.000245402169
0.000234896042
0.00023905418
0.002978183537
0.000235071086
0.004940047857
0.000234779282
0.003881863895
0.000237993867
0.000242387575
0.003639398535
0.00024348224
0.000834884293
0.016264914975
0.00293993997
0.002344075947
0.007548395209
0.010486421209
0.019669010264
0.000244455752
0.001427406025
0.000235632678
0.000529587
0.005011833178
0.002030056042
0.007473748728
0.000244596056
0.000234462378
0.004644057184
0.000235368087
0.0011493559
0.000241220921
0.000238976089
0.000238615738
0.000823895826
0.003550717487
0.000237952292
0.006932573152
0.000237036035
0.004803504276
0.000244933991
0.000245307995
0.000234625331
0.000240805036
0.000240432387
0.000241538038
0.000241181773
0.000530646019
0.00111365459
0.000239803399
0.000245132738
0.00024544903
0.000239425396
0.000240440645
0.000235782865
0.003072091048
0.000235083818
0.000237344965
0.000847176547
0.000242240072
0.000234310913
0.000526480274
0.000530462972
0.002436317223
0.000246098163
0.000526534162
0.00274070158
0.000240983337
0.002709017154
0.000536835463
0.000241944913
0.000534023679
0.000234914584
0.000526642645
0.000242153187
0.000234460169
0.000837498355
0.001449873404
0.00233595252
0.009085832792
0.000233963024
0.009687271478
0.010752437393
0.00024636721
0.003925968716
0.000537554974
0.000538123911
0.000246316868
0.00085543409
0.000532549032
0.000233945683
0.000245582655
0.001463687144
0.000245839638
0.000244704335
0.001479166959
0.004698212177
0.000240488267
0.000239056082
0.000860887313
0.000240721163
0.000244532097
0.000843471933
0.000243518458
0.000238024952
0.000245352826
0.000854476613
0.000534307263
0.000242020591
0.000242536099
0.000240236954
0.000238927622
0.005833177148
0.000237081486
0.000237749202
0.000235002137
0.00084493378
0.001479349576
0.000820083738
0.005036134091
0.000234150528
0.000234316467
0.00023712922
0.000241890166
0.00112486675
0.001720906092
0.000245945941
0.000842363413
0.000241693852
0.00023631162
0.000240651271
0.000241548705
0.000241855886
0.001436130538
0.000233853061
0.000246925292
0.000239423246
0.000240167706
0.000243128536
0.000241948484
0.000237692546
0.000245676293
0.000235784943
0.000243657441
0.001773147921
0.001484578353
0.00023851222
0.000239789935
0.002731066633
0.001178777213
0.000235123953
0.000243909265
0.000245093891
0.000241737585
0.000246413477
0.000245090743
0.000234453041
0.000243383246
0.000244087879
0.000235822763
0.040401863855
0.000245314465
0.000239200092
0.000238162595
0.000235221552
0.000245234317
