0.000238244275
0.000528262243
0.025824181817
0.000233575779
0.019446873683
0.042042891965
0.001473053925
0.017538753217
0.00023452335
0.000527877325
0.000243932772
0.000234735035
0.000236479591
0.001747995988
0.058285581985
0.017850938116
0.019610191318
0.000235848983
0.000240301742
0.000237473599
0.003243877904
0.066512069039
0.023154974447
0.038914630494
0.000538405564
0.03499589562
0.065769704553
0.000235610166
0.000237270751
0.007321838909
0.000238369996
0.00023932123
0.047468282581
0.074613870259
0.004393759349
0.0002434696
0.000245105799
0.021057451427
0.02987418774
0.002865525598
0.00024149708
0.000243996269
0.003311100287
0.000245855486
0.007867327113
0.005127716335
0.016802326433
0.003747095461
0.03144662845
0.046573415277
0.061575051823
0.000242853956
0.000242880286
0.0114766025
0.061539538837
0.000245136691
0.0057715561
0.000236203103
0.020422733119
0.025081346225
0.000241357597
0.006187343877
0.014240846894
0.000241876958
0.013346524088
0.007387122096
0.000237127235
0.002278211589
0.005073294757
0.000246422041
0.009849781576
0.066191399067
0.068880692084
0.013405909833
0.06654794549
0.072012255375
0.001712681415
0.013623235313
0.016537475642
0.035790112574
0.024777165332
0.037432304196
0.000235337031
0.000526700022
0.002709501098
0.007311631549
0.000239004239
0.006043407734
0.01810432393
0.056673336429
0.000234686936
0.00052629487
0.000235015093
0.000526512721
0.009896075679
0.000233810826
0.000527048956
0.011959052955
0.000240366155
0.000240639622
0.00023419906
0.009077104808
0.000244261594
0.013302547028
0.020390344757
0.098064816643
0.009249362564
0.000236996946
0.000529841587
0.011826772724
0.016760504085
0.037447810936
0.061615059879
0.006115489148
0.027088269798
0.061839911565
0.000239096036
0.008787811925
0.000531035198
0.000531723443
0.017053640515
0.000235272595
0.000242832531
0.000526543731
0.004809950683
0.009833790921
0.005146332499
0.017209639312
0.000526327715
0.006621052348
0.02593530023
0.04051058648
0.000240670657
0.000534503918
0.011139154497
0.000242262757
0.000535399056
0.000239540507
0.000531397153
0.000233484698
0.026776441439
0.075666846691
0.082985155615
0.007677308295
0.013701803769
0.060967774382
0.010065001461
0.047060400183
0.038986840161
0.008341839954
0.029000974854
0.000528139546
0.007988556557
0.009025119789
0.000533096315
0.001751050698
0.020285461121
0.036697909505
0.000240435462
0.00053234798
0.007326420814
0.000235477049
0.000242017058
0.005916519157
0.010248059324
0.000239705209
0.000530841355
0.005146535516
0.000235196489
0.000234195859
0.000235525831
0.005479499809
0.039270814065
0.068904729151
0.000237282811
0.000234334881
0.009537551639
0.048003962741
0.001123623115
0.014836780555
0.060099417008
0.000234447819
0.000239747732
0.000525730933
0.000236523799
0.000236776362
0.008043610215
0.003656977754
0.020435062489
0.000243985262
0.002553618321
0.00023729926
0.000530566603
0.00455060306
0.001752434936
0.009834538432
0.000239832795
0.005973780802
0.000240570127
0.000242073607
0.001179000261
0.01191880934
0.000238018542
0.002034293342
0.038256197797
0.051841245946
0.008523414192
0.000237367557
0.004761849419
0.00617747429
0.000530572111
0.001405987513
0.000818592215
0.024783292273
0.005745269293
0.00679481601
0.00023568636
0.01133147274
0.069867307792
0.000242006926
0.001739476218
0.000238567943
0.004234760027
0.000243963071
0.003218139461
0.021379927304
0.000236713564
0.000531519102
0.001698702055
0.006498076349
0.062686933224
0.079818630223
0.081316974031
0.000819222104
0.005469550383
0.083547370256
0.000244763678
0.001424614369
0.009263433446
0.001966211948
0.001408859603
0.004333851268
0.000527584258
0.004789048176
0.005372584543
0.013024206109
0.006454139321
0.000243964058
0.000535729576
0.000536484546
0.000239223098
0.004259715056
0.005437401039
0.002039990927
0.015104910938
0.000236014666
0.000238644575
0.007642231492
0.002680292912
0.00053496096
0.000824958004
0.03121546266
0.071263009233
0.078980070196
0.11594806581
0.001761189956
0.000243116013
0.009615714875
0.01194468978
0.007827504548
0.000532188881
0.000845420914
0.021867773894
0.041887895862
0.000244437999
0.000235237792
0.000846434777
0.000243032859
0.003386884276
0.000864672968
0.067336708108
0.073367803402
0.000821109752
0.003472243358
0.033621601225
0.000236662023
0.000839009387
0.000857594811
0.001149990727
0.004669589688
0.000242491735
0.002906083006
0.021557546208
0.000243496303
0.000535686392
0.000826301621
0.000239644095
0.001748506718
0.01997845957
0.002057139626
0.00616857415
0.009712492473
0.000241476405
0.00111704378
0.005328320384
0.000244892178
0.00024343807
0.013907335197
0.009543068469
0.069896417121
0.00204885629
0.000235054053
0.000818866221
0.007280647408
0.038857826857
0.044086141941
0.000820517843
0.001402487894
0.038281030931
0.052323729854
0.000234599623
0.000817599363
0.008431866942
0.002873185141
0.068664055892
0.078201248566
0.014640105965
0.015222342918
0.00052821749
0.00110962281
0.000241277778
0.000533034557
0.000533042096
0.003572631482
0.008008657664
0.000236326204
0.000528277725
0.005003027967
0.000234808172
0.003252973917
0.00024308241
0.005116652328
0.000234820668
0.000235370164
0.000818703147
0.011832296123
0.000238477361
0.010543813755
0.058695638465
0.008784166804
0.009074787239
0.009947996596
0.00024616938
0.011186221078
0.018659337733
0.000239277912
0.000531182561
0.004929330844
0.004264015577
0.000242727814
0.000244518703
0.006655267205
0.001410122085
0.057564182809
0.000823763753
0.000236249157
0.000529459144
0.001125401922
0.000243707064
0.00023837863
0.005397284435
0.000236869001
0.000530276943
0.006143942661
0.000247175938
0.00052634224
0.006761623779
0.000235235626
0.00144073732
0.010940253987
0.00849008875
0.00023689989
0.00053125824
0.007872607393
0.000238492538
0.001429101677
0.001126600371
0.015487410649
0.018271420804
0.002298451249
0.008478709259
0.040841000117
0.001431372776
0.004704319226
0.005576036187
0.011217129805
0.00024167736
0.00418107916
0.000528972002
0.005812857825
0.002593323186
0.01730493899
0.04723127059
0.001147910003
0.00264904096
0.005134978056
0.000834920868
0.000236644024
0.010238923661
0.01464633745
0.025809604252
0.000532396383
0.001420779303
0.005576683123
0.000844646462
0.006202267252
0.000528892376
0.006907025645
0.009581365162
0.039230821768
0.000531510144
0.00555466749
0.007885194011
0.057001488777
0.000234904685
0.003992515865
0.006072188453
0.000525593328
0.000526433492
0.000244731692
0.006177120533
0.000236229613
0.000819375723
0.003479704541
0.000527494387
0.000237499786
0.002388241178
0.00233320103
0.004497001517
0.009887751825
0.000242917728
0.003462989668
0.008993197657
0.00408175079
0.007591424148
0.012037639424
0.002662617381
0.01101462344
0.015408905832
0.038050018151
0.000234107039
0.000235858289
0.003912826793
0.007177550711
0.004333147216
0.005208119302
0.012781626994
0.002333137946
0.003208145562
0.015943717075
0.000237892146
0.000235418898
0.000527467879
0.000238600443
0.002621427412
0.003509583516
0.014563966572
0.000242939326
0.000532873864
0.004089426474
0.010825194274
0.001422157202
0.002295572153
0.01603983982
0.023468550434
0.00601902437
0.009225782278
0.014840805262
0.000238884574
0.001151244213
0.000836234122
0.000236577094
0.008918625867
0.00023970599
0.006752291126
0.007942444561
0.047050253458
0.001416201523
0.013066788618
0.066442153978
0.00024191936
0.000532974078
0.001127358066
0.009978551182
0.00231621724
0.007639708572
0.00053013451
0.008690159336
0.00052643301
0.008692416949
0.014986313282
0.028254710701
0.000238098025
0.002731411508
0.005861888529
0.033518922983
0.000238499387
0.002685596068
0.022556869129
0.003493736011
0.011649479257
0.012813754279
0.000528244453
0.007288922849
0.010199680234
0.049799176447
0.001115568604
0.003486526121
0.009658232335
0.063930008353
0.000239294848
0.000527132631
0.005307372037
0.007220747374
0.054408208636
0.000526273326
0.00199547366
0.014629071262
0.018542640977
0.000234564492
0.00512737278
0.005558937935
0.010446727298
0.000235571733
0.001121886823
0.018818487067
0.003241645213
0.000846399774
0.002303805132
0.010282634493
0.006123477552
0.013267776037
0.000847513504
0.014569033265
0.000237267659
0.000528331648
0.006043665307
0.000242463321
0.032317680846
0.03548421688
0.007614993035
0.009086879009
0.000235620465
0.007225579208
0.023488081847
0.000243593579
0.000839616515
0.014992207914
0.004667232498
0.006417303788
0.01840994615
0.000240334409
0.000242735943
0.000534603114
0.000236091206
0.001997791675
0.004091004915
0.000834184976
0.004383351305
0.023893831163
0.001443145878
0.002635323239
0.007061937815
0.008119432864
0.009866156561
0.000525410974
0.010725268732
0.012207077702
0.003503348558
0.035015114928
0.000526292203
0.002984362068
0.000241857757
0.000528655012
0.002117150357
0.000238151314
0.002744578428
0.000237319587
0.000236890661
0.004443257046
0.002088708388
0.020536810694
0.000245428072
0.00601601123
0.018033831455
0.000245879682
0.000823699977
0.001406927107
0.002617613734
0.007509625006
0.012372134626
0.000236897025
0.000239347405
0.000530691433
0.004307886749
0.000528287697
0.003214735019
0.000237146198
0.000243263827
0.000242733472
0.002360025607
0.00024295825
0.002701786322
0.001113499588
0.000240210558
0.006237609171
0.003484189956
0.003775572371
0.012642731842
0.002614475736
0.007545808903
0.013029287289
0.00317555485
0.013390297597
0.016714116961
0.000829590585
0.007962808373
0.008837755783
0.02790467241
0.000234826214
0.000526414061
0.002948860709
0.004228419296
0.00053089371
0.005875777709
0.000239958786
0.002477423486
0.003249058617
0.00383169042
0.000241046347
0.000244213506
0.000864643448
0.000236340526
0.00437002495
0.01225770499
0.000235474448
0.000241252638
0.00114700998
0.005565912328
0.000826646429
0.007059014654
0.011659365945
0.002052434754
0.009446526634
0.000235306968
0.0002428273
0.000527928497
0.000239317742
0.000529334792
0.00458800683
0.000240287545
0.007415919766
0.005223824679
0.000242140415
0.001167270553
0.00053717218
0.000235570405
0.004442149814
0.000236385477
0.000243399414
0.000240334743
0.000818523838
0.000239573697
0.000239762264
0.000830640191
0.001439602282
0.002568535364
0.004912170037
0.015030147123
0.000243205913
0.005732390466
0.009341016675
0.013291206245
0.000535844764
0.004655084365
0.000849127687
0.001732146576
0.002315343812
0.001169644114
0.000234832456
0.010996278837
0.000235465581
0.002755478762
0.000244529802
0.001178804447
0.000237365596
0.00396048293
0.008940742184
0.012110576655
0.000530213977
0.001162998291
0.000238881145
0.000234289714
0.005671155517
0.000829696688
0.00024058636
0.000848641666
0.000860340606
0.003937501629
0.014220302482
0.00209607191
0.001762304589
0.011315508545
0.00024014341
0.006835947627
0.01831323885
0.000533161398
0.002408757619
0.003018167271
0.000237151473
0.000529976911
0.00086329279
0.007398781684
0.000834406244
0.003191323161
0.00023921575
0.000236797374
0.000528824846
0.000239970466
0.000527053597
0.000245716847
0.002711004494
0.00509680134
0.001832163865
0.008525873325
0.001434145236
0.004559622896
0.000240568365
0.002690150387
0.000240555778
0.003509338139
0.005735056275
0.004889993487
0.000236258201
0.000844453963
0.000234450658
0.00023861614
0.005965383988
0.000240961722
0.000858143062
0.000242268678
0.000243749271
0.00681044591
0.001435132423
0.009092646263
0.000247465199
0.000828891822
0.004421198421
0.000233779442
0.001109186198
0.003976325748
0.000236829067
0.000528591652
0.000235189833
0.002318506354
0.003522831285
0.000235812509
0.009630126913
0.000245585022
0.001164109127
0.000236812781
0.000242480267
0.018895236595
0.021418276753
0.041409181761
0.000855634082
0.00243252404
0.004288448699
0.001169097228
0.008557392732
0.000245145141
0.000235706966
0.000237535342
0.000241800114
0.001425639358
0.001801849243
0.000867817656
0.000239069381
0.000246048039
0.004042981369
0.000235965792
0.000856312669
0.00023950845
0.000859777679
0.004045583558
0.000236969948
0.000238461546
0.000817445407
0.001770716695
0.001440014369
0.000859350583
0.000243023035
0.001448304074
0.000235968043
0.000235801129
0.000240745119
0.001163985339
0.000834766125
0.004285534941
0.000242256127
0.001442955535
0.000237361578
0.00085951869
0.000242639669
0.000240381524
0.001135296884
0.001327893998
0.003594350234
0.000837350173
0.000841301172
0.005835604265
0.005860311234
0.016585751284
0.000235150615
0.000247422285
0.000239122421
0.000239806289
0.000235475467
0.002725746861
0.004216320073
0.000243084627
0.00083826815
0.003782682401
0.002959056966
0.000239146147
0.000245151594
0.000236928785
0.000238771606
0.000844412995
0.030551507518
0.000241600047
0.000832804031
0.003279092233
0.00796795005
0.000238049324
0.000244370079
0.0005277281
0.000239135949
0.039353121645
0.000235227859
0.000234356317
0.000237822333
0.000242097246
