0.000238244275
0.000528262243
0.025824181817
0.000233575779
0.019446873683
0.042042891965
0.001473053925
0.017538753217
0.00023452335
0.000527877325
0.000243932772
0.000234735035
0.000236479591
0.001747995988
0.058285581985
0.017850938116
0.019610191318
0.000235848983
0.000240301742
0.000237473599
0.003243877904
0.066512069039
0.023154974447
0.038914630494
0.000538405564
0.03499589562
0.065769704553
0.000235610166
0.000237270751
0.007321838909
0.000238369996
0.00023932123
0.047468282581
0.076303761243
0.004207165645
0.000235369858
0.000238565884
0.054448223403
0.076719779857
0.004429250865
0.000238313196
0.000244199904
0.003357417214
0.000234498478
0.012644087125
0.004714839368
0.009175824704
0.006138464998
0.018583931131
0.072529064544
0.086427467247
0.000239567742
0.000244636423
0.007219393339
0.047629080568
0.000241444825
0.005502874182
0.00053252609
0.017346074167
0.018512581706
0.011816423584
0.028108820776
0.000233587252
0.00758533763
0.006141908469
0.000241104385
0.001153980556
0.021775299271
0.000239642732
0.009515679972
0.065259258459
0.069363897678
0.070581058909
0.020665416857
0.052707643546
0.073418258982
0.00466296702
0.013340353619
0.024517650736
0.047021875074
0.034487493768
0.039961456368
0.000240920017
0.000532283008
0.003284234542
0.000237283442
0.011492404553
0.000240772827
0.003440422525
0.008296897123
0.072437427048
0.00023913913
0.000530747064
0.000236505214
0.000527517584
0.00819489614
0.00024151316
0.009235081603
0.000244567489
0.000244840956
0.000244227876
0.007066077584
0.000239186096
0.009991087062
0.0233511677
0.025261090881
0.008121505269
0.010031839935
0.000245263835
0.008207607276
0.018743139616
0.064947437073
0.073451662075
0.00172388952
0.01008081743
0.024984893473
0.000242129009
0.006906320298
0.000244454659
0.000236005877
0.014900393163
0.048405502597
0.000235265964
0.000245357424
0.000527543601
0.006024008808
0.012397244975
0.010417643872
0.011000207542
0.004683214641
0.0483033736
0.05681483572
0.000240234414
0.01526810717
0.018966060263
0.000234832337
0.000237248479
0.000236166769
0.000529978351
0.00024344748
0.038231087925
0.064897231213
0.009708678149
0.000527209295
0.022330497982
0.062745158725
0.000235762763
0.000243453224
0.016896692389
0.068283746191
0.041034239432
0.000235006811
0.004953745073
0.000235835058
0.011197661098
0.012362187464
0.000242390416
0.001755276271
0.008095824726
0.030763857411
0.00023840226
0.000243442915
0.000530727339
0.006169466746
0.000244204459
0.000246532569
0.00526075898
0.005552675068
0.000235577439
0.000526863095
0.005271331652
0.000240528512
0.000241776412
0.000242754918
0.021159690748
0.062838006614
0.073954458584
0.075172632602
0.000241882212
0.011336678898
0.069031261427
0.006233315332
0.032374957373
0.000818536174
0.014612668589
0.034188256223
0.000237822389
0.00024275801
0.000234444872
0.000241140835
0.000526999518
0.008472163393
0.000528120647
0.019760368191
0.074045080255
0.000237152946
0.002436154075
0.000236012167
0.008588130076
0.002041175697
0.008789641163
0.000235249358
0.002747540172
0.000241235606
0.000241300953
0.00115366574
0.007863460531
0.000235979482
0.000527909216
0.000234993751
0.000235024737
0.000818451771
0.034663876489
0.04620913515
0.007310666777
0.000235505686
0.007915198337
0.004296482846
0.000240249908
0.000528223584
0.001429638986
0.000242217549
0.001112775317
0.016916108162
0.004688098607
0.016780275326
0.000532587812
0.007480566438
0.080643063963
0.000235395059
0.007548009037
0.000238663942
0.00621567857
0.000245174452
0.002909191192
0.027039028547
0.000239044991
0.000235782639
0.002579464096
0.00751917072
0.006357585537
0.067427284882
0.07812001013
0.001999949568
0.009164610955
0.033207351313
0.064900304819
0.000237958711
0.002013561154
0.039568163792
0.001459491109
0.001126728161
0.002585824309
0.003762272807
0.005221395024
0.00900880126
0.046345650961
0.009516568964
0.005197409865
0.006263738373
0.000537190824
0.020936549072
0.000240402813
0.000242251637
0.000241707415
0.007947255092
0.002371047124
0.000819240824
0.03082867225
0.077227877529
0.002164047408
0.004089510491
0.005693594822
0.009757645825
0.000526919267
0.000527754926
0.000237701502
0.000527372511
0.002605731358
0.016536925104
0.047902419583
0.000235194092
0.000235689801
0.001137263063
0.00023828088
0.003257925107
0.000526714482
0.074601885542
0.002637166745
0.003220157766
0.054020000798
0.000235083681
0.000839205054
0.000841566665
0.001133962581
0.002297908543
0.000240440264
0.003208499611
0.025343952753
0.000239132437
0.000531487399
0.00023916312
0.001470027373
0.025373809909
0.002073713024
0.009429539156
0.010120783409
0.000238315491
0.000822576063
0.007502455603
0.000235411165
0.000246856337
0.012803298733
0.066575774259
0.069870884773
0.105372674743
0.003388253754
0.000246033453
0.001120429903
0.010593773355
0.01549687864
0.052142313973
0.000821239251
0.001403466421
0.005872905168
0.032436726495
0.000243715997
0.002361209136
0.00972318382
0.001116707313
0.0101101736
0.076498388595
0.004110745926
0.017588052384
0.000532463263
0.001114063851
0.000234631769
0.000526388548
0.000526396087
0.004862373553
0.010374172894
0.000242205925
0.000534010645
0.005362294465
0.000240228771
0.003717921906
0.000234167897
0.00522450679
0.000820389904
0.025635544233
0.000240816503
0.007541662355
0.010165967502
0.008068199783
0.008954357012
0.027183656794
0.000241145479
0.00535527796
0.026143988713
0.000238830852
0.004370472947
0.00426783091
0.000237877872
0.000238119148
0.004468711925
0.001707118761
0.007740828903
0.01556959204
0.074809872573
0.001123556515
0.000235870689
0.000529080676
0.000821201584
0.000238016963
0.005778390226
0.000527497807
0.012733826956
0.000241639667
0.000236294793
0.000529351311
0.009487722886
0.000828446531
0.014991328266
0.004449843612
0.00023473896
0.00024135327
0.008991814927
0.000240599344
0.001470208483
0.002276482467
0.011252311647
0.017230719137
0.000240243527
0.001418695996
0.012277659162
0.029135772678
0.001413095017
0.01594052
0.00562668952
0.01447051494
0.000242039294
0.007454168325
0.000235680498
0.0051533306
0.000822285644
0.00258491441
0.006211613403
0.00113669524
0.00052780503
0.002037283698
0.005079216027
0.000829682781
0.000236919785
0.006299152328
0.006881999713
0.01708872449
0.000237806102
0.00082191733
0.00782813135
0.001125736996
0.007721393127
0.000236300593
0.008641875473
0.023879923018
0.057364982244
0.000533528047
0.003487345601
0.066726312604
0.000235341313
0.004359833756
0.00494230908
0.000237156509
0.000530573313
0.000242072702
0.002745589842
0.000239020076
0.000233984024
0.000819111842
0.00435610943
0.000538237687
0.002394936742
0.002883457111
0.003590132276
0.006909897632
0.000238572847
0.006116164073
0.011426897346
0.00345201752
0.007128321995
0.010059497208
0.003390063823
0.009597485633
0.016171084433
0.06183051481
0.000235573446
0.000237324696
0.003558277388
0.007137504986
0.001724386171
0.006296037942
0.00687798297
0.003205760753
0.006575711008
0.018527930225
0.00024201684
0.00023595405
0.000528003031
0.000237628517
0.000821247756
0.031828530997
0.000235855073
0.003805978803
0.011882995689
0.001113064818
0.003278916089
0.004747289657
0.021352345535
0.006816690947
0.020979539617
0.051085665587
0.000240552058
0.001128128361
0.00086431769
0.00052829162
0.005816199727
0.00024301215
0.002308460962
0.004082956806
0.005249174098
0.001705727292
0.018680807764
0.068424035643
0.000234759224
0.00052709663
0.000819300518
0.012258910798
0.037607492948
0.002023328023
0.005418028973
0.000234803654
0.022911735694
0.052266372328
0.000532513519
0.005111214245
0.01846778421
0.054814719112
0.000241042581
0.002695356064
0.008838807691
0.028712548833
0.042150186358
0.000234884569
0.00268198125
0.018689277957
0.001109321289
0.001982780413
0.008108911233
0.000235364548
0.037079934392
0.040281289372
0.00052994873
0.00790733244
0.009235745962
0.047916619721
0.000240778198
0.000240502834
0.008882520826
0.0097567238
0.038925097281
0.000526440097
0.002565562732
0.004025575689
0.019701939094
0.000234085523
0.004822896612
0.003964547682
0.006762676004
0.000240340855
0.001139655945
0.005376666
0.003331306233
0.000836187364
0.007960694029
0.016624118016
0.000818023623
0.001703225171
0.005161944789
0.005758737962
0.001126705354
0.019629744717
0.00023459437
0.000527465687
0.002657844504
0.000237662369
0.004378542132
0.017607645646
0.000236873359
0.005628967583
0.015266040702
0.000236329959
0.00407077934
0.026190723371
0.000242060378
0.000851083314
0.012763406489
0.005537351515
0.006703013679
0.016431234666
0.000234275966
0.000234110397
0.000525977568
0.000236412002
0.002619379905
0.009770582197
0.003516035511
0.039066430022
0.003769089796
0.010022802638
0.000527170923
0.01542525565
0.032178399375
0.000236457418
0.004959094447
0.023500927556
0.005460224796
0.013039673806
0.000526771922
0.003404685005
0.00024187186
0.000528669115
0.002099837897
0.000245838137
0.002753323969
0.000237370092
0.000533882045
0.00393194147
0.000527648363
0.016028381372
0.03246369967
0.00024007076
0.005213352898
0.009331993584
0.000243959317
0.000834779612
0.00141798456
0.012503331624
0.01617439051
0.000234887385
0.000525557049
0.000526231413
0.001434337305
0.000239362126
0.003320809448
0.000238937203
0.000245054832
0.000240774974
0.002190730987
0.000239953744
0.002122994019
0.001117112517
0.000239882493
0.005423502177
0.002898801871
0.003774387286
0.060319518959
0.001126242371
0.006468130673
0.007647317187
0.003057379229
0.013731414829
0.026761284865
0.041372517859
0.001693035603
0.010184457536
0.012399722187
0.029179360804
0.000236437402
0.000528025249
0.00548520011
0.004408602287
0.000528923924
0.004646812868
0.000242472743
0.002240937443
0.002612945141
0.018200351891
0.000242854558
0.000245286434
0.000839716376
0.000235266417
0.004975450437
0.005559044259
0.000236506466
0.000243728276
0.000846349295
0.003797774019
0.038518047468
0.001127266278
0.006480687324
0.018312908281
0.00083806628
0.004081151425
0.000234327391
0.000525521474
0.00052616667
0.000245282297
0.000239514413
0.002040093951
0.000234367133
0.005484670186
0.004904126251
0.00023943411
0.00177289767
0.000538282023
0.000241281413
0.005248295604
0.000237653218
0.000243639281
0.000245878245
0.00086306734
0.000238249845
0.000238438412
0.000842316339
0.002033352709
0.004072284858
0.004958541067
0.042771134797
0.00024274878
0.003295218814
0.004184173193
0.008384152231
0.000234794236
0.004609338525
0.000835035155
0.00290457452
0.006124557924
0.001134301329
0.000238932391
0.007603669051
0.000235709962
0.002677723143
0.000240400924
0.001148675569
0.000243366428
0.003966483762
0.007231750554
0.010511482603
0.000527924714
0.001121709028
0.000240353195
0.008361220253
0.000821596043
0.000234686645
0.001148891409
0.000868185729
0.003568651579
0.022493583256
0.003644680319
0.011030663334
0.011666890191
0.023267800823
0.00024591295
0.006413206736
0.012897677461
0.000534181264
0.001167957052
0.002920930971
0.000238195299
0.000529945773
0.000832816569
0.005258102267
0.001141834646
0.002332181288
0.000237762775
0.0002346878
0.000526715272
0.000240838142
0.000527921273
0.000245370705
0.002886758726
0.011400746833
0.001958585864
0.008576201556
0.001418770664
0.005878202707
0.000242584995
0.000527987175
0.002821762102
0.000233946841
0.003420886222
0.005731401682
0.008710718181
0.000244284433
0.000865480195
0.000235753618
0.000527772235
0.009894036194
0.00023563369
0.00083981503
0.000243465665
0.000244946258
0.010033278256
0.009354268944
0.00023863356
0.001111071163
0.004621075185
0.000240923691
0.000849177767
0.003914174391
0.000238894593
0.000530657178
0.000235873841
0.002316096937
0.00289932466
0.000243434954
0.003998043042
0.000239518311
0.001157761469
0.0002355353
0.000242867814
0.003512153886
0.01185641932
0.000862938995
0.002374828953
0.005021534603
0.000827178992
0.007322269592
0.000244735504
0.00023579678
0.000236785011
0.000241049783
0.000826393729
0.001144863131
0.000835365831
0.000236304911
0.000243283569
0.00412211241
0.000235997056
0.000843343933
0.000235842974
0.000830112203
0.003003198848
0.000237338118
0.000242635473
0.000817102397
0.001779900651
0.001479866864
0.000859283632
0.000244004306
0.000826002929
0.000246249757
0.000243959954
0.000236105991
0.001748051646
0.000837453701
0.003973794485
0.000244080495
0.00085815826
0.000235302861
0.000844459973
0.000245256878
0.000242295032
0.001706026295
0.001151226629
0.002724039365
0.000237346402
0.000828295717
0.001138837366
0.009201747069
0.003822712412
0.014571190028
0.000240066871
0.000241882023
0.000238917775
0.000247158627
0.000236281755
0.000246324317
0.002721563468
0.004248791186
0.00024070396
0.000848887483
0.003233176221
0.003016833415
0.000241387664
0.000245396758
0.000238432855
0.000235548778
0.000841180245
0.024745412978
0.000234645685
0.000238225149
0.001135560801
0.003872528418
0.000238640927
0.000239077591
0.000535493498
0.000244140549
0.030929471577
0.000236943087
0.000239980008
0.000238372222
0.000245925076
