0.000238369528
0.005250907717
0.000237675205
0.000242444738
0.000236373094
0.002944554132
0.000233879286
0.000244712118
0.006947877401
0.00052687868
0.014252276199
0.066378276713
0.000237307857
0.007334128392
0.000528745249
0.011816159141
0.001810128466
0.000824253235
0.004704385755
0.034580329574
0.036406283792
0.000243284057
0.000246451564
0.006467715714
0.006025054971
0.091451507697
0.000234962264
0.006485172658
0.005513401361
0.002974609078
0.015982778683
0.000235654002
0.00789132934
0.013343515891
0.000236238902
0.003093870331
0.007954612909
0.007614182139
0.01951946777
0.034375188556
0.005884532043
0.011079298211
0.042408518367
0.004214595194
0.000238251033
0.000237668602
0.003011009233
0.028191997512
0.000243718166
0.00083884436
0.010275403602
0.000530840349
0.001775067786
0.009570512944
0.003846016009
0.020919917482
0.028984269247
0.031952727269
0.005745661305
0.003014965688
0.0002341159
0.000245095103
0.002907010733
0.009666428593
0.000234682215
0.000526412139
0.004563896595
0.00294672496
0.000236217117
0.000244629084
0.001150161832
0.000238612288
0.000841829417
0.006898554693
0.015487616309
0.056288690805
0.004842308257
0.000233858414
0.003648005347
0.014066299906
0.016726683795
0.002025191308
0.002905420315
0.018468524617
0.000532103849
0.005489933075
0.009637278211
0.000246099618
0.000238518776
0.00170793236
0.002582862422
0.010528802039
0.002680852398
0.003266009337
0.049708693789
0.003604380499
0.000245161448
0.007051735785
0.008900163366
0.007104229907
0.018477683039
0.006113002099
0.011579245176
0.000233618323
0.000236099905
0.00052920312
0.00549873096
0.007447369373
0.000241835568
0.006214972849
0.006334626725
0.000240773576
0.000243128848
0.000533362606
0.004941108234
0.001704759033
0.00580820341
0.023090542096
0.028098250439
0.028490911776
0.060481988337
0.064460884349
0.005415768775
0.004399612996
0.019011611065
0.000829714251
0.000238244889
0.004766080881
0.000236412377
0.010077741725
0.011254840772
0.005540791774
0.000235320568
0.01095957852
0.012252399503
0.001527126665
0.00023537227
0.000527306698
0.007978870917
0.012931709233
0.000240338341
0.000242428919
0.000535995048
0.00023423923
0.008481725983
0.000241422337
0.019658715648
0.003061789587
0.000235815827
0.000236966568
0.006425665154
0.000235198037
0.009454675047
0.0063828794
0.000241446356
0.00451256667
0.000237288378
0.000242152317
0.003945353427
0.000243923968
0.000530352394
0.00024400912
0.000242260754
0.008650581263
0.024291575043
0.004058910507
0.01808219961
0.036170758046
0.000236987095
0.00053067628
0.0002440432
0.00024189986
0.000243114656
0.008467241423
0.009646699472
0.000238472915
0.000235203993
0.000242187361
0.000527172163
0.00081873557
0.000239605257
0.000241862194
0.006719037684
0.010041724245
0.000244888599
0.000236960276
0.00346751902
0.008331154826
0.000238292843
0.000528913024
0.003774080074
0.005231250702
0.00552392177
0.000235071754
0.000526912508
0.014331983061
0.023186573864
0.000234700962
0.000528744348
0.000242525532
0.000246175365
0.009561530873
0.000238518692
0.000828809314
0.001437128524
0.006415373292
0.000235382845
0.00052621162
0.000527564013
0.000243088553
0.000526286324
0.005903935717
0.009436858433
0.004533837905
0.00082025772
0.000537629782
0.009250557006
0.045454621903
0.000238410768
0.000530747407
0.0084175113
0.000235875703
0.000528173119
0.003770284843
0.005517274497
0.000848211042
0.000238553364
0.004647162497
0.000243076453
0.00113771
0.007939558824
0.000243231796
0.000532729817
0.004522261829
0.000238543442
0.000242242146
0.000533242195
0.004781541353
0.00085678263
0.002897886882
0.000234940962
0.019243839257
0.020410992381
0.00023336904
0.002914338526
0.013917190197
0.000241086136
0.000526285066
0.002920809551
0.001151252847
0.003697333102
0.010889793895
0.017080750811
0.019552651024
0.006384133683
0.000239433611
0.039404122919
0.065376069783
0.001120630547
0.000240443574
0.000531444872
0.000247007407
0.004833696219
0.002002257425
0.01148542515
0.00053123149
0.000238104014
0.004624260603
0.009253898739
0.025963262227
0.000242727009
0.005372475509
0.019338294495
0.000239416055
0.000533927357
0.000234606794
0.003460899507
0.000241285721
0.002061405435
0.003273614936
0.001871707215
0.010632352873
0.020474966867
0.000234806399
0.000235331718
0.000239406421
0.002303053804
0.008047954384
0.012862260475
0.003214873719
0.012705636036
0.024586289229
0.074519175732
0.0002416513
0.001122631902
0.001734928166
0.000530071383
0.00024253625
0.027666680245
0.000241265469
0.002642937999
0.01288226361
0.000244179479
0.000534276234
0.004602205188
0.000239761963
0.000529836178
0.006166357759
0.017717319357
0.00024606626
0.004533056469
0.000242002082
0.001140255238
0.017915716884
0.000530375398
0.000833203916
0.004062138703
0.002657751147
0.003931319553
0.00175641977
0.000532662409
0.000245477255
0.000237780779
0.001480648737
0.000247400501
0.003976536558
0.006107004116
0.002344030449
0.000235502938
0.008192228748
0.016100030661
0.016848397474
0.000836544931
0.000527335666
0.004426334878
0.018382127719
0.000236437525
0.000242349899
0.00023394868
0.000234389555
0.011966992971
0.013438651157
0.000242441137
0.001123044938
0.008819175208
0.00387545419
0.000241692131
0.005568875373
0.000245020525
0.005730511199
0.013881047194
0.004519118931
0.000240130343
0.000533994575
0.000245947444
0.000238257832
0.006804839635
0.00024631388
0.00024673487
0.000245989766
0.000240683915
0.000532271205
0.004597730795
0.001120288795
0.002908431973
0.00024150953
0.001824204664
0.00052623425
0.000235264265
0.000235311174
0.0008526077
0.002020284603
0.000239626992
0.000236211502
0.000528678516
0.002629767964
0.000238616956
0.000529226701
0.006021453262
0.002082842569
0.00023469272
0.000865756865
0.001400445811
0.024458351228
0.007920692459
0.017001875069
0.003336093329
0.002629271912
0.003211472399
0.000535461652
0.000236815213
0.002611695739
0.005986702134
0.00268458971
0.00052639059
0.016680661381
0.019465599882
0.000235507937
0.000234666877
0.000527131419
0.000235966028
0.000246312461
0.000533655811
0.000242805868
0.001712233116
0.008150076145
0.000233227331
0.009325578284
0.000239641222
0.001771724335
0.000245166412
0.000242079073
0.003965184786
0.005904406698
0.003285684912
0.000534770097
0.001129424048
0.002308882736
0.009259991323
0.000234554342
0.000527657836
0.000242059463
0.000244072917
0.004326860563
0.032845394694
0.000236391566
0.000528493038
0.001152826974
0.000525712646
0.01173705404
0.00172610897
0.000236502131
0.011351639986
0.000234486785
0.00024093417
0.000241600431
0.000527202564
0.001123344288
0.014927415621
0.024887633928
0.008864451741
0.000236229162
0.000528432006
0.000238794412
0.000239914728
0.000527226427
0.000234092274
0.008679947023
0.000243202143
0.000822204713
0.013650779029
0.008126290308
0.002103468075
0.005340764767
0.058108175741
0.000854809879
0.000236029871
0.000528047162
0.001151390367
0.000242353819
0.000526955651
0.003884240025
0.000234804279
0.000235198434
0.003003515816
0.035401455435
0.000238122063
0.000531202394
0.001784767929
0.000527336991
0.013269385064
0.000244955139
0.000865446153
0.000246663963
0.000235190849
0.000243327209
0.000817729604
0.004065416598
0.02093984212
0.000241710298
0.000241844659
0.000534280489
0.000526719435
0.008326637117
0.000238428975
0.006645289284
0.000861308476
0.001154742028
0.006556332015
0.00595191284
0.013789955506
0.000845531859
0.000241573128
0.001445763378
0.006672280428
0.000234675213
0.000528250133
0.004823705918
0.000236806096
0.000237769093
0.000239679384
0.009020818477
0.028326827954
0.006084231676
0.0011564647
0.00800086287
0.000243299308
0.00023857317
0.000238956741
0.000239039267
0.000236789259
0.000238348359
0.000239221399
0.003004197824
0.000240084179
0.006297863775
0.000239715628
0.003067451431
0.002325408541
0.003762182722
0.000240406888
0.000245908457
0.006661760638
0.000233413115
0.000235658533
0.00023624199
0.004926731992
0.008834603076
0.000238960123
0.001722790748
0.00024120413
0.001992272645
0.000244847668
0.000240449564
0.000240848835
0.000532874812
0.040382418558
0.000237401599
0.000237805911
0.006646129715
0.004793580055
0.024236907715
0.000838400904
0.000236988261
0.001756584561
0.007501827361
0.000240298265
0.005256746953
0.000239355324
0.00023947283
0.003610505385
0.03350980828
0.042027787038
0.000240591522
0.009209466815
0.000235759253
0.000831425757
0.000246196067
0.004497193872
0.017751510747
0.001760060985
0.000237266084
0.000244059563
0.00052960809
0.000527398494
0.000239359303
0.001798513623
0.000240379223
0.001444073483
0.004434453721
0.0002407236
0.002821782449
0.000243684443
0.000243585969
0.000527145391
0.000527999441
0.00023941287
0.005398398165
0.000241051649
0.0005326372
0.000235422054
0.000239558558
0.004121555367
0.008861154357
0.000246666625
0.000244409959
0.00024715375
0.000243420962
0.000240625605
0.001129553205
0.05739667732
0.000237084399
0.001708316264
0.00023592732
0.002964396092
0.002649228172
0.000530462926
0.000244262862
0.000235200393
0.000244180185
0.003816229437
0.044482189222
0.000234589508
0.000527201842
0.000817657619
0.00170477269
0.005039306473
0.000822599617
0.001730103013
0.000235900145
0.0020628535
0.005321378886
0.000245581083
0.000241508099
0.000234454735
0.000535453731
0.000239882729
0.001145921101
0.007638292507
0.04819487274
0.000529497771
0.007395612612
0.000236922523
0.000245390131
0.000246568051
0.000246709226
0.000529492124
0.001732490097
0.004894470739
0.000238079805
0.00024492521
0.003310946473
0.000239604145
0.002917853513
0.005882132947
0.000239763575
0.00053180617
0.001748716363
0.007752221816
0.000238620403
0.000533169724
0.005092287646
0.000235832688
0.00086539911
0.000237860415
0.039930397068
0.000529195223
0.006510372382
0.015633413122
0.000236629614
0.000529645705
0.000236301829
0.000244218007
0.000240072302
0.002739986864
0.004975615443
0.000243404411
0.000243687574
0.000849386858
0.00023666984
0.000239327413
0.004966415252
0.000241345848
0.005186319051
0.00023950586
0.00023627647
0.000245729649
0.000235475831
0.000238714284
0.000528012278
0.006650514689
0.000244741299
0.005631338608
0.000246118942
0.001111569699
0.006133138499
0.000235478653
0.002657903164
0.000247267515
0.00024079275
0.00023783009
0.000530736629
0.004867213515
0.047997194837
0.000247126905
0.000247112215
0.000529690481
0.004180766158
0.000240519363
0.000533379556
0.000236814192
0.000239350105
0.00081977679
0.004057707785
0.000240805577
