0.000238369528
0.005250907717
0.000237675205
0.000242444738
0.000236373094
0.002944554132
0.000233879286
0.000244712118
0.006947877401
0.00052687868
0.014252276199
0.066378276713
0.000237307857
0.007334128392
0.000528745249
0.011816159141
0.001810128466
0.000824253235
0.004704385755
0.034580329574
0.036406283792
0.000243284057
0.000246451564
0.006467715714
0.006025054971
0.091451507697
0.000234962264
0.006485172658
0.005513401361
0.002974609078
0.015982778683
0.000235654002
0.00789132934
0.013343515891
0.000236238902
0.003093870331
0.007954612909
0.007614182139
0.01951946777
0.034375188556
0.005884532043
0.011079298211
0.042408518367
0.004214595194
0.000238251033
0.000237668602
0.003011009233
0.028191997512
0.000243718166
0.00083884436
0.010275403602
0.000530840349
0.001775067786
0.009570512944
0.003846016009
0.020919917482
0.028984269247
0.031952727269
0.005745661305
0.003014965688
0.0002341159
0.000245095103
0.002907010733
0.009666428593
0.000234682215
0.000526412139
0.004563896595
0.00294672496
0.000236217117
0.000244629084
0.001150161832
0.000238612288
0.000841829417
0.006898554693
0.015487616309
0.056288690805
0.004842308257
0.000233858414
0.003648005347
0.014066299906
0.016726683795
0.002025191308
0.002905420315
0.018468524617
0.000532103849
0.005489933075
0.009637278211
0.000246099618
0.000238518776
0.00170793236
0.002582862422
0.010528802039
0.002680852398
0.003266009337
0.049708693789
0.003604380499
0.000245161448
0.007051735785
0.008900163366
0.007104229907
0.018477683039
0.006113002099
0.011579245176
0.000233618323
0.000236099905
0.00052920312
0.00549873096
0.007447369373
0.000241835568
0.006214972849
0.006334626725
0.000240773576
0.000243128848
0.000533362606
0.004941108234
0.001704759033
0.00580820341
0.023090542096
0.028098250439
0.028490911776
0.060481988337
0.064460884349
0.005415768775
0.004399612996
0.019011611065
0.000829714251
0.000238244889
0.004766080881
0.000236412377
0.010077741725
0.011254840772
0.005540791774
0.000235320568
0.01095957852
0.012252399503
0.001527126665
0.00023537227
0.000527306698
0.007978870917
0.012931709233
0.000240338341
0.000242428919
0.000535995048
0.00023423923
0.008481725983
0.000241422337
0.019658715648
0.003061789587
0.000235815827
0.000236966568
0.006425665154
0.000235198037
0.009454675047
0.0063828794
0.000241446356
0.00451256667
0.000237288378
0.000242152317
0.003945353427
0.000243923968
0.000530352394
0.00024400912
0.000242260754
0.008650581263
0.024291575043
0.004058910507
0.01808219961
0.036170758046
0.000236987095
0.00053067628
0.0002440432
0.00024189986
0.000243114656
0.008467241423
0.009646699472
0.000238472915
0.000235203993
0.000242187361
0.000527172163
0.00081873557
0.000239605257
0.000241862194
0.006719037684
0.010041724245
0.000244888599
0.000236960276
0.00346751902
0.008331154826
0.000238292843
0.000528913024
0.003774080074
0.005231250702
0.00552392177
0.000235071754
0.000526912508
0.014331983061
0.023186573864
0.000234700962
0.000528744348
0.000242525532
0.000246175365
0.009561530873
0.000238518692
0.000828809314
0.001437128524
0.006415373292
0.000235382845
0.00052621162
0.000527564013
0.000243088553
0.000526286324
0.005903935717
0.009436858433
0.004533837905
0.00082025772
0.000537629782
0.009250557006
0.045454621903
0.000238410768
0.000530747407
0.0084175113
0.000235875703
0.000528173119
0.003770284843
0.005517274497
0.000848211042
0.000238553364
0.004647162497
0.000243076453
0.00113771
0.007939558824
0.000243231796
0.000532729817
0.004522261829
0.000238543442
0.000242242146
0.000533242195
0.004781541353
0.00085678263
0.002897886882
0.000234940962
0.019243839257
0.020410992381
0.00023336904
0.002914338526
0.013917190197
0.000241086136
0.000526285066
0.002920809551
0.001151252847
0.003697333102
0.010889793895
0.017080750811
0.019552651024
0.006384133683
0.000239433611
0.039404122919
0.065376069783
0.001120630547
0.000240443574
0.000531444872
0.000247007407
0.004833696219
0.002002257425
0.01148542515
0.00053123149
0.000238104014
0.004624260603
0.009253898739
0.025963262227
0.000242727009
0.005372475509
0.019338294495
0.000239416055
0.000533927357
0.000234606794
0.003460899507
0.000241285721
0.002061405435
0.003273614936
0.001871707215
0.010632352873
0.020474966867
0.000234806399
0.000235331718
0.000239406421
0.002303053804
0.008047954384
0.012862260475
0.003214873719
0.012705636036
0.024586289229
0.074519175732
0.0002416513
0.001122631902
0.001734928166
0.000530071383
0.00024253625
0.027666680245
0.000241265469
0.002642937999
0.01288226361
0.000244179479
0.000534276234
0.004602205188
0.000239761963
0.000529836178
0.006166357759
0.017717319357
0.00024606626
0.004533056469
0.000242002082
0.001140255238
0.017915716884
0.000530375398
0.000833203916
0.004062138703
0.002657751147
0.003931319553
0.00175641977
0.000532662409
0.000245477255
0.000237780779
0.001480648737
0.000247400501
0.003976536558
0.006107004116
0.002344030449
0.000235502938
0.008192228748
0.016100030661
0.016848397474
0.000836544931
0.000527335666
0.004426334878
0.018382127719
0.000236437525
0.000242349899
0.00023394868
0.000234389555
0.011966992971
0.013438651157
0.000242441137
0.001123044938
0.008819175208
0.00387545419
0.000241692131
0.005568875373
0.000245020525
0.005730511199
0.013881047194
0.004519118931
0.000240130343
0.000533994575
0.000245947444
0.000238257832
0.006804839635
0.00024631388
0.00024673487
0.000245989766
0.000240683915
0.000532271205
0.004597730795
0.001120288795
0.002908431973
0.00024150953
0.001824204664
0.00052623425
0.000235264265
0.000235311174
0.0008526077
0.002020284603
0.000239626992
0.000236211502
0.000528678516
0.002629767964
0.000238616956
0.000529226701
0.006021453262
0.002082842569
0.00023469272
0.000865756865
0.001400445811
0.024458351228
0.007920692459
0.017001875069
0.008427829867
0.001704583873
0.002590632952
0.000531112147
0.000234724185
0.002642213947
0.008988331987
0.002781288463
0.000526572714
0.004151519651
0.02040135292
0.000243752701
0.00023385181
0.000526066186
0.000238572141
0.000240392516
0.000527735866
0.000530454584
0.002001952379
0.013140382536
0.000238544792
0.003557346887
0.016857385271
0.00024588675
0.001764189317
0.000236385762
0.000241334765
0.009477983274
0.013240036195
0.003962793252
0.000529916023
0.001111317547
0.001403548155
0.026832671743
0.000241353774
0.000532903786
0.00023432329
0.000234356137
0.006588395893
0.04017498811
0.000238432922
0.000530882678
0.001901333651
0.011580824719
0.002087644919
0.000245485799
0.008694855568
0.000238001532
0.000244448917
0.044493407292
0.000241191696
0.000528019154
0.002468838488
0.007998546383
0.013702310924
0.009621491773
0.000234135051
0.000526337895
0.000242073818
0.000246874255
0.000534185954
0.003465618298
0.000241755682
0.000820758252
0.015179084824
0.008966866717
0.002184272307
0.005224071373
0.04853211288
0.001428650571
0.000240963605
0.000533441692
0.00082315876
0.000242057321
0.000236168873
0.006144831132
0.000242548665
0.00024294282
0.003343892352
0.015127555054
0.000238378708
0.000529866373
0.000530943723
0.003294483564
0.000531764833
0.010695033252
0.000235224731
0.000827584883
0.000245145356
0.00023706817
0.00024520453
0.000858892375
0.004625142438
0.02512224767
0.026883924558
0.000246421114
0.000237562818
0.000529998648
0.000238699574
0.000239104765
0.00082257946
0.008266505799
0.000246686492
0.004255967234
0.000834622054
0.001164829718
0.015366304006
0.005616405988
0.020850689304
0.000863380114
0.000239205844
0.00206437282
0.006308108724
0.000239120973
0.000239322784
0.003716273678
0.000233860641
0.000234823638
0.000234070426
0.004110947803
0.013040520079
0.036872988171
0.00652184728
0.073806597867
0.001179724978
0.005062755028
0.000242071769
0.000243792245
0.000244175816
0.000236854416
0.000233219483
0.000234778583
0.000235651623
0.006026891477
0.000235059627
0.010959573734
0.000236402622
0.003012138425
0.000234107413
0.000242312567
0.000525111366
0.003752524152
0.003680453183
0.00023490169
0.000243662289
0.013010549774
0.00024267509
0.000234845508
0.000235428965
0.002997805464
0.010702646253
0.000235982053
0.003873894754
0.000245247508
0.001778800825
0.000240894606
0.000234639869
0.000526765781
0.052006603665
0.000239343826
0.011690729704
0.000237007508
0.009128436737
0.003368049733
0.034505180503
0.000842748247
0.000239599573
0.000821249512
0.007190017177
0.000529375902
0.002659820918
0.000240484635
0.000240602141
0.003671175795
0.018842470691
0.040066113562
0.000242329814
0.006311306677
0.000245786212
0.000867452716
0.000246357541
0.004430508509
0.011520451204
0.00180298697
0.000236117248
0.000242910727
0.000528459254
0.000532907983
0.000234902791
0.001768987196
0.00024045917
0.000532491152
0.001900774358
0.008644965892
0.000244295259
0.00236512579
0.000245673424
0.000242414366
0.000242123422
0.000242960485
0.000528444493
0.005471224537
0.000240235012
0.000531820563
0.00023701577
0.000528021539
0.002024668976
0.006464699694
0.000241378971
0.000243073712
0.00023720061
0.000234429019
0.000526099674
0.000529674862
0.001127602462
0.03458781381
0.000240699856
0.00172497477
0.000246277504
0.014415828393
0.001739923343
0.000236135438
0.00024537531
0.000239589991
0.000236632691
0.006272809568
0.000235044116
0.00052765645
0.000857112227
0.000819605011
0.006343770796
0.001713190972
0.000241700854
0.002627196853
0.004694876065
0.000243624078
0.000238028991
0.000243493941
0.000530213398
0.000234078937
0.000821841362
0.005317233942
0.019966481465
0.000235408324
0.005737145949
0.000240194226
0.000244726618
0.000237349233
0.000237490408
0.000241649652
0.002231398847
0.004972410724
0.000241084356
0.000236372785
0.002352999928
0.000242714377
0.004077248324
0.008746373083
0.000234015691
0.000526626412
0.001694601813
0.004303432319
0.000235042499
0.000534342475
0.007484104307
0.000242209335
0.000855579219
0.00024348255
0.013566573982
0.000236272067
0.005206914916
0.040540599855
0.000242626024
0.000535642115
0.000238941936
0.000244025758
0.00024340134
0.002737329662
0.003939538171
0.000242690869
0.000242974032
0.000820301889
0.000247278935
0.000234929345
0.003886529692
0.000235051139
0.004177353988
0.000239675371
0.000242252413
0.000245799234
0.000240618126
0.000243856579
0.000533154573
0.00725399079
0.000246566107
0.006065154456
0.000242644782
0.001408452063
0.007254475016
0.000236232385
0.007548479463
0.000240782337
0.000243199768
0.000236559819
0.00052822333
0.004901324055
0.043293611948
0.000237576062
0.00024277271
0.0005264649
0.003632045797
0.000240852525
0.000533712718
0.000241482913
0.000235475294
0.000528606946
0.002646935087
0.000235565418
