72
83
106
64
76
65
50
75
89
120
95
100
94
82
90
86
82
58
66
74
76
92
79
123
106
134
109
146
122
122
154
68
191
183
68
155
93
168
203
180
80
190
116
62
106
70
143
156
170
176
126
133
139
136
103
138
130
107
106
110
135
122
92
94
107
115
92
120
92
104
91
254
239
288
154
136
143
336
105
135
119
329
295
130
111
230
275
215
309
291
173
187
408
418
133
137
139
193
427
110
488
170
372
92
117
459
119
539
480
73
78
158
156
67
414
401
161
154
121
107
109
102
100
99
110
82
299
336
87
229
229
79
227
276
74
359
67
56
263
303
362
319
335
45
36
27
18
19
4
4
