160
168
153
164
159
34
44
38
39
35
63
92
65
68
35
40
75
49
51
63
69
48
83
53
72
62
91
69
80
76
73
84
86
69
55
56
39
173
125
75
36
133
41
125
52
81
116
144
212
183
127
126
222
137
152
167
110
195
70
122
111
174
108
94
125
98
83
70
76
106
56
119
87
96
50
94
113
81
67
79
72
93
84
97
103
86
109
99
102
110
110
123
194
134
124
228
140
121
102
231
124
132
84
83
78
84
152
111
140
145
165
147
135
128
151
184
366
147
147
155
113
160
145
169
166
177
147
109
225
343
208
428
205
175
435
237
272
115
185
142
117
110
154
176
163
194
170
201
231
267
259
307
305
326
364
348
426
223
229
361
191
250
203
534
443
135
270
324
430
402
327
253
280
258
289
251
251
296
229
273
64
283
239
126
300
107
39
333
95
319
269
42
292
314
342
111
60
357
53
81
