72
83
106
64
76
65
50
75
89
120
95
100
94
82
90
86
82
58
66
74
76
92
79
123
106
134
109
146
122
122
154
68
191
183
68
155
93
168
203
180
80
190
116
62
106
70
143
156
170
176
126
133
139
136
103
138
130
107
106
110
135
122
92
94
107
115
92
120
92
104
91
252
237
289
154
136
143
334
99
135
119
329
295
130
98
225
281
214
308
288
175
196
399
402
150
141
147
210
433
126
497
171
375
92
123
466
126
550
460
73
65
151
149
78
399
423
165
155
125
103
112
100
98
101
103
78
310
351
80
223
227
75
215
278
72
391
69
57
248
317
351
329
345
45
36
28
18
19
4
4
