188
199
189
152
174
40
40
49
45
37
68
82
66
54
42
47
85
46
62
53
68
51
72
43
85
51
85
70
71
66
80
84
83
93
54
43
47
183
154
74
45
123
54
115
45
61
113
141
232
198
119
133
224
112
136
204
106
192
68
116
144
159
116
122
120
119
84
80
76
109
52
119
99
106
62
131
105
85
67
85
88
89
95
105
92
89
86
84
108
105
92
116
164
121
133
232
134
117
98
228
116
130
72
73
71
90
138
108
120
137
182
157
129
141
165
197
403
170
148
147
169
151
150
137
180
195
191
148
239
291
210
445
202
164
453
229
255
91
214
182
101
102
182
185
153
208
154
190
236
260
261
252
290
313
317
373
389
237
210
364
190
237
167
552
401
125
231
291
448
379
319
241
290
249
253
287
246
296
257
280
53
253
311
128
303
117
39
311
95
332
272
32
281
331
329
108
44
325
51
75
