23
24
22
24
29
9
6
14
15
6
16
26
17
14
16
22
23
19
18
24
33
10
31
16
34
18
36
27
30
37
28
31
32
39
39
33
32
3
2
33
34
3
36
4
36
16
32
39
41
3
39
42
16
20
35
41
35
42
21
33
37
36
38
38
28
35
25
17
24
35
17
31
32
39
18
29
44
39
26
25
28
40
43
43
38
32
31
23
36
32
31
37
11
60
62
13
72
61
54
9
65
39
22
31
25
36
28
29
26
39
40
44
26
31
40
54
13
22
24
23
19
25
28
16
34
31
53
8
118
27
101
15
77
40
42
110
119
22
72
57
16
26
31
37
53
42
42
59
50
54
45
52
57
53
51
36
28
101
90
51
61
108
67
55
77
81
62
50
97
89
98
55
95
75
79
77
63
66
53
63
36
39
55
54
38
63
31
47
58
46
32
22
39
45
58
63
30
49
18
38
