19
20
18
30
25
7
6
11
14
9
11
24
17
18
16
17
23
25
14
29
30
13
31
19
31
19
36
27
31
34
30
31
28
30
36
39
30
3
2
36
27
2
27
3
32
19
36
38
43
3
34
34
41
23
44
42
34
51
23
30
36
49
32
26
32
34
26
15
25
33
14
27
35
36
21
23
41
34
20
22
23
41
37
43
36
31
26
32
28
31
26
35
4
75
72
17
72
68
55
6
61
29
24
30
24
28
32
30
24
36
34
45
34
28
30
52
10
21
22
21
19
25
20
26
27
31
43
7
109
38
99
22
75
51
40
103
112
22
82
45
23
21
38
35
63
39
43
53
47
53
48
52
53
58
55
35
36
86
87
61
74
97
81
56
84
66
66
48
92
102
97
69
93
79
73
62
63
61
65
65
35
40
46
57
40
52
29
53
39
42
33
27
44
44
51
64
33
46
17
43
