0.000237530802
0.048404418265
0.000239661119
0.000239210669
0.019305588053
0.006028459061
0.00023591615
0.00428044711
0.000240022579
0.014100219456
0.017469611048
0.03522868638
0.000233880369
0.000234936893
0.000237983626
0.000240080099
0.000244983633
0.008271028211
0.009253666241
0.000238996158
0.000237763577
0.015180087452
0.000236095129
0.055744425448
0.000245177852
0.004507871122
0.000241114189
0.000235159736
0.002670103436
0.007024584615
0.026829994404
0.050702079734
0.000240681546
0.008633005871
0.043973549699
0.000245380725
0.00024090033
0.063799055872
0.000243935861
0.046667295725
0.004312915737
0.012725718397
0.037437033437
0.083462369456
0.051006458065
0.014876668564
0.045330583506
0.000238914307
0.029500794833
0.032417301614
0.056320321027
0.000241261119
0.02265041704
0.000236804453
0.022293639695
0.00024554445
0.000534632404
0.000239161463
0.000234872517
0.009977330896
0.046070941164
0.000242027722
0.000245779563
0.000236873571
0.000242265174
0.013593952678
0.040094739872
0.000235649673
0.02204481759
0.000236692013
0.000235427643
0.007144522931
0.000235369753
0.009464877865
0.000240079389
0.010705069174
0.016877961021
0.00024555189
0.017312665745
0.000245231077
0.000238853222
0.000234746122
0.000233833624
0.023708668443
0.020416202504
0.000238986156
0.013615772346
0.017021676914
0.000237533452
0.000239476925
0.000244806286
0.000239023293
0.000531073101
0.000245231132
0.000533117732
0.010648519361
0.000236016342
0.000235120469
0.000241523429
0.000237818383
0.008589670992
0.000235470655
