0.00024437847
0.004922235834
0.00024054248
0.000240940955
0.00023850326
0.000241399427
0.005193902816
0.002706647413
0.000241972707
0.007459325661
0.000242756697
0.019285915126
0.035857685797
0.000244570164
0.006949227802
0.000537549628
0.01547576109
0.002448877203
0.000821994639
0.014763682016
0.005468875516
0.018216299492
0.042913601279
0.006844871593
0.005833659712
0.029410666132
0.025614976903
0.005104249587
0.002343044559
0.000241902477
0.002916766786
0.011910161345
0.000235314877
0.00023396467
0.000238589941
0.001153368349
0.00589632857
0.01560395167
0.025114560566
0.029188859975
0.05139298374
0.000244603185
0.000239782722
0.006372135121
0.00023437741
0.000234114774
0.001744628319
0.004418847056
0.000530701645
0.000243632373
0.047441282388
0.061330084797
0.005722278174
0.010132269412
0.01304630598
0.02847042533
0.000236988359
0.005748941628
0.000237713111
0.00265906588
0.006066299233
0.022918299041
0.000242346174
0.006506518359
0.001157720728
0.013452047205
0.023646023044
0.000244253811
0.000237841272
0.008197951373
0.004629404057
0.001179241665
0.004144202223
0.026006286137
0.00436430963
0.000243653582
0.000246905029
0.00053292144
0.004333104958
0.010809297115
0.0002453922
0.00461256444
0.000237179754
0.000238012452
0.000239213655
0.004801917772
0.010752901254
0.015426985152
0.024091083385
0.000529417826
0.004151881429
0.028397139277
0.057175942494
0.083610774741
0.000241583298
0.000239908098
0.001750441413
0.005286035954
0.000234786091
0.004194100255
0.001443568629
0.011076333594
0.000527639062
0.036935231084
0.007425703601
0.007171512625
0.017646654331
0.024565922513
0.000235430264
0.000856688574
0.002427979592
0.000234892832
0.00994889913
0.021268945845
0.004615268531
0.007368431015
0.010457693261
0.000527066174
0.024655992552
0.000246816544
0.007005229117
0.034192971369
0.082403465793
0.000244566566
0.005027922195
0.00023478153
0.006295465965
0.004233221244
0.00024443613
0.012440344608
0.014481706339
0.015937897008
0.006331513598
0.000861449745
0.0002396273
0.000532075601
0.000533528817
0.001699281027
0.009142761629
0.008843862308
0.000526441838
0.004201043736
0.013065197998
0.013649590672
0.003591022509
0.00024143568
0.007678577509
0.000235049491
0.000244403088
0.007158821872
0.05645072371
0.005899303046
0.000240512666
0.001432348706
0.032937301384
0.042703667921
0.000239005405
0.001749115488
0.003064249807
0.000235174754
0.000526973149
0.001196809548
0.000236661011
0.004571598589
0.002046412781
0.003314581802
0.000233944351
0.003777587205
0.010076737518
0.0078939883
0.000241847096
0.004226897649
0.005618018442
0.010416559173
0.00024489757
0.000245082842
0.001436924012
0.005023041862
0.000238073145
0.000234014419
0.000235295174
0.006524032205
0.001828005938
0.000235587888
0.000831350634
0.005317400945
0.009250575966
0.000239328185
0.002711999348
0.001723411018
0.029065510247
0.056330135921
0.00023643818
0.004886418926
0.006063739798
0.000531033774
0.000245937744
0.000234232117
0.00262407539
0.012412553904
0.003702828808
0.000237893866
0.001417679291
0.058915463426
0.000244350082
0.000241850306
0.001419418341
0.001405185236
0.003179675302
0.000242045963
0.004868034854
0.000528212408
0.000235725838
0.000818841604
0.002871769286
0.000243607078
0.004911357876
0.015616377453
0.021363005178
0.000526393978
0.000237205957
0.000237203931
0.002348447759
0.011744327221
0.002889917439
0.000528343717
0.011375030226
0.02105533085
0.025420720348
0.005224764308
0.000235126724
0.000527126771
0.00111244134
0.002280432654
0.000243021888
0.000825115049
0.000236776822
0.000528144319
0.016017686088
0.001732748067
0.000233715617
0.000524997564
0.000233872645
0.005261057791
0.000243071973
0.003955982343
0.03366632598
0.011885094648
0.000240561716
0.000241167115
0.000528197319
0.001137190555
0.015177411357
0.006066891003
0.000236281921
0.001111265675
0.00024362337
0.001415132943
0.003759712985
0.004103335821
0.011956096426
0.004531517495
0.008711288404
0.000240875085
0.001124780112
0.004396394626
0.002360080536
0.000237077086
0.000528485181
0.002957626681
0.004907990269
0.059471611643
0.000538653066
0.000237371194
0.004825918601
0.006031680245
0.000526957861
0.004021935883
0.000535402146
0.001448807457
0.000242561587
0.013477023949
0.014202974626
0.003168660084
0.012006169628
0.070118014468
0.08743997084
0.002727111871
0.00024110415
0.005336527942
0.000243109033
0.001399810922
0.00579061829
0.000526452943
0.000530218984
0.012228795793
0.004845731489
0.000242002238
0.000528588026
0.001139406218
0.019914583273
0.001414158072
0.008802306214
0.007099164307
0.00053012301
0.00024624963
0.000528994286
0.000529018194
0.015471938197
0.000236904257
0.000238424741
0.000240035262
0.022995730448
0.025063335665
0.025646050763
0.000527990835
0.000238181097
0.009437761876
0.021638728554
0.003579871907
0.000246186006
0.001146589307
0.000245597728
0.000243306595
0.004700487408
0.001124035688
0.000526775525
0.005050227284
0.007145044097
0.000238935797
0.001152414139
0.010226883447
0.008708381831
0.000240173329
0.001421888651
0.003472999563
0.009844215509
0.000234023312
0.000524894899
0.010120179997
0.000237412622
0.000527784077
0.000235675142
0.002398895249
0.005682189699
0.001153790391
0.003035894156
0.009583176654
0.031328557341
0.00024217588
0.001133020406
0.019886264518
0.000240651929
0.000237666653
0.000850334998
0.000855416615
0.000818253725
0.015736877735
0.018091603881
0.024669302027
0.000526667726
0.000234714178
0.000818612288
0.000844976816
0.000240956567
0.000240992588
0.000818176532
0.001984102974
0.000245131509
0.000527550154
0.001123719257
0.009289738758
0.000243323999
0.003975371186
0.01720783036
0.009796344588
0.000849288517
0.00702516788
0.003921970179
0.000234589289
0.000818484254
0.002710622178
0.000245434855
0.000535553146
0.002968165924
0.000243232634
0.004607474588
0.000531862473
0.002838875046
0.000237942695
0.002850901186
0.000246316223
0.005776147452
0.010767951463
0.033675992346
0.000237801443
0.015396560172
0.018729695678
0.019922313127
0.004101155916
0.00024085505
0.000824891148
0.004166024892
0.001194764319
0.002934050775
0.000234750912
0.000526036277
0.007005585884
0.001406158818
0.039279497827
0.000534117914
0.009685747958
0.000237452978
0.004971857321
0.006327538506
0.000246450368
0.000237706652
0.001446383208
0.003815335075
0.000817940308
0.000243334474
0.000526135626
0.008583884016
0.013033451471
0.000240437247
0.000240659539
0.00309330202
0.026256821629
0.000236836795
0.006269319738
0.000529966708
0.004342211593
0.006395466591
0.000234369815
0.000525470273
0.000242044187
0.007700747385
0.008283558623
0.00600870978
0.000245056865
0.000867056653
0.000237264327
0.001125536215
0.013490243197
0.014197051934
0.000535658669
0.000529906071
0.001484668721
0.000240871774
0.000234647849
0.000526997368
0.000235298504
0.000242379593
0.000243344687
0.005908366992
0.000242407028
0.000235572317
0.002040844408
0.012086257925
0.000237254024
0.000234580788
0.000525675073
0.005013424219
0.000866353149
0.00052787964
0.001458013798
0.00024627224
0.00023705829
0.022910224096
0.000245662669
0.00483356298
0.000239783505
0.00053067294
0.006541824787
0.009328562994
0.058924940982
0.000837145861
0.013056712903
0.015931017642
0.000535093481
0.005679390967
0.000234893928
0.003407401785
0.000237034173
0.000237347869
0.000246654542
0.000842005462
0.015534071255
0.000528532648
0.00342993217
0.011128631511
0.006557836199
0.000244605848
0.026444652331
0.000243676243
0.000234378115
0.000527006721
0.009854099685
0.000821452429
0.000234295268
0.000236252039
0.00024409681
0.000239169841
0.005743807486
0.000246195284
0.000829372751
0.000235615354
0.000237553365
0.000242218425
0.002895859954
0.001435331942
0.000239226702
0.002079112281
0.004956913402
0.00023988575
0.000246733407
0.004631399467
0.006088847826
0.000234320662
0.000526128039
0.033837508171
0.000246314515
0.02846147136
0.00024168925
0.002301620858
0.007029863554
0.013125476903
0.005211396811
0.001465816355
0.000852090594
0.000240313336
0.001129131808
0.007489538779
0.000864018458
0.000243476425
0.004324610735
0.012780016013
0.000237938185
0.006965673019
0.000528331395
0.00024129048
0.00181367135
0.007025015497
0.000234961385
0.008471498621
0.000240276019
0.003345692571
0.000240212865
0.000234646913
0.000817340066
0.000236357964
0.000245389712
0.029122125294
0.00024463549
0.000245596234
0.000237269117
0.000241933014
0.005721400303
0.002332583458
0.000854883804
0.008890013451
0.016427737359
0.024541981612
0.045954650819
0.00208956071
0.00249099246
0.005800990349
0.00023763191
0.000243670435
0.000234739397
0.000235844542
0.001160994664
0.008975206147
0.002421201793
0.002294151771
0.000241592671
0.003705675611
0.008111790641
0.000234692301
0.000237701357
0.01100595933
0.00024083691
0.000245265897
0.000235525929
0.000238909015
0.000242591172
0.000244544665
0.002043077626
0.003820490321
0.002701112524
0.000834875301
0.000817499395
0.000234123147
0.000237108564
0.002656808699
0.005912994033
0.000243713973
0.004848262141
0.000239626759
0.001773094576
0.000239196358
0.000867356112
0.036410967648
0.000246466369
0.000247090191
0.000243115785
0.000244015134
0.000828775623
0.000234438002
0.000235129481
0.000553215409
0.005884150272
0.003277403863
0.00023885165
0.001426437802
0.001129191658
0.010817692904
0.001725687928
0.00023914542
0.000246794694
0.000534092646
0.009678209862
0.000818621164
0.031185889656
0.005560671382
0.010233456867
0.079016486342
0.000236185538
0.000235294431
0.000526929403
0.000238955271
0.000239808958
0.000239115894
0.000233998382
0.001121026749
0.000245426521
0.005981140614
0.000834403717
0.000234757751
0.00052691013
0.006386114228
0.008396925128
0.000246647575
0.000845589944
0.000235077352
0.006715474384
0.00082149193
0.002966930432
0.000235640743
0.00729128251
0.000843426567
0.000244887883
0.000235856982
0.000246583645
0.000240182965
0.001444232862
0.002343845904
0.004288614735
0.000243744844
0.004255436702
0.000237939205
0.000820538652
0.003578611694
0.000239519506
0.000864212961
