0.028161540175
0.000528639282
0.007539995568
0.011526263145
0.000240923632
0.017747092717
0.000529031183
0.000242294088
0.009439189707
0.000236303925
0.000238625944
0.024910069227
0.000242499687
0.000245033166
0.045030802377
0.004821640429
0.000534729803
0.002598631543
0.000241826381
0.001482648525
0.000243667561
0.000245058751
0.005049680807
0.000529650068
0.037447800922
0.0431440352
0.002034614346
0.005350514973
0.005606321891
0.000238379503
0.00052915138
0.000245631607
0.002710789825
0.000239196596
0.000530881338
0.008643281116
0.006049547898
0.006418802514
0.000235559207
0.000244581698
0.000246511246
0.00792967821
0.004584310971
0.000234025997
0.009958746678
0.022477555796
0.013919819797
0.053482750456
0.00115971179
0.003033608875
0.00649647524
0.008725967217
0.010604241157
0.000241628016
0.006284025563
0.029119087166
0.003523089283
0.008578275913
0.015079368585
0.007730751112
0.000826231129
0.000241955658
0.00024318192
0.00327496846
0.00241046583
0.027807782137
0.030962963378
0.000236185118
0.000236484221
0.005319331769
0.003188894637
0.000234517415
0.0002346497
0.000236294495
0.000246926469
0.001452813999
0.000243706183
0.001448979815
0.008726970192
0.002108073325
0.00024527155
0.000247178949
0.00024489211
0.000245963055
0.017719781408
0.030604364716
0.000235885938
0.001775244275
0.001717521857
0.005584712114
0.000234907939
0.006523397066
0.000233939607
0.00024256197
0.001472057572
0.000242879489
0.000530531839
0.000843990052
0.006292593539
0.000235314227
0.00023844587
0.000236215924
0.000536646132
0.0005358555
0.000241966365
0.001136743354
0.000235880796
0.002974675317
0.000245757173
0.005233780458
0.000235568243
0.000820386816
0.000528522505
0.002073960618
0.004542215311
0.000235119248
0.000244228984
0.000525937484
0.000241032388
0.001775875023
0.000243969256
0.007121046126
0.000239373949
0.000233836276
0.000241602574
0.002765798108
0.000243989954
0.000244171665
0.000235218237
0.006865827145
0.003653611955
0.000247036003
0.008880683108
0.00084153259
0.000537369795
0.024214740012
0.005513543564
0.008558281743
0.008536719977
0.000245727424
0.00024080683
0.000234845855
0.000239673771
0.002915628947
0.000244212918
0.000244923045
0.000816991471
0.000245100316
0.002400376697
0.000235812235
0.000244886609
0.000245326718
0.002611376683
0.007223647631
0.000245602157
0.000240380063
0.000239848075
0.000240628787
0.000239928439
0.000242932059
0.000533580388
0.001130364037
0.000242314744
0.000242590258
0.000242886686
0.007355897932
0.000236943409
0.005430208804
0.000235959519
0.000241916587
0.005941775596
0.000239778275
0.000242503158
0.000246924884
0.000241128591
0.001470797661
0.00023849407
0.000237836933
0.000234351068
0.00023580563
0.000243970578
0.004705584122
0.000241684255
0.004804633972
0.000244539041
0.002556313467
0.001722754225
0.000538379657
0.013033665984
0.000534078668
0.002742226167
0.000241349983
0.000533284211
0.000826747722
0.005020207457
0.000536998816
0.003345498498
0.000851221336
0.000240371433
0.004661618741
0.000526875365
0.018321625506
0.00023736711
0.005479343205
0.002751840666
0.000244870425
0.000526274298
0.000238460892
0.000239400226
0.000245164945
0.000243621632
0.000243822435
0.002994675481
0.008071816362
0.000233754812
0.002034489727
0.000238152383
0.000529878311
0.000240930415
0.000241320443
0.001421718256
0.007203715943
0.005573710879
0.008113255022
0.000236499012
0.000238203624
0.000534954756
0.010050371709
0.000534316125
0.000242048593
0.001137497386
0.002412066416
0.002983670413
0.000245665912
0.001464219443
0.006070505089
0.000235033894
0.0015166128
0.000243959587
0.003193662732
0.005232782367
0.000837974688
0.006569994513
0.00456818626
0.000237182132
0.004350296313
0.001140441014
0.002307603928
0.000239312959
0.000525984638
0.000855457396
0.000234594392
0.000242495526
0.001802118315
0.00023528718
0.00024500903
0.000828517076
0.000533403267
0.002069654576
0.003089188187
0.000239719352
0.000828426699
0.000238660185
0.002431374734
0.000242591847
0.000242305671
0.003608651659
0.000239314865
0.00419396582
0.000236374777
0.000239641236
0.003241710631
0.000531732027
0.00270198353
0.00703240027
0.000243062012
0.000242039725
0.001139505384
0.000245008159
0.00024614847
0.000235679733
0.000242614994
0.000527531844
0.000236285796
0.000532810212
0.000240053285
0.000242243072
0.000864493991
0.001123439785
0.015261393259
0.009395022895
0.000240952145
0.000243769922
0.000246789169
0.003326848888
0.000234762439
0.000235668521
0.000527132232
0.002768073373
0.000245432893
0.000239865745
0.001430416624
0.001415474576
0.00023582896
0.000245889078
0.000242493736
0.000826279966
0.003969726866
0.000244485611
0.001799474334
0.003502305917
0.000244852234
0.002057089349
0.000243087225
0.00523296756
0.000832195188
0.000836545706
0.003842532039
0.002046862113
0.005190093535
0.004020630588
0.000241762913
0.000529743681
0.000235299014
0.000239480137
0.007186096984
0.000239232354
0.001107979242
0.003936241343
0.000865671707
0.00024352532
0.000237276709
0.000837391185
0.000236143959
0.000833257548
0.002065439737
0.000236324219
0.000234376841
0.005445975375
0.000828805318
0.009481811759
0.00024086444
0.000238214839
0.000822141558
0.000242168878
0.000237370289
0.001455940743
0.000234090338
0.003405806928
0.000243965374
0.000236635094
0.000242582696
0.002698812115
0.000235890506
0.000237736616
0.000239240271
0.000530885102
0.000239027122
0.000246010101
0.000829791001
0.000238143946
0.000847939904
0.000530587134
0.000239869191
0.000244703872
0.00182030866
0.002078463941
0.000830929344
0.002681409358
0.001780730623
0.000238334349
0.000240292805
0.000822880013
0.000817517094
0.000246756596
0.000241185746
0.001458731083
0.000242770016
0.000237834719
0.000237349504
0.000234960892
0.000843924138
0.000245304302
0.000240398545
0.000237925461
0.000846949432
0.000235724426
0.001742532259
0.000245811144
0.000240426008
0.000246128809
0.000246342736
0.000237251031
0.000243568166
0.000243654825
0.000239112636
0.00023784281
0.000238187116
0.00024283189
0.000240360732
