0.000238637763
0.00053382484
0.008384186538
0.000234891699
0.031963151337
0.049405797219
0.000531552983
0.024106658368
0.000236017003
0.000237504462
0.000240008226
0.000526184521
0.000243828512
0.031149611745
0.010323728487
0.028522479164
0.000236978571
0.000245928529
0.000241734144
0.003822305107
0.054769484134
0.029264872444
0.068372495827
0.07067193041
0.00023582843
0.000235980295
0.000235397702
0.000236846888
0.000531649008
0.000236339609
0.000244416984
0.022258897218
0.000241093517
0.039507495263
0.000234959499
0.000244893402
0.009587690254
0.000829116376
0.003372422548
0.000238086976
0.000238272656
0.003334011777
0.000238712465
0.00024622103
0.004077862425
0.029182917449
0.050150745167
0.043503675904
0.079330439771
0.000236815652
0.003594665885
0.018413226739
0.045023808837
0.00576009005
0.000243904035
0.006083031612
0.000526529298
0.027676576697
0.030263400512
0.036384277039
0.000237795163
0.013544487218
0.006897168629
0.000242027973
0.000244148636
0.000244149412
0.000525759886
0.005813588111
0.000240726509
0.004867815238
0.014542775371
0.025717855169
0.012023212798
0.06798075884
0.079008204302
0.008110436455
0.010456059068
0.011039969683
0.015712032235
0.031320235897
0.010428359761
0.044782379682
0.005008283239
0.023062336135
0.000240275194
0.000526819464
0.013217032188
0.004376947295
0.007551093203
0.013632339929
0.047164688711
0.061851499584
0.00023514687
0.000233840994
0.010244958001
0.043989310857
0.000534502957
0.014437208063
0.016651591163
0.000239560259
0.000531568753
0.016817375997
0.000244006791
0.00023418444
0.006445245731
0.024088714955
0.005180998958
0.028335793302
0.000527590741
0.002003584155
0.012955717293
0.028694321512
0.0584633074
0.076737537664
0.000528991861
0.002587518421
0.012772564328
0.036488358619
0.000240382185
0.008647597489
0.047779404882
0.06831545044
0.106938776349
0.000242309087
0.016816300217
0.044540805233
0.000244880226
0.01570113736
0.043076631079
0.010026514341
0.022074123401
0.062541754655
0.000536676237
0.010172375145
0.007153268375
0.000235981272
0.023128988443
0.044212963347
0.009708335389
0.017110179489
0.000526721566
0.006018323592
0.002298346228
0.039667746678
0.060594043377
0.024105304569
0.070861747076
0.000236252599
0.006313008931
0.003520688458
0.017256032932
0.000234313118
0.016384453447
0.00023946051
0.012949229992
0.019807648363
0.000235459348
0.000236254133
0.000240211136
0.00413964731
0.000536300905
0.004398766966
0.046216301491
0.000238489214
0.005192790285
0.000245529742
0.006456394938
0.004796200095
0.007606968661
0.06237466705
0.010768825076
0.000242134828
0.005900944333
0.000240208687
0.009287061244
0.025842863645
0.073868359044
0.000239764222
0.00320975838
0.018139039497
0.019013116398
0.000240354117
0.000243828009
0.000526913152
0.007984164398
0.051245724261
0.004772206024
0.000529888812
0.004519968251
0.008218353278
0.000244228633
0.00024056141
0.000528687384
0.006002176051
0.009233956622
0.000533370525
0.011452842865
0.005373985286
0.000832875055
0.001414945785
0.000239305902
0.000526682561
0.003254051121
0.004507965334
0.000528015874
0.004089329917
0.006448150962
0.016409972856
0.039243554716
0.000239379114
0.00369795043
0.000236480353
0.006242640016
0.000824565013
0.001700400812
0.000245447406
0.00142559198
0.004076690821
0.000234841979
0.000818807278
0.011021536581
0.003372366103
0.000234949908
0.000235305079
0.006608823548
0.000235622043
0.005206687713
0.012821331625
0.002232062856
0.000237812021
0.007262592134
0.00023651267
0.00554480217
0.000864112649
0.005742535073
0.060985753252
0.066924895522
0.011934138717
0.07441487615
0.082815652958
0.000237211941
0.000845396133
0.001139682885
0.012373081647
0.060561237206
0.00141328538
0.007560395185
0.000235536309
0.001692795335
0.002884121203
0.054653665293
0.00228183941
0.000235307236
0.000235666127
0.004092426635
0.00634749241
0.00409097231
0.000238253748
0.003063047704
0.015805998624
0.000244160986
0.000852228732
0.003201978503
0.001136380526
0.006151502561
0.000245834676
0.000526533753
0.010083056197
0.022128094801
0.081928999599
0.00237725377
0.007173638757
0.008438432874
0.000237520963
0.000238058039
0.005296367776
0.000236612037
0.001413171852
0.00304494279
0.007732193286
0.00024648466
0.000238986807
0.000240332895
0.012014747929
0.000236330723
0.00316132006
0.053729791187
0.001508840064
0.006574420215
0.002057954595
0.042422171683
0.000239203339
0.000531229497
0.000242498889
0.000525893487
0.000864869049
0.001134111016
0.00024438486
0.002641712551
0.02456976474
0.00023610739
0.000236364681
0.0002346413
0.001426209049
0.003185583142
0.000531953428
0.000245869957
0.002605608322
0.018942990876
0.022602998211
0.003448909292
0.000531936073
0.035605290981
0.07484980859
0.002585391747
0.003914639981
0.077234342165
0.000242160977
0.010470516539
0.000238582489
0.006902885404
0.003231392809
0.007030526341
0.012752088188
0.026362262195
0.037150891146
0.000235244214
0.001123072111
0.002592417695
0.008211189632
0.027833994416
0.00052787079
0.001416115606
0.009060620346
0.001108120016
0.016362326563
0.012545351688
0.01400073821
0.020113858539
0.001122921742
0.000526948348
0.004093320784
0.046838785024
0.000238281503
0.0002462524
0.001136050111
0.000827503426
0.000236472301
0.003621651452
0.008242335048
0.019482900183
0.002014359797
0.014092253355
0.000237048774
0.000238903318
0.000530514558
0.002278462421
0.012977615862
0.006375441715
0.008122572527
0.028661582964
0.000237207365
0.000530100091
0.008253061171
0.027053135151
0.000237253193
0.000238122534
0.007824197692
0.009775345463
0.000530372419
0.007360321903
0.009411358553
0.000527842406
0.009231027199
0.014649736501
0.021650945652
0.000246030824
0.000235577663
0.00023888951
0.002419149962
0.000526789506
0.002783995153
0.006541189172
0.001439950798
0.000525805964
0.004124452172
0.001430057341
0.012607677002
0.000237477188
0.000528350682
0.007170697056
0.007517506751
0.000237916788
0.005089315581
0.000530290384
0.011820029717
0.012488558781
0.000525695695
0.000818318893
0.008349034826
0.000238581805
0.000238311486
0.002000824434
0.000530927192
0.009607577686
0.000244035557
0.006054961613
0.007894468472
0.010554828362
0.000236186536
0.000819643613
0.013194639383
0.006231902306
0.002944881607
0.031333642136
0.004054297995
0.006865744192
0.027496275768
0.000240079606
0.000531775267
0.003905861387
0.008008721085
0.020544251185
0.007259855143
0.010376521461
0.040048249782
0.000530514776
0.000530527078
0.007191042537
0.019889578847
0.072753976557
0.000242248035
0.000241434719
0.005424993427
0.000241570012
0.007650200278
0.000241445887
0.006826624952
0.01195456831
0.004547967391
0.000233537581
0.002667780269
0.000236381045
0.003265630212
0.000233356012
0.000238855091
0.003784803612
0.006710103149
0.00380744621
0.006178080117
0.000526150749
0.00464258172
0.005820894387
0.018702560974
0.003442050236
0.008891675556
0.000844177658
0.000239762093
0.006118791813
0.000526411842
0.008001925152
0.011158620494
0.00024354161
0.002063173882
0.012300366889
0.03132680002
0.005318547806
0.000238850752
0.000529914976
0.000234357948
0.000525930169
0.000241647525
0.005852990265
0.000235668732
0.001414645011
0.010808569637
0.028655597003
0.00612308232
0.024611240844
0.076079724178
0.000238631558
0.000242224214
0.005928838862
0.011520363813
0.000819760578
0.013208461883
0.002692403595
0.000532332467
0.004361705459
0.000527378482
0.000527676366
0.003027762009
0.003783891597
0.000530847708
0.005254544413
0.007317574528
0.000234114341
0.000525178998
0.000243427058
0.002882418906
0.009875612726
0.011231424628
0.0521652377
0.006646283282
0.011310932188
0.020233996328
0.002800776181
0.009980529855
0.00052746656
0.001123530738
0.001869821235
0.000237924663
0.006016280414
0.004975594629
0.009618966249
0.031202494545
0.003748405033
0.007718562486
0.015433411403
0.017661306222
0.027997300006
0.000528072655
0.001884628786
0.016032219787
0.00731849916
0.010233295126
0.015642127913
0.000534908381
0.002057716876
0.00024030741
0.00085292796
0.000233494552
0.005124419833
0.023265191626
0.000524974433
0.000526358433
0.001121519194
0.001747443543
0.000534190252
0.004908711948
0.004291133631
0.010174181599
0.000236395751
0.000530143038
0.001876730124
0.000233636981
0.000527251924
0.006447370529
0.000234201396
0.000243318377
0.023058214977
0.000234043647
0.000525859539
0.000246669556
0.000240009471
0.001445831764
0.009368162631
0.00023444137
0.003376093742
0.003960727042
0.010685127501
0.000242857109
0.003436350629
0.005275388146
0.000233464178
0.002047233563
0.012803021409
0.000242831022
0.000532564651
0.00987020305
0.021630411031
0.023378365055
0.062043310217
0.000237998286
0.000821958705
0.00232945601
0.009601347809
0.000234334668
0.00268490831
0.000235349638
0.001145481797
0.003249989757
0.000531605265
0.000246458878
0.005950397854
0.000238976374
0.001772291405
0.000240985673
0.000243149779
0.000532116318
0.000234952514
0.000524523605
0.005231761516
0.006264997562
0.000532761665
0.000529327544
0.006043242247
0.00024268528
0.000534102569
0.002376495205
0.00024026898
0.001127623886
0.010190467208
0.002053976631
0.002633553672
0.003485508534
0.000246047277
0.000537315029
0.021047897699
0.000238230528
0.000237354774
0.004990750062
0.00973063809
0.000237038557
0.000237088559
0.001125272852
0.004100595901
0.000238109142
0.00111265166
0.003496506072
0.000245203906
0.004514658821
0.000245628739
0.000246386107
0.004771763006
0.000236580465
0.000820066846
0.004512954316
0.000239490952
0.000244354323
0.000527925067
0.001413996341
0.000246564924
0.000821416628
0.00024364322
0.00241201735
0.006184102377
0.005573419937
0.003207418205
0.002061759255
0.005306374462
0.009362358384
0.000242170673
0.001424298293
0.002145935814
0.004973618612
0.002595452774
0.020578039755
0.038122603013
0.000245708308
0.004149787767
0.000244762353
0.002743874752
0.00302038076
0.011413489771
0.000234401792
0.002375860468
0.000239837301
0.001141206386
0.000241706167
0.000244554642
0.000243008572
0.006098991208
0.000242973562
0.003752994006
0.003375463859
0.009149251198
0.000828188082
0.003720217288
0.014561182785
0.000239967701
0.000240755646
0.002043107224
0.003527333052
0.000831552381
0.000242595432
0.005718793267
0.007920218739
0.000238893043
0.005778758111
0.000239835645
0.000235880962
0.00111279894
0.000246298944
0.000833800389
0.000233721064
0.000241117229
0.003764158353
0.009718620083
0.013728884232
0.003085395918
0.000529128663
0.017461152913
0.000244121824
0.00084406595
0.00438200345
0.008794526248
0.000243765009
0.001751035161
0.003049807221
0.000236267249
0.007771679645
0.001117212886
0.002950986664
0.004143619842
0.000237943548
0.000241459501
0.005625498125
0.00023510971
0.002051355917
0.011590125222
0.013172754713
0.014642862535
0.001113598623
0.001129751049
0.006696425008
0.005446617143
0.007358269887
0.000245178609
0.000235670256
0.005498216367
0.006080353163
0.014243835047
0.000850054689
0.004904011721
0.00082727998
0.004793626769
0.000234162663
0.00145160876
0.000242888799
0.000245056164
0.000528739172
0.001696346468
0.017479504787
0.019152227485
0.026363549414
0.001115495021
0.003665221073
0.003896415272
0.00023497487
0.001148884074
0.000235371923
0.00024504798
0.002732619084
0.000239808467
0.006715549521
0.005489444014
0.002383679906
0.000243091346
0.002082707285
0.000528746689
0.00300244913
0.012333612905
0.000237758974
0.001138179364
0.000247453024
0.00023914986
0.009207316586
0.000241830756
0.003653552629
0.00023740951
0.002651417143
0.000246366656
0.000240385392
0.000837262086
0.001137432681
0.008794202175
0.000236392017
0.000243073144
0.002046468222
0.004721706462
0.010088138037
0.051102378762
0.000237965778
0.001773844057
0.003173386448
0.009225119221
0.011890169651
0.000243785179
0.000236028136
0.001467579156
0.000244919552
0.000235698688
0.00023599599
0.000239503924
0.002332575396
0.008337717511
0.00519854533
0.000245479035
0.001492484632
0.000528729884
0.000236916685
0.001719528768
0.006723967665
0.011134659358
0.000243697439
0.003215687154
0.010172143628
0.003833309114
0.00023935466
0.006799609628
0.001740180302
0.004899422065
0.000530434985
0.000831827416
0.001720090567
0.003761596378
0.000242823127
0.007642164548
0.008224792062
0.000245821245
0.000234168532
0.002311192395
0.000242421066
0.006530634327
0.000244441226
0.000233882485
0.00174785228
0.000241121889
0.001138702051
0.012180432148
0.00300241251
0.000236854895
0.002646021894
0.000238746494
0.00261016179
0.004991804633
0.000850929386
0.000242338125
0.004873801208
0.000245217876
0.000239248729
0.000238322533
0.000239293286
0.00170775249
0.005841898549
0.000241198694
0.000235194341
0.000527905273
0.002382640694
0.00149695099
0.001148064599
0.000246431339
0.000859239807
0.000237960112
0.000527246298
0.004130775086
0.005918557094
0.000236664587
0.000242179318
0.000533343023
0.000235900383
0.000244856769
0.00054992692
0.000239240147
0.000240069842
0.000243745165
0.000822818976
0.019273870413
0.000236345086
0.000527535711
0.000243644303
0.000240104426
0.001115053812
0.000236276304
0.001410479717
0.000241251929
0.000863314141
0.003863556651
0.000831562678
0.000240657157
0.000234297156
0.000237437063
0.000238800319
0.000530358416
0.000244013199
0.000240766237
