0.028161540175
0.000528639282
0.007539995568
0.011526263145
0.000240923632
0.017747092717
0.000529031183
0.000242294088
0.009439189707
0.000236303925
0.000238625944
0.024910069227
0.000242499687
0.000245033166
0.045030802377
0.004821640429
0.000534729803
0.002598631543
0.000241826381
0.001482648525
0.000243667561
0.000245058751
0.005049680807
0.000529650068
0.037447800922
0.0431440352
0.002378343562
0.00565580423
0.012040734019
0.000240267344
0.000531039221
0.000237701371
0.002650859589
0.000236927908
0.000533392596
0.0096429449
0.004415396213
0.0107797617
0.000243655745
0.000234139904
0.000246433336
0.014544265466
0.004511080683
0.000233910757
0.008636515427
0.017309135715
0.02500943974
0.001155754679
0.003158671345
0.02500177758
0.005962298291
0.017309806261
0.000237128686
0.006274189752
0.022159084085
0.007513142532
0.012234285006
0.075370478013
0.003005186589
0.000858974403
0.000235849599
0.000241855301
0.004247497052
0.00466278087
0.018009276096
0.023686460434
0.000243894841
0.000246235714
0.005557766207
0.000238735463
0.003198669758
0.000238829587
0.000245911527
0.000241252722
0.000235378817
0.001456993794
0.001463665517
0.008034550215
0.002110495782
0.000241035956
0.000245073138
0.000237246153
0.000235338084
0.022898884939
0.03286741882
0.00024475904
0.001817548882
0.002405773752
0.006489895482
0.000245179458
0.003312617564
0.000244917502
0.000245650737
0.001429629367
0.000242327543
0.000533932937
0.000824784967
0.027982818028
0.000241861582
0.000234039011
0.000239309645
0.000530669918
0.00053178738
0.000238607636
0.000862899493
0.000246412634
0.003353079228
0.000243728702
0.005525153032
0.000234607321
0.000819425894
0.000532914744
0.0049611606
0.002979398819
0.000235682862
0.000239573126
0.00024155226
0.000245412521
0.001768094121
0.000235751247
0.00288063699
0.000240167321
0.000233578939
0.000238660933
0.004228666835
0.00024020456
0.000240386271
0.000234090143
0.00614489717
0.005238171164
0.000242347045
0.005416956684
0.000826096868
0.000538248667
0.004403121664
0.008401536536
0.019786129488
0.00898944238
0.000243134376
0.000234830999
0.000240702034
0.00024582983
0.002978487886
0.000238001407
0.000244946585
0.000830026236
0.000241552909
0.00205382929
0.000245871539
0.00024132476
0.000241764869
0.003984168963
0.008444949879
0.000238208359
0.00024440307
0.00023536696
0.000236147672
0.00023604057
0.000235157843
0.000525806172
0.001135589821
0.000238493919
0.000241534335
0.000241830763
0.003510852335
0.000234415745
0.007802192714
0.000238103431
0.000234553738
0.009087113433
0.000242792041
0.000242392475
0.000242701146
0.000235488708
0.001504157778
0.000245807856
0.00024476336
0.000235074957
0.000526255203
0.000234675163
0.005065243
0.000239671438
0.006882892571
0.000238862917
0.005199341744
0.005448420231
0.000527163968
0.014676515906
0.000527349242
0.005476116254
0.000234938408
0.000537413865
0.000817437301
0.00576589266
0.000527545067
0.002420693701
0.000818581061
0.000526102026
0.004797827783
0.001121961263
0.012143988736
0.000233880469
0.004779750374
0.006214398295
0.000240195627
0.000864622838
0.00023529487
0.000525622794
0.00052679427
0.000245982422
0.000247243389
0.000242138606
0.00321320399
0.004210144634
0.000235200224
0.002404243084
0.000244630863
0.000536356791
0.000246066952
0.00024645698
0.001693947448
0.004965118252
0.006336403863
0.00972713871
0.00024403719
0.000245741802
0.000536401035
0.005857629721
0.000525786108
0.000234603134
0.0011475443
0.002429399994
0.003013949421
0.000245421734
0.001424975265
0.010924010317
0.00024502958
0.001474608486
0.000239831747
0.002308184966
0.004742327444
0.000864300637
0.005695273986
0.004417480279
0.000244579496
0.004214693677
0.000536234184
0.001716344783
0.000242248467
0.000529192548
0.000819065563
0.000245133511
0.000240329003
0.001786951792
0.000240965899
0.000242016776
0.000825524822
0.000236463887
0.003535383858
0.003149670315
0.000241980639
0.000862481742
0.000242496651
0.0024092112
0.000239433425
0.000243349549
0.003709445814
0.000240435925
0.005270130819
0.000240702405
0.000245232575
0.003653897865
0.000234500108
0.002695751611
0.011845398227
0.000236174206
0.000241752251
0.00117821791
0.000234127793
0.000235268104
0.000242329257
0.000244409981
0.000530328755
0.000243303199
0.000534119918
0.00024609072
0.000238645902
0.000847896821
0.004756464652
0.005353398559
0.009342983278
0.000236372028
0.000246554251
0.000238808277
0.00469992718
0.000240269711
0.000240089793
0.000537781564
0.006486317495
0.000243529421
0.000236854311
0.00145340519
0.001740918644
0.00023692575
0.000239865632
0.000236003751
0.000845789981
0.003918658222
0.00023824966
0.001780571936
0.003163086577
0.000239864545
0.00206510166
0.000236788033
0.003969165897
0.005109472841
0.000867076535
0.000820568564
0.0039919681
0.002358831416
0.004919440609
0.004077555283
0.000238559386
0.000535175184
0.000238765732
0.000234975131
0.007425673985
0.00023486249
0.001181478939
0.004031758386
0.000848828301
0.000237025554
0.000234235337
0.000847349813
0.000239762867
0.000836876456
0.001783946514
0.00023535192
0.000239104839
0.005407795395
0.000822568742
0.009055629121
0.000237333684
0.00023508639
0.000832013109
0.000235392131
0.000245195358
0.001502765812
0.000244248041
0.003516830603
0.000239373185
0.000244058161
0.000234000323
0.000526265584
0.002681832943
0.000244685181
0.000246531291
0.000238776426
0.000539008961
0.000237429537
0.000243021409
0.000865802309
0.000244827436
0.000841623394
0.000537075427
0.000236794378
0.0002440309
0.00174135591
0.00210863742
0.000855376659
0.003316867531
0.001790734614
0.000238045024
0.000237183234
0.000819770442
0.000834170886
0.000235151682
0.000246850239
0.001477395576
0.000237533177
0.000237555789
0.000242077625
0.000236657809
0.000845621055
0.000234246076
0.000525420793
0.000244875988
0.00023951362
0.000848537591
0.000235326468
0.001999401241
0.000235511263
0.000240928935
0.000242263005
0.000242476932
0.000246385227
0.000239702362
0.000239789021
0.000235246832
0.000246977006
0.000234321312
0.000238966086
0.000236494928
