0.00024437847
0.004922235834
0.00024054248
0.000240940955
0.00023850326
0.000241399427
0.005193902816
0.002706647413
0.000241972707
0.007459325661
0.000242756697
0.019285915126
0.035857685797
0.000244570164
0.006949227802
0.000537549628
0.01547576109
0.002448877203
0.000821994639
0.014763682016
0.005468875516
0.018216299492
0.042913601279
0.006844871593
0.005833659712
0.029410666132
0.025614976903
0.005104249587
0.002343044559
0.000241902477
0.002916766786
0.011910161345
0.000235314877
0.00023396467
0.000238589941
0.001153368349
0.00589632857
0.01560395167
0.025114560566
0.029188859975
0.05139298374
0.000244603185
0.000239782722
0.006372135121
0.00023437741
0.000234114774
0.001744628319
0.005291950421
0.000528296026
0.000241292862
0.008051985763
0.033445766013
0.058969911394
0.00660778807
0.003759351872
0.01193051982
0.024303234785
0.00443739715
0.000236327455
0.003443986064
0.011396129728
0.030629662606
0.000237396687
0.003660785086
0.000527889353
0.001415853718
0.019552103483
0.059409800997
0.000244593487
0.000243298178
0.008615741403
0.004850624433
0.001126688923
0.005919573801
0.029816507553
0.005440724031
0.000240192127
0.000241839406
0.00024244535
0.004741493867
0.012556006591
0.000235087623
0.005216240762
0.000243214592
0.000244021985
0.000242927912
0.004009048372
0.005781198893
0.007532705249
0.008585103136
0.000239379467
0.003917900345
0.029934755209
0.032734956738
0.072884276757
0.000237108195
0.000238593634
0.001710143335
0.006187915627
0.000238468913
0.002381962413
0.008154671368
0.010918625032
0.000529160982
0.01608124942
0.053779258709
0.066759617064
0.004347505785
0.002888234516
0.009490530174
0.013485889043
0.000237061153
0.000832327353
0.00351814563
0.000241634647
0.010013313849
0.039129516304
0.001110649293
0.007222977011
0.0307064409
0.006606531098
0.010666566251
0.000241406545
0.006133447601
0.01780102811
0.05665786525
0.000240146003
0.006187927691
0.000239620037
0.006081557876
0.008498089629
0.000234580419
0.00275231305
0.023105098044
0.026064273364
0.003315485211
0.000840928344
0.000244744224
0.000538091357
0.000821365179
0.003749188567
0.009022875334
0.005058060262
0.000237301979
0.005263403282
0.018238192027
0.044335562284
0.003630888074
0.002355286966
0.000235067491
0.000244009168
0.006013947896
0.010296184301
0.002072483638
0.00024036971
0.002073137466
0.007722077069
0.009206027828
0.000244551967
0.00177868142
0.00295498081
0.000237560507
0.000529358902
0.000235681019
0.001428478802
0.000246803885
0.004760019491
0.003462194636
0.029501525999
0.000234214534
0.000529348014
0.00874172104
0.012980447151
0.003280465311
0.000234352092
0.004063305551
0.011446555974
0.004517392317
0.000237311495
0.000237496767
0.001138337937
0.00141705206
0.010093394848
0.000244326579
0.000236686814
0.000237967569
0.004318654699
0.002102288697
0.000237448699
0.000846204651
0.008460683135
0.02635675226
0.000236690218
0.002657371449
0.000828641631
0.011985827981
0.035409640519
0.000244617971
0.000235812679
0.003200586946
0.012289822293
0.000526557776
0.000244214184
0.000242643265
0.002019702493
0.005603347118
0.004150464586
0.000244034374
0.000527014454
0.00112280375
0.004974763507
0.02179974899
0.000242822803
0.000243462898
0.001460030933
0.000820043188
0.00258044346
0.000530943267
0.003545293917
0.000235822721
0.000245814723
0.000527841291
0.001694443471
0.00024334448
0.006476559547
0.008122067453
0.018666332509
0.00052978171
0.000235174256
0.000240340458
0.00232074029
0.017834895538
0.003636537892
0.003778544677
0.018951061031
0.022168068378
0.005508443232
0.000234368508
0.000526240165
0.002316581269
0.00495790076
0.000528767031
0.000819195183
0.000236252335
0.00023781343
0.009476237045
0.004169844169
0.000233572882
0.000243518706
0.000242550786
0.010572181285
0.000237497124
0.007345807916
0.05724037085
0.008059680304
0.000234929333
0.001134286965
0.03025968052
0.003298502391
0.000236820095
0.000238273939
0.000528412132
0.00112589738
0.000243490072
0.002000224607
0.022950405943
0.006435451613
0.01174424044
0.004505080587
0.00538044541
0.000243580108
0.001427590764
0.008211732368
0.002403605585
0.000241603549
0.000526997456
0.006630447109
0.021874323275
0.055499848074
0.000534506976
0.000238965413
0.00023939258
0.00296496328
0.008117636226
0.003665148684
0.000529622097
0.001430027408
0.000234647346
0.009251095062
0.0268530064
0.003028338227
0.016241554475
0.030483366451
0.053300523903
0.002365641092
0.000239493014
0.01104697407
0.000244677821
0.003501919325
0.01268889303
0.000536786459
0.000527259742
0.023878973366
0.004632256778
0.000237252408
0.000237417684
0.001124340989
0.014977047528
0.00142746086
0.007193911654
0.00527377266
0.000530791667
0.000239601271
0.000239837915
0.003864686899
0.000240244956
0.000244905772
0.00024333375
0.017173109095
0.032138685228
0.050077629242
0.000531232902
0.000245002386
0.000527966864
0.011127265608
0.026347399458
0.011650883036
0.00024589128
0.001159294581
0.000241790082
0.000238702311
0.004711104541
0.001149590015
0.000235589752
0.003048198536
0.007059480442
0.000238195284
0.001729748914
0.016376092388
0.00468387521
0.000238861564
0.004117819844
0.013720516663
0.007048404611
0.000234137439
0.000525009026
0.007012828174
0.000244643582
0.000535015037
0.000235013411
0.002960042203
0.007557030916
0.001125278595
0.002922401411
0.01462217908
0.000244588519
0.002343659468
0.015420629606
0.000239880592
0.000242433669
0.000829102014
0.000837588891
0.001991371306
0.022227112451
0.024358919083
0.026289209375
0.000536861732
0.000243485858
0.000534399409
0.000848219656
0.000236767367
0.000236803388
0.000824403822
0.002585157143
0.00024415009
0.000526568735
0.001109737838
0.010233303013
0.000242149033
0.004641486816
0.017200440025
0.007823149395
0.000823438548
0.007701382841
0.004048348045
0.000235871769
0.000819766734
0.003034750439
0.000236816371
0.000526934662
0.002413802504
0.000246206614
0.004276604198
0.001718982556
0.000236881965
0.002658553598
0.000234376206
0.006129969489
0.008749613083
0.009333709704
0.000238199655
0.017243661579
0.038854422097
0.004030788777
0.000245711274
0.001124923952
0.003887576474
0.001118853466
0.002596207734
0.000244969761
0.005741747788
0.001700834534
0.003473796819
0.000528257348
0.011501630197
0.000234623342
0.005308235396
0.006763423079
0.000237301391
0.000242163836
0.00113378598
0.00319870931
0.000860541149
0.000241887352
0.004449140878
0.011382304695
0.000237842663
0.000239270194
0.002400082821
0.001715345537
0.000236290216
0.005977015759
0.001132054477
0.003197675602
0.006282533133
0.000241761065
0.000532861523
0.000241485564
0.003223419008
0.014780060393
0.00694976561
0.000237627841
0.000835338127
0.000243651347
0.000527124095
0.002048288589
0.01263808397
0.013408932213
0.000531251263
0.000532946378
0.001431088458
0.000237791603
0.000241125191
0.000242497527
0.000243462621
0.003627695819
0.000243201685
0.000243707731
0.000853172903
0.009083637898
0.000245512046
0.000234756521
0.000525850806
0.00487386307
0.000845416637
0.000534664332
0.001476994749
0.000235664783
0.000246391389
0.02208934801
0.000246372723
0.009499320987
0.000237865219
0.00052600856
0.011843004502
0.00786801
0.012976831518
0.000822471251
0.007599121884
0.019645581861
0.040879543131
0.000526592775
0.008006230083
0.000238160225
0.001781972255
0.000245129913
0.000245443609
0.000243664316
0.000839015236
0.000532970589
0.0024819008
0.012423660883
0.006432135325
0.000242461074
0.000238116485
0.000236293418
0.001111753748
0.008644825059
0.001422594591
0.000236948572
0.000238905343
0.000234360008
0.000243621474
0.005452069515
0.000237753053
0.001455052269
0.000237318823
0.000239630816
0.000241418682
0.00896543403
0.067042465531
0.000842919482
0.003543966189
0.047495015379
0.000242382637
0.000235593773
0.003426539887
0.011731108673
0.053719472591
0.0002449562
0.036755003751
0.000246530319
0.002869510616
0.007734153034
0.014390134649
0.006235543767
0.001729741025
0.02487417791
0.000837371539
0.000242557489
0.001461392877
0.007486888516
0.001771509434
0.000243711489
0.004096398102
0.011453925145
0.000244735719
0.005973258758
0.028493952811
0.000534638368
0.000239605441
0.001811986311
0.004904474822
0.000234472808
0.03101226487
0.000238113876
0.005362894119
0.000247560529
0.001468174571
0.000234180668
0.00023544808
0.012439707896
0.00023793529
0.000238896034
0.00024612238
0.000240335762
0.006002056503
0.002517159146
0.000819021603
0.002589818302
0.01499850749
0.018975467204
0.044740108904
0.002643346411
0.002403724323
0.00918447332
0.000236804714
0.000241218342
0.00024574343
0.000246848575
0.001171998697
0.010003110632
0.002490943768
0.002141142338
0.00023675439
0.004164372447
0.009436529172
0.000243909973
0.000237452393
0.027915110447
0.000244629254
0.000236244851
0.000239965225
0.000243970141
0.000235109127
0.00023706262
0.002315820043
0.008138732493
0.005840855343
0.000841227695
0.000840558547
0.000240275033
0.000245523495
0.002337255375
0.009273377347
0.00023656792
0.005027136396
0.000243437552
0.001791795237
0.00024566002
0.000833744157
0.041852424641
0.000239932194
0.000240556016
0.000236252034
0.000242005473
0.000844382802
0.000243101695
0.000235406995
0.001136875193
0.0071336891
0.004887864678
0.000237198421
0.045734601713
0.001122416277
0.010320065352
0.009776041897
0.001725380989
0.000238743047
0.000246542637
0.000863971618
0.005745470059
0.000822848066
0.067914586027
0.006522954488
0.01934385988
0.000235436617
0.000243326279
0.000235530154
0.000239367683
0.001145955463
0.000241005072
0.006003419105
0.000863909654
0.000239851531
0.006667294411
0.00811492779
0.000234693892
0.000828545683
0.000239102967
0.006727896179
0.000820996163
0.004202748515
0.000242511561
0.003849453155
0.000859632912
0.000239579847
0.000244555488
0.000235245157
0.000234762425
0.002021221552
0.018598842563
0.00689531033
0.000239383062
0.001445473392
0.00024297378
0.002547635855
0.00023922169
0.000838393398
