0.000247039068
0.00487467467
0.001798000932
0.000245024585
0.000246053598
0.000246378442
0.005152847654
0.000233532448
0.00233797071
0.000241850612
0.004387567882
0.00023616048
0.00024275602
0.003616007984
0.000246237941
0.000817983446
0.002649094865
0.004866526148
0.002026494149
0.009118676011
0.002669210379
0.012163440095
0.000240922812
0.001754344355
0.000240093287
0.000534047609
0.003658923734
0.003589751721
0.011890548154
0.000236752731
0.005251258827
0.000237688382
0.001191501613
0.000238091082
0.000244095825
0.000238582627
0.000821891327
0.002121327874
0.0002408073
0.003349536847
0.000244072625
0.005229753096
0.000234435551
0.000242015906
0.000241831182
0.000233624134
0.000235946551
0.000528623887
0.000235018249
0.000838592997
0.000243964222
0.00023745194
0.000237787947
0.000234587469
0.000525978777
0.000235842732
0.000246461577
0.005137204949
0.000234379465
0.000235886912
0.000858714548
0.000234830255
0.000244068258
0.000536250622
0.00053561401
0.002602198307
0.000241646407
0.000534060958
0.002687159007
0.000246315828
0.000862713212
0.001185303833
0.000242423545
0.000534504708
0.000238757721
0.000245352423
0.000818357639
0.002953888085
0.001415187281
0.005080758628
0.000234216685
0.000535357847
0.004415231614
0.000238942193
0.003926695099
0.000537288222
0.001728496622
0.000243898975
0.000532727648
0.000236183365
0.000234009656
0.001782134973
0.000246523246
0.000244099986
0.001408305549
0.002599841515
0.000241579147
0.00024407966
0.000236819418
0.000848408852
0.000235057775
0.000239950582
0.000245966488
0.000842089349
0.004549570374
0.000245317731
0.000240116594
0.000243710452
0.005213665243
0.000240673609
0.000240994087
0.000236596823
0.000833538188
0.002363042311
0.000239553561
0.001415365495
0.000238043587
0.000238213732
0.000244837333
0.000237040216
0.000861727506
0.000245183444
0.000535583537
0.000236741968
0.001176167325
0.000238756406
0.000235081767
0.000818746799
0.003192708557
0.002654498842
0.000242641017
0.002714984353
0.000235887366
0.000246999711
0.000834181666
0.001784676851
0.00023554831
0.001435424254
0.001716825366
0.000244537096
0.000242518069
0.000241488052
0.002367876776
0.001782577893
0.00178153303
0.000234124463
0.000237906118
0.000244691879
0.000238169242
0.000240401289
0.00023557585
0.000242379198
0.011145232579
0.000244746642
0.00024273795
0.000242399739
