0.000238637763
0.00053382484
0.008384186538
0.000234891699
0.031963151337
0.049405797219
0.000531552983
0.024106658368
0.000236017003
0.000237504462
0.000240008226
0.000526184521
0.000243828512
0.031149611745
0.010323728487
0.028522479164
0.000236978571
0.000245928529
0.000241734144
0.003822305107
0.054769484134
0.029264872444
0.068372495827
0.07067193041
0.00023582843
0.000235980295
0.000235397702
0.000236846888
0.000531649008
0.000236339609
0.000244416984
0.022258897218
0.000241093517
0.039507495263
0.000234959499
0.000244893402
0.009587690254
0.000829116376
0.003372422548
0.000238086976
0.000238272656
0.003334011777
0.000238712465
0.00024622103
0.004077862425
0.029182917449
0.050150745167
0.043503675904
0.079330439771
0.000236815652
0.003594665885
0.018413226739
0.045023808837
0.00576009005
0.000243904035
0.006083031612
0.000526529298
0.027676576697
0.030263400512
0.036384277039
0.000237795163
0.013544487218
0.006897168629
0.000242027973
0.000244148636
0.000244149412
0.000525759886
0.005813588111
0.000240726509
0.004867815238
0.014542775371
0.025717855169
0.012023212798
0.06798075884
0.079008204302
0.008110436455
0.010456059068
0.011039969683
0.015712032235
0.031320235897
0.010428359761
0.044782379682
0.005008283239
0.023062336135
0.000240275194
0.000526819464
0.013217032188
0.004376947295
0.007551093203
0.013632339929
0.047164688711
0.061851499584
0.00023514687
0.000233840994
0.010244958001
0.043989310857
0.000534502957
0.014437208063
0.016651591163
0.000239560259
0.000531568753
0.016817375997
0.000244006791
0.00023418444
0.006445245731
0.024088714955
0.005180998958
0.028335793302
0.000527590741
0.002003584155
0.012955717293
0.028694321512
0.0584633074
0.076737537664
0.000528991861
0.002587518421
0.012772564328
0.036488358619
0.000240382185
0.008647597489
0.047779404882
0.06831545044
0.106938776349
0.000242309087
0.016816300217
0.044540805233
0.000244880226
0.01570113736
0.043076631079
0.010026514341
0.022074123401
0.062541754655
0.000536676237
0.010172375145
0.007153268375
0.000235981272
0.023128988443
0.044212963347
0.009708335389
0.017110179489
0.000526721566
0.006018323592
0.002298346228
0.039667746678
0.060594043377
0.024105304569
0.070861747076
0.000236252599
0.006313008931
0.003520688458
0.017256032932
0.000234313118
0.016384453447
0.00023946051
0.012949229992
0.019807648363
0.000235459348
0.000236254133
0.000240211136
0.00413964731
0.000536300905
0.004398766966
0.046216301491
0.000238489214
0.005192790285
0.000245529742
0.006456394938
0.004796200095
0.007606968661
0.06237466705
0.010768825076
0.000242134828
0.005900944333
0.000240208687
0.009287061244
0.025842863645
0.073868359044
0.000239764222
0.00320975838
0.018139039497
0.019013116398
0.000240354117
0.000243828009
0.000526913152
0.007984164398
0.051245724261
0.004772206024
0.000529888812
0.004519968251
0.008218353278
0.000244228633
0.00024056141
0.000528687384
0.006002176051
0.009233956622
0.000533370525
0.011452842865
0.005373985286
0.000832875055
0.001414945785
0.000239305902
0.000526682561
0.003254051121
0.004507965334
0.000528015874
0.004089329917
0.006448150962
0.016409972856
0.039243554716
0.000239379114
0.00369795043
0.000236480353
0.006242640016
0.000824565013
0.001700400812
0.000245447406
0.00142559198
0.004076690821
0.000234841979
0.000818807278
0.011021536581
0.003372366103
0.000234949908
0.000235305079
0.006608823548
0.000235622043
0.005206687713
0.012821331625
0.002232062856
0.000237812021
0.007262592134
0.00023651267
0.00554480217
0.000864112649
0.005742535073
0.060985753252
0.066924895522
0.011934138717
0.07441487615
0.082815652958
0.000237211941
0.000845396133
0.001139682885
0.012373081647
0.060561237206
0.00141328538
0.007560395185
0.000235536309
0.001692795335
0.002884121203
0.054653665293
0.00228183941
0.000235307236
0.000235666127
0.004092426635
0.00634749241
0.00409097231
0.000238253748
0.003063047704
0.015805998624
0.000244160986
0.000852228732
0.003201978503
0.001136380526
0.006151502561
0.000245834676
0.000526533753
0.010083056197
0.022128094801
0.081928999599
0.00237725377
0.007173638757
0.008438432874
0.000237520963
0.000238058039
0.005296367776
0.000236612037
0.001413171852
0.00304494279
0.007732193286
0.00024648466
0.000238986807
0.000240332895
0.012014747929
0.000236330723
0.00316132006
0.053729791187
0.001508840064
0.006574420215
0.002057954595
0.042422171683
0.000239203339
0.000531229497
0.000242498889
0.000525893487
0.000864869049
0.001134111016
0.00024438486
0.002641712551
0.02456976474
0.00023610739
0.000236364681
0.0002346413
0.001426209049
0.003185583142
0.000531953428
0.000245869957
0.002605608322
0.018942990876
0.022602998211
0.003448909292
0.000531936073
0.035605290981
0.07484980859
0.002585391747
0.003914639981
0.077234342165
0.000242160977
0.010470516539
0.000238582489
0.006902885404
0.003231392809
0.007030526341
0.012752088188
0.026362262195
0.037150891146
0.000235244214
0.001123072111
0.002592417695
0.008211189632
0.027833994416
0.00052787079
0.001416115606
0.009060620346
0.001108120016
0.016362326563
0.012545351688
0.01400073821
0.020113858539
0.001122921742
0.000526948348
0.004093320784
0.046838785024
0.000238281503
0.0002462524
0.001136050111
0.000827503426
0.000236472301
0.003621651452
0.008242335048
0.019482900183
0.002014359797
0.014092253355
0.000237048774
0.000238903318
0.000530514558
0.002278462421
0.012977615862
0.006375441715
0.008122572527
0.028661582964
0.000237207365
0.000530100091
0.008253061171
0.027053135151
0.000237253193
0.000238122534
0.007824197692
0.009775345463
0.000530372419
0.007360321903
0.009411358553
0.000527842406
0.009231027199
0.014649736501
0.021650945652
0.000246030824
0.000235577663
0.00023888951
0.002419149962
0.000526789506
0.002783995153
0.006541189172
0.001439950798
0.000525805964
0.004124452172
0.001430057341
0.012607677002
0.000237477188
0.000528350682
0.007170697056
0.007517506751
0.000237916788
0.005089315581
0.000530290384
0.011820029717
0.012488558781
0.000525695695
0.000818318893
0.008349034826
0.000238581805
0.000238311486
0.002000824434
0.000530927192
0.009607577686
0.000244035557
0.006054961613
0.007894468472
0.010554828362
0.000236186536
0.000819643613
0.013194639383
0.006231902306
0.002944881607
0.031333642136
0.004054297995
0.006865744192
0.027496275768
0.000240079606
0.000531775267
0.003905861387
0.008008721085
0.020544251185
0.007259855143
0.010376521461
0.040048249782
0.000530514776
0.000530527078
0.007191042537
0.019889578847
0.072753976557
0.000242248035
0.000241434719
0.005424993427
0.000241570012
0.007650200278
0.000241445887
0.006826624952
0.01195456831
0.004547967391
0.000233537581
0.002667780269
0.000236381045
0.003265630212
0.000233356012
0.000238855091
0.003784803612
0.006710103149
0.00380744621
0.006178080117
0.000526150749
0.00464258172
0.005820894387
0.018702560974
0.003442050236
0.008891675556
0.000844177658
0.000239762093
0.006118791813
0.000526411842
0.008001925152
0.011158620494
0.00024354161
0.002063173882
0.012300366889
0.03132680002
0.005318547806
0.000238850752
0.000529914976
0.000234357948
0.000525930169
0.000241647525
0.005852990265
0.000235668732
0.001414645011
0.010808569637
0.028655597003
0.00612308232
0.024611240844
0.076079724178
0.000238631558
0.000242224214
0.005928838862
0.011520363813
0.000819760578
0.013208461883
0.002692403595
0.000532332467
0.004361705459
0.000527378482
0.000527676366
0.003027762009
0.003783891597
0.000530847708
0.005254544413
0.007317574528
0.000234114341
0.000525178998
0.000243427058
0.002882418906
0.009875612726
0.011231424628
0.0521652377
0.006646283282
0.011310932188
0.020233996328
0.002800776181
0.009980529855
0.00052746656
0.001123530738
0.001869821235
0.000237924663
0.006016280414
0.004975594629
0.009618966249
0.031202494545
0.003748405033
0.007718562486
0.015433411403
0.017661306222
0.027997300006
0.000528072655
0.001884628786
0.016032219787
0.00731849916
0.010233295126
0.015642127913
0.0002410022
0.001764418708
0.00023477167
0.000860400132
0.005110250887
0.010731259229
0.000234263711
0.000526710532
0.000817817037
0.00455916494
0.000529715368
0.004256654951
0.006602501574
0.026226023215
0.000235434409
0.000526018008
0.001721378552
0.000526630503
0.002074327658
0.000235010757
0.000243318377
0.026630186161
0.000234043647
0.000525859539
0.000234260572
0.000241841545
0.002650330343
0.00537595426
0.000235116652
0.002571547789
0.044605306786
0.001427447617
0.00548141039
0.001117183322
0.010638025878
0.000242042
0.000529085925
0.012022797938
0.015482884615
0.020502196385
0.041363337682
0.001732870332
0.00231124198
0.005812416566
0.000243645201
0.002658943034
0.000235349638
0.001124435424
0.00609798023
0.00023510711
0.000818667067
0.00023977268
0.013126573888
0.000245901057
0.001819216838
0.010763447707
0.000238883047
0.000530013692
0.000531698041
0.000530511974
0.009045511242
0.006171376367
0.000527698556
0.00052841998
0.006511631136
0.00024268528
0.000534102569
0.002371880056
0.000242475454
0.00114283036
0.009212343571
0.002084741299
0.003190578354
0.003323647534
0.00024681969
0.000538087442
0.016289245952
0.000234171098
0.00024259545
0.003592817435
0.010417017692
0.000236357853
0.000236407855
0.001402592923
0.004340850086
0.000530023922
0.000820264056
0.002592519708
0.000242865742
0.003096535332
0.000238726773
0.000239484141
0.00622191652
0.000237228296
0.000820714677
0.00462693745
0.000241020111
0.000243907107
0.000527477851
0.001111147774
0.000241033799
0.000841184886
0.000246495689
0.002731869389
0.003471491915
0.005611123721
0.002731996588
0.003196879534
0.007947030213
0.008529958764
0.000235727231
0.001113854851
0.002139492372
0.004065841657
0.001998138375
0.010436752776
0.012147713223
0.00024564085
0.005684508963
0.000237894338
0.002923998698
0.0042080145
0.008313263345
0.000244211237
0.002577248306
0.000240678102
0.001116047187
0.000234484903
0.000244636428
0.000236465851
0.006965735032
0.000243968576
0.003738565846
0.003278194382
0.009458490942
0.001434182618
0.018699033334
0.021180293495
0.000234247534
0.000246459589
0.002010581004
0.002884557873
0.001998202035
0.000239706453
0.007438328175
0.012504892511
0.000237033208
0.004482941687
0.000238775904
0.000243438921
0.001110771916
0.000234161046
0.000847662491
0.000244507968
0.000237589359
0.003786477641
0.007427089472
0.011735352615
0.002414580523
0.0005284132
0.00790530412
0.016645901768
0.000243044385
0.000829988511
0.007490666803
0.00881805853
0.000239398612
0.001828381816
0.000241310568
0.002359229321
0.00024546624
0.00767712894
0.001114012991
0.010543416602
0.026092225303
0.000239504471
0.000234948404
0.005455937008
0.000242910358
0.002718165877
0.007788405836
0.023024274141
0.034346475628
0.00082486776
0.001417162119
0.006384315765
0.005301477417
0.006772081789
0.000239275407
0.000242013303
0.003760581549
0.006407364275
0.011117277272
0.000854974529
0.004460688852
0.001140549619
0.003156292772
0.000234585368
0.001465031465
0.000242289869
0.000245015416
0.000528698424
0.002011177309
0.004468296441
0.00558401577
0.020872338278
0.001110335033
0.003737190554
0.001406119837
0.000236066334
0.001783955624
0.000236116082
0.000244664792
0.003013442244
0.000237951749
0.007873529864
0.005456285331
0.002673982985
0.000239896761
0.002091565885
0.000239578015
0.010575064728
0.026680794781
0.000241297929
0.001141718319
0.000244749208
0.00024246157
0.010316700513
0.000240631084
0.003509352957
0.000234657344
0.002692738606
0.000245034002
0.000237843298
0.000847719992
0.000833210915
0.011965738677
0.000241174809
0.000234732427
0.00203965399
0.01012575246
0.012914190525
0.02175548206
0.001454080283
0.001401922265
0.010221415261
0.010803420287
0.000234627502
0.000243805572
0.000239559439
0.001775281312
0.000240143391
0.000236651075
0.000236948377
0.000239744435
0.005021756384
0.007815669783
0.005197755736
0.000243716663
0.00146472226
0.000529556935
0.0005301413
0.001111470452
0.010556501645
0.000246579459
0.003505723284
0.006144583197
0.003626638843
0.000243777297
0.006345478597
0.001810232204
0.005210873743
0.000536994127
0.000822396311
0.001112638016
0.001710896654
0.00024592873
0.003845334031
0.005198751094
0.000246407682
0.000241786038
0.001762626094
0.000244783812
0.00635337864
0.000245302735
0.000238461307
0.001815383015
0.000234625621
0.001431453326
0.009868359688
0.003003555879
0.000239610078
0.002713777077
0.000242792272
0.002037116557
0.004695668196
0.00082728567
0.000240539432
0.004970255064
0.000244934538
0.000245481077
0.000242366043
0.000243336796
0.002002787594
0.008176615497
0.000236460929
0.000235849594
0.000527436214
0.002414305282
0.001489257691
0.001196935722
0.000241751551
0.000842878272
0.000243072405
0.000528191903
0.00387739351
0.004460465093
0.000239109562
0.00023340168
0.000526533783
0.000242499064
0.000242828586
0.000534898737
0.000239418451
0.000240248146
0.000244157906
0.000836761387
0.000235241756
0.000245371512
0.000234131029
0.00023857539
0.001126524776
0.000244759433
0.000819346228
0.000244903614
0.000840965826
0.003936405533
0.000856645509
0.000237396546
0.000526282418
0.000245150442
0.000234201387
0.000525759484
0.000246158942
0.000235717124
