187
214
169
190
31
34
37
44
38
42
109
125
62
60
46
54
44
56
41
47
45
39
57
44
64
68
67
67
72
78
150
81
198
65
72
86
68
115
146
54
86
165
66
63
150
92
176
158
147
183
145
106
148
139
107
135
122
122
73
130
114
122
102
96
108
75
69
113
112
105
85
81
118
70
75
86
88
82
101
96
115
117
122
99
121
122
130
107
140
126
85
165
126
135
258
278
152
80
248
153
140
247
88
115
73
130
119
138
128
153
154
139
140
153
150
146
177
188
154
162
211
176
189
164
175
361
432
206
234
195
206
206
243
466
421
169
183
126
221
124
128
155
174
224
180
252
190
288
270
365
259
345
315
310
596
216
437
220
266
339
300
523
148
280
238
439
348
536
267
446
263
372
284
334
293
283
275
259
293
255
264
274
161
105
329
202
213
274
131
274
280
78
259
311
350
182
92
327
67
106
