187
214
169
190
31
34
37
44
38
42
109
125
62
60
46
54
44
56
41
47
45
39
57
44
64
68
67
67
72
78
150
81
198
65
72
86
68
115
146
54
86
165
66
63
150
92
176
158
147
183
145
106
148
139
107
135
122
122
73
130
114
122
102
96
108
75
69
113
112
105
85
81
118
70
75
86
88
82
101
96
115
117
122
99
121
122
130
107
140
126
85
165
126
135
258
278
152
80
248
153
140
247
88
115
73
130
119
138
128
153
154
139
140
153
150
146
177
188
154
162
211
176
189
164
175
361
432
206
234
195
206
206
243
466
421
169
183
126
221
124
128
155
174
224
180
252
190
288
269
365
259
344
316
309
600
212
444
224
253
339
292
518
145
269
228
437
349
539
268
444
268
394
289
343
295
289
275
258
291
264
272
277
148
101
313
198
206
284
141
266
278
78
251
307
330
169
91
313
59
104
