59
76
118
81
80
72
94
68
40
96
74
91
59
65
81
54
59
62
82
80
102
107
53
91
128
96
133
102
156
120
180
115
167
87
220
52
84
186
161
164
73
197
99
58
107
61
144
131
116
132
118
132
126
121
115
140
114
136
119
121
117
89
133
109
112
91
155
119
85
114
110
238
252
343
117
312
132
112
103
301
100
136
356
134
118
407
265
212
271
282
233
289
124
518
106
125
136
133
85
102
445
139
363
405
63
370
78
69
451
53
83
50
165
136
173
159
111
104
108
101
97
108
358
88
410
77
255
335
70
276
232
66
362
327
55
327
67
227
225
336
245
346
52
42
24
22
11
14
2
2
