187
214
169
190
31
34
37
44
38
42
109
125
62
60
46
54
44
56
41
47
45
39
57
44
64
68
67
67
72
78
150
81
198
65
72
86
68
115
146
54
86
165
66
63
150
92
176
158
147
183
145
106
148
139
107
135
122
122
73
130
114
122
102
96
108
75
69
113
112
105
85
81
118
70
75
86
88
82
101
96
115
117
121
100
118
122
130
105
138
125
84
165
126
135
258
278
152
80
248
153
140
247
88
114
74
130
119
135
131
156
154
140
141
150
147
147
193
180
155
166
213
178
183
171
178
366
400
235
251
195
175
191
248
479
425
161
180
128
221
126
130
158
171
228
182
248
183
286
258
358
260
341
321
305
584
186
436
212
258
351
281
538
124
256
208
445
341
538
261
441
257
373
302
330
291
281
286
259
287
257
275
273
154
98
332
193
194
281
136
267
296
76
265
319
333
158
86
305
54
105
