70
84
126
82
78
73
99
65
34
98
84
101
62
55
81
57
70
47
73
95
98
98
58
78
114
99
146
97
135
110
167
120
165
98
223
62
80
205
140
182
83
221
102
60
117
68
150
140
118
131
132
124
134
114
141
113
108
136
122
109
109
97
108
117
126
99
136
122
93
122
107
256
234
324
138
303
163
129
107
308
129
147
347
140
98
399
251
221
281
295
246
326
140
469
112
145
136
147
94
124
446
150
337
411
75
358
83
72
447
48
103
71
158
148
160
154
123
110
109
114
109
111
355
104
417
88
279
346
73
256
215
69
366
312
59
309
62
209
205
297
220
310
47
43
27
21
16
15
2
3
