22
23
22
29
7
10
7
9
10
10
25
30
20
19
15
15
12
15
20
19
18
21
21
19
22
22
18
18
19
23
1
25
2
31
31
29
32
34
0
30
32
1
40
34
32
19
27
19
38
21
35
25
30
26
36
39
27
34
18
29
40
36
37
35
24
35
27
28
28
28
19
25
30
29
23
24
20
24
35
32
34
32
33
22
29
34
38
26
37
33
31
90
62
71
0
6
77
22
8
73
65
15
24
26
27
25
31
30
33
28
44
27
29
40
31
38
25
20
19
19
29
16
22
24
28
39
16
100
112
69
73
75
98
30
55
47
52
22
62
30
30
27
23
30
52
34
52
51
34
73
32
64
54
37
60
70
32
95
87
40
61
80
71
96
98
34
55
80
74
118
70
107
98
122
103
95
92
90
97
88
59
72
73
49
63
66
81
55
45
64
52
29
48
53
57
52
40
55
23
39
