22
23
22
29
7
10
7
9
10
10
25
30
20
19
15
15
12
15
20
19
18
21
21
19
22
22
18
18
19
23
1
25
2
31
31
29
32
34
0
30
32
1
40
34
32
19
27
19
38
21
35
25
30
26
36
39
27
34
18
29
40
36
37
35
24
35
27
28
28
28
19
25
30
29
23
24
20
24
35
32
34
32
33
21
27
34
38
24
36
33
30
90
62
71
0
6
77
22
8
73
65
15
24
25
28
25
31
29
33
28
45
27
30
40
31
39
26
20
20
20
30
17
20
25
25
39
17
97
120
81
80
86
105
30
55
47
52
23
65
31
32
27
23
30
53
34
49
52
34
65
33
67
57
35
60
76
30
75
115
43
60
90
65
89
72
38
54
86
71
120
72
107
104
114
112
87
95
95
91
84
64
72
75
44
61
74
77
53
42
65
53
26
55
56
58
59
36
57
25
46
