0.000238590472
0.000537186077
0.026067521072
0.000239479448
0.012682714326
0.017723272067
0.001752534696
0.016376822693
0.00024274083
0.000237798971
0.000536211367
0.000533865592
0.000240510677
0.05900992834
0.009445835118
0.016785638654
0.000245717098
0.000245053943
0.000242352622
0.004986042688
0.017174525358
0.071576869828
0.118356354399
0.019766950496
0.039808554531
0.076667447546
0.000234072794
0.000242489412
0.005696367673
0.000243020423
0.000236803387
0.038444281964
0.041941927707
0.062796518746
0.009431295785
0.013073541754
0.01623757266
0.006596043251
0.000235651111
0.005744810198
0.01918547329
0.009729203175
0.006744433827
0.013798518701
0.053356673575
0.016182160239
0.049597162573
0.000239180906
0.000536022636
0.009016206597
0.016970736052
0.026294284569
0.006811509715
0.000244325081
0.014747703489
0.034069850573
0.000236591859
0.044585454877
0.1093594432
0.000238182813
0.013941480552
0.008419040332
0.00024434207
0.002908457619
0.067665239111
0.071218727562
0.011690978065
0.005946111861
0.026843980635
0.064223014755
0.000242313983
0.005475311163
0.011504009797
0.024646639993
0.03045129254
0.032441790944
0.000237636963
0.000528421212
0.005642838009
0.031151691374
0.000243488447
0.000243641719
0.012009293857
0.000530244164
0.022028076948
0.02668396867
0.040153297152
0.0002355906
0.000239506573
0.000531030309
0.005932207339
0.000239550173
0.008936279418
0.000528086675
0.013171888911
0.000237520451
0.000233617426
0.011823644977
0.023772299579
0.036767673044
0.010390128972
0.016810062898
0.000244531614
0.004680428591
0.010099559718
0.009422047013
0.065019170246
0.005794322266
0.006680657205
0.024562820921
0.002560465499
0.004319386119
0.008654803996
0.065018040339
0.000237009622
0.002011319244
0.013142136833
0.031615573228
0.007653353049
0.008821692873
0.005174230681
0.000527584252
0.006409616672
0.016198218838
0.025507644266
0.000239061556
0.017370806245
0.079118485722
0.000238227827
0.000240775199
0.00053136607
0.009540346916
0.000242614235
0.007620390851
0.019290062154
0.068265602298
0.003064427276
0.014645797555
0.004135101035
0.007375403973
0.006704968103
0.000237894975
0.004462481921
0.009668828544
0.024622266564
0.009441236714
0.003734355835
0.009692461077
0.000234117461
0.000234752112
0.00175560001
0.020459581192
0.006647520582
0.024086398282
0.000242522164
0.004868248129
0.016963072185
0.000245794993
0.000246765859
0.006241831032
0.000242864541
0.004223033517
0.006053188203
0.007243978643
0.075062251105
0.081534252459
0.002586433595
0.044975649328
0.000245248554
0.000247069277
0.003287427104
0.000240720955
0.000243709186
0.009465270216
0.014745545322
0.052364777855
0.003454183366
0.017754418948
0.081954125135
0.094591326204
0.009508583247
0.010472677816
0.000527517488
0.00429650745
0.000245752885
0.000240977147
0.00919370419
0.000236971739
0.007612335577
0.000239595418
0.012437279642
0.007421188929
0.000526194908
0.000244787205
0.014636516717
0.077064675661
0.000244435268
0.000847870943
0.001152296932
0.000240338197
0.008598217109
0.022169986204
0.002382504898
0.000239195777
0.005110396893
0.00270836926
0.000243959848
0.000244173848
0.001144476863
0.012030240004
0.000237084812
0.001137450401
0.008772386356
0.002964418899
0.001112153553
0.066138272687
0.067304571334
0.002030919043
0.006215636594
0.000241340274
0.006382823325
0.009941175597
0.017527501375
0.001408418128
0.006321851489
0.000244329816
0.000238233672
0.073659631008
0.002276601554
0.004036491468
0.050089156786
0.058506123255
0.000238508703
0.00112686644
0.000826795668
0.003197537154
0.004071917793
0.000241385059
0.000241821686
0.001408792713
0.016265269642
0.000242911155
0.00053601396
0.001740310222
0.016784886192
0.001116998884
0.000239246108
0.000823230946
0.009266565558
0.016262664197
0.000532018386
0.008309441393
0.027892087644
0.000240200711
0.00023464297
0.006115200954
0.00023745857
0.000845490823
0.001429835861
0.008515652253
0.00024383213
0.004834101833
0.017183738417
0.072577210064
0.004799261234
0.000245816942
0.000233612705
0.006220202177
0.000234139903
0.000234561041
0.000526067762
0.010444693258
0.001404322288
0.002873733301
0.010447973002
0.000240922123
0.001440449673
0.000239031342
0.000528584597
0.001112769622
0.001178339141
0.000243417358
0.000237522049
0.001178203865
0.025312595154
0.000246822179
0.003694358077
0.000849717207
0.000246576846
0.000235808401
0.01601016346
0.046769298479
0.117136943017
0.000237733466
0.001442312293
0.000243960552
0.003515811534
0.000234453094
0.000237167793
0.001413443583
0.003225979738
0.000241442652
0.001130733553
0.016226043464
0.002204108773
0.003478729665
0.00954277265
0.000234935739
0.000237449345
0.007727948321
0.01430670134
0.00023419405
0.007441364092
0.000235151116
0.000233426656
0.007722034921
0.006855451464
0.000818941039
0.012620131548
0.000841586995
0.000847685706
0.008630540219
0.000818601939
0.016443006362
0.000238036606
0.001113586555
0.005976475059
0.019737092565
0.032565490012
0.000238746525
0.000531139174
0.001140091416
0.000239066983
0.000530658479
0.008892027808
0.00024134636
0.000234962461
0.000527388729
0.004748054991
0.000236956684
0.000241300467
0.003783941574
0.00584175202
0.000240237153
0.001432200124
0.002041725504
0.001717531303
0.001410923204
0.006132760055
0.034999836973
0.00024566919
0.000239385909
0.013029218603
0.014775894812
0.020767668665
0.018452509997
0.026506840874
0.03378359042
0.000824899517
0.008575851658
0.013658939212
0.026362858283
0.050142733061
0.000241371113
0.010793842454
0.01707387528
0.023479687068
0.000236718711
0.000528746377
0.004076082784
0.007828115788
0.000241127823
0.002307423434
0.02919613801
0.00023871232
0.000531224098
0.000531901266
0.000239504583
0.013407896987
0.000247379657
0.000233972449
0.000818326706
0.011051039548
0.000242110627
0.000533133983
0.001401325489
0.013321725366
0.000244017893
0.000237930304
0.001719491459
0.009265734931
0.000528955026
0.008237842411
0.000234045419
0.001426531784
0.000244971786
0.000237489955
0.00053028735
0.008156394172
0.013814767437
0.000236496223
0.001136660221
0.000236721197
0.001128556972
0.01096310218
0.004859011797
0.010526744147
0.000240043008
0.008661116897
0.006058844009
0.001141408028
0.000234987906
0.000529868882
0.010933732783
0.001154829307
0.000245292052
0.001128583484
0.011750768971
0.027895196858
0.039566784134
0.08648668955
0.000237298847
0.000529722765
0.000818676194
0.018362895655
0.001998167228
0.006966986445
0.019109720015
0.001404299174
0.015323112952
0.016196036327
0.02087098627
0.000241636628
0.000235950317
0.004822303318
0.012720235429
0.015952182645
0.000237074228
0.000528155708
0.003376660748
0.020457918851
0.032923630807
0.000241197114
0.000234976971
0.000819257617
0.023276108383
0.000529322603
0.009147758445
0.000236773065
0.00267177921
0.004595450338
0.000234677386
0.000524582858
0.003767661782
0.006427111502
0.010413983249
0.000240184967
0.006057284343
0.000527639452
0.004946494847
0.005528569521
0.00525638764
0.01109735972
0.000233984339
0.004520823652
0.013350319031
0.000244297703
0.021671509688
0.064891265112
0.000526657059
0.006294071287
0.000530518907
0.004181440282
0.000849418402
0.000235123551
0.000527208894
0.009620869501
0.000235184311
0.000527920469
0.003160855679
0.009837031493
0.00023728389
0.001160251356
0.008935120845
0.000528781803
0.005205208464
0.010754747527
0.034702051817
0.000234465568
0.000236671097
0.00023729058
0.000528290623
0.000233972406
0.000526577588
0.006510242184
0.001402220397
0.00198641068
0.000246741301
0.000241838776
0.007098518008
0.000238431023
0.000526815007
0.002985795814
0.0005292776
0.003483791016
0.025720613264
0.004026689522
0.000233822035
0.001562899846
0.001854541861
0.011987412001
0.000526806277
0.004138275648
0.003750875315
0.012176953054
0.016430854348
0.000536721785
0.000239677009
0.004085932724
0.006757695817
0.010618585095
0.011655392011
0.015895522544
0.016770106948
0.000237405917
0.000237793651
0.003962405471
0.0136717625
0.013329462357
0.018493224245
0.001431807892
0.006782107881
0.053091070696
0.000236482804
0.000243753074
0.007331400097
0.027089794519
0.029964917781
0.000235900291
0.000236194058
0.000529136269
0.004282042081
0.00024437969
0.006455865316
0.000247592837
0.000233859695
0.00023416882
0.003414244155
0.003993230625
0.003667976764
0.000245457442
0.000240833995
0.00082552825
0.007789851197
0.002035932727
0.00706610783
0.002379404211
0.000238614325
0.009986059361
0.022658699806
0.030222320911
0.000529505444
0.006486763741
0.002674415928
0.003833993412
0.000234977085
0.007163968604
0.000233249253
0.000525864149
0.015019685065
0.006741178585
0.000244092751
0.001718117058
0.008762317937
0.000234019465
0.001139155674
0.00658570925
0.014987387659
0.001429947956
0.01379373101
0.014960284013
0.001415118642
0.014508436367
0.000235857716
0.000534387451
0.003362921959
0.018041187238
0.009752260218
0.023464678941
0.000243693613
0.000246634479
0.00024043194
0.000818974251
0.004383557352
0.002357909917
0.000239190019
0.000237255251
0.006566438475
0.027664968245
0.000244587904
0.003803693709
0.013992376607
0.000245320442
0.002940625706
0.004714514802
0.000238209643
0.002318127252
0.003193814147
0.008200023558
0.00024083798
0.001779476274
0.00053091319
0.00264867539
0.005656621101
0.000240080803
0.000243159482
0.01167576045
0.000532952355
0.001117078283
0.000245213604
0.005453683258
0.003288882549
0.000527751991
0.007866600181
0.023392075499
0.000530928515
0.00267157006
0.005635558914
0.003708732269
0.00489903657
0.008142792851
0.034149111722
0.006357039207
0.009865305067
0.027992466464
0.029182784434
0.000238114506
0.000851568046
0.003786133689
0.005302373699
0.026561641832
0.000864409042
0.002406901132
0.00805052773
0.000530220582
0.001419340254
0.01760254813
0.004246148778
0.010021559018
0.030617674128
0.042581830527
0.000240509473
0.002645221315
0.005015487743
0.00023931232
0.001700955099
0.001991632365
0.005819548186
0.003599696635
0.002037377893
0.013588774488
0.000533024197
0.006984897242
0.001786286772
0.013515286111
0.000528273219
0.001123356733
0.000238149977
0.014072953743
0.00024275334
0.000235654504
0.000526847245
0.000239119362
0.000826343389
0.004340857347
0.001156643548
0.002614268394
0.003815175085
0.010127881632
0.005489892496
0.046494443178
0.005875332169
0.007941013624
0.000238837696
0.001111303255
0.004660917429
0.000526297215
0.006279924855
0.00173686718
0.000241382924
0.000529768648
0.000822245095
0.002813664598
0.001475350827
0.000854161299
0.003526641173
0.014587784321
0.000237537776
0.000530230682
0.001720532397
0.006208574835
0.000238486585
0.001432369921
0.005247114114
0.000236592935
0.000244270981
0.00052907531
0.001127159731
0.004501632825
0.020297235023
0.003058729451
0.000236023445
0.000240238494
0.007977262744
0.025975630987
0.000244421473
0.005472051792
0.002621588757
0.00891633367
0.015091182235
0.000234838663
0.001730885458
0.003516948824
0.000235190145
0.000534525658
0.004237300347
0.000245510602
0.002019321857
0.006166447654
0.000241702926
0.009946205732
0.00024311416
0.000525773508
0.01000991223
0.001484514762
0.002666296315
0.000526997342
0.002867690365
0.004294414953
0.045117818667
0.000241908131
0.007252298839
0.017000783841
0.024597419553
0.029016391393
0.002648034284
0.001115724466
0.006927042964
0.000236878128
0.000821805693
0.00900338972
0.00023888064
0.000239890689
0.002278429805
0.021707208705
0.027255823502
0.00023437284
0.000237306171
0.001773327318
0.000237096388
0.000241581832
0.001704589127
0.003907303781
0.004781159052
0.000244406787
0.000236459082
0.000529084098
0.000234561698
0.000234314445
0.000239627871
0.000238404166
0.000237693605
0.000245814796
0.000530346166
0.000236319075
0.000239316416
0.000532508172
0.0008350093
0.000532482701
0.00111666454
0.003497035382
0.000241233632
0.003362044168
0.002591708386
0.00024731171
0.000233853707
0.001719531448
0.000242529204
0.003613441998
0.001436712081
0.002020898338
0.00642855445
0.007012357503
0.008468466703
0.010510572433
0.000240250788
0.00053333915
0.000236552061
0.000241790884
0.000529065861
0.001139909983
0.001758586016
0.000858719499
0.001112630821
0.004731390941
0.000527515121
0.002821417317
0.000242322805
0.000240934665
0.002028232081
0.004993817588
0.001740994022
0.000845829574
0.001744428444
0.001417801979
0.003176248124
0.00745619397
0.000529166446
0.002898898776
0.000246316322
0.001739997923
0.00053040618
0.001114823127
0.000834862623
0.002920893062
0.000238516853
0.001111844709
0.001693810484
0.000234653839
0.002948288692
0.000239015465
0.000242530132
0.000237982233
0.000236689842
0.002723263833
0.002699495742
0.000862090053
0.000533061302
0.001409021609
0.002295676429
0.003754516553
0.014003080221
0.000529304592
0.001138845247
0.000239879165
0.000235958399
0.000241471162
0.001162345849
0.000244891176
0.059227859432
0.001124233388
0.002604426263
0.00263579151
0.003218919897
0.000244080698
0.000861926883
0.000238365782
0.000246701088
0.000245012838
0.000238291268
0.001113534797
0.000244571912
0.001158982928
0.000529610845
