0.027882861988
0.000534200838
0.022300123983
0.014005398785
0.000243896233
0.06860550564
0.000821106024
0.000526519655
0.007816954455
0.000235132671
0.000238049221
0.000240691114
0.000245692278
0.02304817944
0.005320140297
0.000534370546
0.004981177633
0.000237064863
0.001472466092
0.000235993141
0.000243580583
0.00913493929
0.001704651945
0.018110749916
0.027409426032
0.002131697921
0.008392225684
0.014790958736
0.000244742136
0.000527895463
0.000237014461
0.002709498584
0.000234596039
0.000535599366
0.0082355549
0.006446369314
0.009536533692
0.000234325206
0.000244548993
0.000242574058
0.0243034338
0.006438823744
0.000243400183
0.007213173593
0.022822753103
0.009739657062
0.040716191492
0.001497002833
0.000828856354
0.016848835095
0.004755854186
0.007759379437
0.000241117743
0.014624356125
0.042595155393
0.005216724313
0.013442222899
0.021290817098
0.007228074219
0.000244965676
0.000246543179
0.004826810978
0.005024911715
0.000240128383
0.00024223356
0.016966778304
0.045896887535
0.000234381535
0.00024538335
0.000235263986
0.003726220533
0.000236414178
0.000859512776
0.000238035225
0.000239422454
0.000240746602
0.000235286062
0.001468493891
0.000245510209
0.001448102515
0.01089166193
0.021457695706
0.000239593132
0.000242493765
0.000236622874
0.000234321877
0.004994953464
0.009999063383
0.000237664025
0.001836364025
0.001759504803
0.005261490627
0.000241082941
0.005807038375
0.000238684373
0.000239468129
0.003763332211
0.000238371015
0.000530070349
0.001156295607
0.021456378883
0.000238622336
0.000238732231
0.000246787823
0.000528752782
0.000245381726
0.000242446768
0.000534479269
0.000239378881
0.001787148049
0.000242547848
0.00283105746
0.00085772467
0.000533950542
0.009202561053
0.003855115807
0.000233829886
0.000234541222
0.000238701456
0.000239164341
0.001784581718
0.000234249942
0.00543188583
0.000243556712
0.000245330794
0.00282371146
0.00023480217
0.000234974015
0.000233767262
0.00648703375
0.007958052039
0.000246434524
0.001781399085
0.006731785102
0.000538930058
0.023349482541
0.002619882277
0.009284877293
0.000236824253
0.002061516367
0.00024343828
0.000234388724
0.000239367538
0.00466309032
0.010798974542
0.000243105627
0.000234898443
0.000233916157
0.00112270842
0.000238019209
0.006258510542
0.000238880915
0.00024068896
0.000241122803
0.000244010303
0.003565730611
0.007928686438
0.000239084163
0.000239425154
0.000244451364
0.000245220018
0.000245960826
0.000534486122
0.001750873987
0.005184631794
0.000234215633
0.000526847195
0.000243664679
0.00024376093
0.000236118591
0.003278944866
0.000237194635
0.006335287799
0.000234294278
0.000243807115
0.004845754097
0.000236991501
0.000530252258
0.003953359677
0.000233773406
0.000818480087
0.000240473325
0.000234403874
0.000238213405
0.005735751721
0.000239300847
0.000530481093
0.000241418442
0.003032345763
0.000233835161
0.006801082915
0.00024040944
0.00652288214
0.00023903506
0.000868435854
0.013923290623
0.001711986535
0.019871070561
0.024560187657
0.00053217668
0.003865479508
0.000822321025
0.002212767707
0.000531602463
0.00247545683
0.000823496666
0.000240925698
0.007602594783
0.001952054601
0.019835144671
0.000238020481
0.003977237523
0.000241512075
0.000863269352
0.000237381314
0.000529406638
0.006813415909
0.000237012533
0.000530125577
0.004034304145
0.01079382343
0.000243407781
0.000243481818
0.002849704876
0.012946387925
0.000535263078
0.000236636402
0.000529159961
0.00248149833
0.00553108703
0.000241281612
0.006230028054
0.002818150151
0.000244246373
0.000247414925
0.006270147629
0.010812382192
0.001134240075
0.003343247461
0.003201020091
0.000526463006
0.001400122762
0.014419873234
0.000528855932
0.002024834897
0.0002355209
0.000527169008
0.000528771284
0.003785657694
0.0008419537
0.003547389603
0.001809900598
0.00023742516
0.002658776118
0.000240272518
0.000527714621
0.020972379149
0.003894027286
0.000237650936
0.000529405189
0.000244622074
0.000528619177
0.001125463355
0.004102500496
0.000234655202
0.001126117749
0.000240825711
0.001115733133
0.001167282341
0.004380765644
0.000241212786
0.000840553053
0.004837669652
0.000528526381
0.000528843522
0.003556054691
0.001746888879
0.004392735161
0.000242095792
0.001156875187
0.00442824881
0.000240991158
0.001115771613
0.001163150878
0.002997835486
0.000240499845
0.000245151496
0.007909200838
0.000528345626
0.000238053124
0.000529909468
0.000238619259
0.0196961337
0.027619812815
0.000243646617
0.000241644294
0.000245270595
0.000238363794
0.001126205422
0.000246291416
0.003382464491
0.00336110868
0.00441112739
0.000530971097
0.005185171544
0.000234516553
0.000817897872
0.000246501373
0.000237226978
0.000528934492
0.000242036513
0.000247299345
0.00225286426
0.001457976384
0.000237077646
0.000238491179
0.000244679864
0.007123888371
0.000238787167
0.002025393737
0.000237538948
0.000529605635
0.000239907706
0.000245731778
0.001434835028
0.000242128427
0.00023709922
0.001833738473
0.000234202537
0.002599032903
0.0024963505
0.005449249833
0.008652791293
0.000533793433
0.002043321638
0.00024065268
0.000532043556
0.001302198298
0.000244215296
0.000532985513
0.001434243935
0.000241079471
0.015634790571
0.001170670762
0.000235806221
0.000242720781
0.000242103495
0.001130109241
0.000528885056
0.00789286073
0.00023466033
0.001123470678
0.002226220457
0.000239528345
0.004559364731
0.000234466392
0.000234915629
0.000236426506
0.000239059294
0.000243804313
0.000240728652
0.000241061923
0.000236067831
0.000527475428
0.000238266283
0.001127111851
0.000241162419
0.000240721342
0.000867966022
0.003282213637
0.00144684292
0.000236366311
0.000237452418
0.000241273165
0.000533797823
0.000236131557
0.000241936683
0.00220626984
0.001766966559
0.000245009689
0.000238237476
0.000243708922
0.000243337682
0.000235030314
0.001784620406
0.0002374001
0.000246917616
0.000242539982
0.000834344788
0.000239675573
0.00024582758
0.000234959912
0.000243775291
0.00084845047
0.000240503062
0.000236322278
0.000849900178
0.000239749864
0.000240761819
0.001739358576
0.000244366096
0.000237681148
0.000242555803
0.000239564306
0.000242786776
0.000245450723
0.000237049593
0.000244042157
0.00024176499
0.000244755717
