0.000236082676
0.005337216983
0.048026914512
0.00023957669
0.000233621746
0.000526544885
0.000240368417
0.002693722346
0.000240121227
0.010219605921
0.000243434056
0.007066815951
0.006909848612
0.007388554556
0.012552303397
0.018117290305
0.003797992619
0.005319258182
0.005148327474
0.057603350483
0.004887277948
0.000246475797
0.005685109705
0.007286849618
0.000236289566
0.000239922158
0.014385229256
0.002347311631
0.011667427662
0.012149275522
0.00146290334
0.020820343175
0.041496842544
0.000242883884
0.007493032305
0.043699781413
0.004957742138
0.004348180646
0.007403652986
0.012987550943
0.00565010322
0.0139753719
0.000240587602
0.000235103003
0.000237441104
0.002987558131
0.000854219009
0.001449244322
0.014793202702
0.006818200794
0.001741496
0.009897015079
0.012083395211
0.008186827225
0.014950725603
0.024281843575
0.000234959978
0.003494787095
0.009524109132
0.062058188913
0.000234428617
0.0002397152
0.000238069534
0.003372920784
0.00801730862
0.000246538251
0.004636530953
0.000245509719
0.000235183942
0.000242977109
0.000534628985
0.001152998489
0.000236160292
0.004342568712
0.010208897672
0.034021079562
0.004929357759
0.002917296668
0.010486040182
0.011070148599
0.004113193776
0.000237365405
0.009519942803
0.034310769937
0.000242500296
0.000233342103
0.000246258995
0.000238431667
0.00023574306
0.000832236878
0.003187525137
0.005518074034
0.000235966923
0.000245461248
0.004215372165
0.000242776986
0.002347041721
0.000241650402
0.003831813183
0.012528279664
0.004246319971
0.000826407303
0.005327196584
0.010581657961
0.000240686077
0.01110691011
0.014116635608
0.00023777005
0.006526234986
0.015464041896
0.000239987816
0.00024320737
0.005556830002
0.00024158133
0.007454540785
0.000531902875
0.005698188578
0.006280999429
0.038092193866
0.010813353873
0.029662936807
0.039748249104
0.003590024615
0.003602515012
0.00762033144
0.001762972429
0.010124186017
0.000245341145
0.00024610345
0.010568319268
0.013491968464
0.003628101109
0.000241386928
0.014831995406
0.017159656736
0.001425235219
0.000534879953
0.010444033558
0.09419511929
0.000236982378
0.003625524534
0.00023697393
0.016472925648
0.000234743197
0.000241860141
0.000239134645
0.000239699653
0.000246599333
0.000236764719
0.009021257433
0.002380736924
0.000241262335
0.010381937694
0.000235856117
0.000239958304
0.003068022068
0.000235322468
0.000235550158
0.000530673791
0.005010449359
0.026313709856
0.002387643279
0.016726351365
0.000239454945
0.009769146057
0.00023852665
0.000530237206
0.001125973711
0.000238635182
0.000235173523
0.000241744633
0.000246174757
0.006034146216
0.007502315966
0.000236316971
0.000236779169
0.00023699496
0.000528074246
0.000243789439
0.004361307401
0.019713700881
0.058264279935
0.000234922354
0.000526816988
0.00024055283
0.002079043641
0.003896499978
0.00554718966
0.006103747632
0.006018747893
0.003240889248
0.020079440114
0.000237218227
0.00052920298
0.000236254249
0.020106701482
0.000238725504
0.000531173188
0.000821754857
0.008687582006
0.002637054867
0.000234730741
0.000525764271
0.000241492056
0.005928909166
0.019786467748
0.003324010135
0.000236558084
0.0059135623
0.000236374208
0.003494217803
0.011577994549
0.00024520932
0.00053792244
0.00339741567
0.006744911913
0.000529487505
0.004128127192
0.005001935163
0.000842549358
0.010369504122
0.000237349897
0.000529524849
0.007201589898
0.011177247479
0.000242925277
0.000239818312
0.004479894277
0.000238856368
0.00643369725
0.000529618499
0.005459912912
0.000241649838
0.000532916723
0.031073847272
0.000242422064
0.000857036704
0.000240046267
0.006057415291
0.00053007823
0.003002598265
0.000527273856
0.000242401822
0.000234491449
0.00266911992
0.015868156959
0.005896908563
0.000527464658
0.000528367932
0.010403157305
0.032468409026
0.00053484616
0.000242050142
0.003172175486
0.000235706236
0.000528188448
0.000817493604
0.003644613515
0.005089886345
0.006267888486
0.033755970189
0.000234791003
0.005644880803
0.036261585698
0.000241097316
0.000241945951
0.000235708306
0.016308036481
0.005084803588
0.006969445274
0.000824874794
0.012885730164
0.021123226573
0.000234646981
0.000234315281
0.000525403606
0.002340664162
0.011279345309
0.004612364647
0.008577376849
0.03151300245
0.003253897431
0.010836242521
0.000235059897
0.010459021639
0.000240323124
0.000530665488
0.004363379684
0.022825143463
0.000237299023
0.004973583486
0.0002376038
0.0056575318
0.021012834941
0.000246757299
0.003048128436
0.000235166842
0.00081962106
0.000528342945
0.008605376596
0.000235021559
0.000818928122
0.004342297026
0.0002354773
0.003647456473
0.004624116028
0.000233958445
0.000244719606
0.000243309736
0.000233967572
0.000526724834
0.005308761122
0.015974685636
0.007919826477
0.000526939477
0.005878752617
0.037177194228
0.000535612911
0.004989501687
0.016158180661
0.000245022804
0.000533518029
0.004326237773
0.000245391128
0.000525968166
0.002986642009
0.015617234424
0.000240878894
0.000234475394
0.004796248125
0.001465826827
0.000844286429
0.005519504156
0.000234540991
0.004275894053
0.000530395835
0.000233642007
0.000242722647
0.000235619519
0.000533322234
0.000241108689
0.000533305424
0.000238369566
0.000234247338
0.000239317245
0.001110770879
0.000535050786
0.001118337408
0.0155630461
0.000246774714
0.011647107636
0.022501939687
0.023682766034
0.038825525782
0.003973109475
0.004253170414
0.011824208234
0.000239624311
0.004084372473
0.000234634027
0.004343490171
0.000537534599
0.000235892761
0.003296476681
0.005945074799
0.0108367555
0.000533866219
0.001173679584
0.00144521098
0.000240986181
0.004360301568
0.000241227094
0.002379272772
0.00326697851
0.002770760492
0.00023803979
0.000238162802
0.004906335679
0.011836645533
0.000243771951
0.000244943739
0.000245404507
0.00023741576
0.000240838151
0.000533624522
0.000241215964
0.000236391793
0.000529464673
0.000821097112
0.010644511988
0.013765748234
0.002697425539
0.000235554618
0.010138938196
0.004049369156
0.000236782462
0.001437189963
0.004974295877
0.000237897699
0.004798441949
0.005941904472
0.016002228529
0.000531691615
0.000853098319
0.000246271476
0.000241149996
0.00113827003
0.000241281502
0.010186291172
0.00023977047
0.003331859974
0.000244668692
0.00083215789
0.003964547265
0.008957033029
0.003301998746
0.000239361325
0.001785716622
0.000241909211
0.000246288415
0.001999503614
0.005358915849
0.007542584227
0.00052786882
0.0002340873
0.003180670426
0.011098913932
0.000238694087
0.000239688983
0.007584549995
0.001756519209
0.000239376007
0.000530024689
0.001140138372
0.000237184359
0.000236573633
0.000527081038
0.000235839771
0.00024186834
0.000526901989
0.004817811022
0.01056682265
0.000845641312
0.000536393498
0.000535538985
0.006372967382
0.000243683716
0.002714097934
0.000236768172
0.000528638039
0.001125045371
0.002293634386
0.00518067423
0.000241944083
0.002422231526
0.000234799464
0.000525496499
0.000246217965
0.000236435144
0.004770113696
0.000235639133
0.000235860402
0.000234789622
0.003588250878
0.009616882116
0.000528883897
0.000235505721
0.000239676355
0.002301706207
0.006416006558
0.000239619778
0.000530690061
0.003015118815
0.000234834351
0.000244877654
0.000818932666
0.000530353092
0.011807401885
0.001732083712
0.000239784441
0.004150387381
0.000234821
0.000243466397
0.000823491581
0.002316846282
0.005685918014
0.007612818524
0.006190955764
0.000235197108
0.000818261826
0.000234252784
0.000237296228
0.000239818285
0.001737141965
0.005857633491
0.008384566419
0.000830487567
0.000532996204
0.007098321049
0.000238027859
0.000244730512
0.000840029554
0.000234824846
0.002024238153
0.002925629365
0.007456069061
0.00023720417
0.000239754836
0.000531262105
0.002446433612
0.000237196494
0.000851901981
0.00174818215
0.005403700524
0.000855772389
0.000234083587
0.000243666475
0.002021909409
0.00024237404
0.000242222484
0.000533779085
0.002408125654
0.000238235934
0.000528649176
0.009860641277
0.000817691406
0.00596373062
0.001116263665
0.002358384298
0.00182310357
0.000236238678
0.000244352827
0.000834266138
0.001112002365
0.003201718896
0.005199248573
0.000242121291
0.00023969508
0.000237403869
0.000817359541
0.007237552212
0.000235998114
0.000240932957
0.000532447275
0.000239099413
0.000529603983
0.007756655155
0.004877333648
0.000866059147
0.001151479989
0.001732859317
0.01172609498
0.000244263206
0.000239555176
0.000247438347
0.000241865334
0.000824554557
0.011871639709
0.000238465803
0.000235255015
0.000526858371
0.00023413935
0.000525644824
0.000234833431
0.004839634563
0.000234264426
0.0425157509
0.00024464998
0.004883926373
0.000245662422
0.000245828484
0.00207494742
0.00024460786
0.00052896749
0.000235975152
0.000527889857
0.00023451254
0.000526532908
0.000245616853
0.00023758598
0.023077204832
0.000234794622
0.002933685989
0.033161556898
0.001124153893
0.006102987807
0.000244878105
0.000853290767
0.000241936095
0.000235329141
0.000234388984
0.000817356308
0.008273852623
0.000527391198
0.004393705659
0.00024106412
0.000824158004
0.000243346369
0.000236272373
0.006133628549
0.000236056889
0.004747478235
0.000242089764
0.000241469905
0.000236110674
0.000527293533
0.002102148099
0.000243304104
0.000530203107
0.004155871991
0.001122996344
0.000842164215
0.000236002468
0.000234666513
0.000235119688
0.000246443653
0.000239759265
0.000237926897
0.000529533094
0.000236940314
0.000241423688
0.003549501892
0.000238992836
0.000530384973
0.007740844725
0.000235127437
0.000237501653
0.000237803809
0.008099645911
0.000240507201
0.027496069244
0.000240236463
0.000246497149
0.000240405799
0.002358600169
0.018259574623
0.000235527921
0.000243301572
0.000234544189
0.000526256459
0.000237028439
0.006836025796
0.000819742924
0.000537515033
0.000236948316
0.000534208704
0.000238722854
0.000533092493
0.029357385571
0.000833788915
0.000245115057
0.004218833007
0.005988211192
0.000236972123
0.000236138149
0.00024498251
0.000529053485
0.00268663726
0.000237548123
0.000241881359
0.046657236788
0.004951684404
0.00023777162
0.000236925312
0.000529744689
0.000537951063
0.004695785609
0.000236998153
0.000241309821
0.000532955537
