0.000236082676
0.005337216983
0.048026914512
0.00023957669
0.000233621746
0.000526544885
0.000240368417
0.002693722346
0.000240121227
0.010219605921
0.000243434056
0.007066815951
0.006909848612
0.007388554556
0.012552303397
0.018117290305
0.003797992619
0.005319258182
0.005148327474
0.057603350483
0.004887277948
0.000246475797
0.005685109705
0.00561791809
0.000239306998
0.00024293959
0.006582356356
0.003814856645
0.011213203953
0.009071160637
0.001127048864
0.023783378868
0.038930711057
0.003813512705
0.053175144396
0.014713149871
0.006700096137
0.008447704911
0.009030607835
0.021167956067
0.025220549381
0.029770586777
0.000244787551
0.000245147372
0.00024219248
0.001474103513
0.000834150777
0.001429211113
0.018128546678
0.008930273608
0.002644103154
0.008658836024
0.009501383753
0.02686359357
0.027156410444
0.042209025357
0.000245238315
0.0053283677
0.047317760175
0.062031807496
0.000242689047
0.000246511251
0.000527690448
0.005645165963
0.007705011778
0.000245863583
0.00361973141
0.000241246344
0.000236763478
0.000245876671
0.000539258529
0.001154043075
0.000235745394
0.002794975157
0.003379693513
0.012094687652
0.004585439302
0.000238202981
0.003208277542
0.012736681158
0.014777653648
0.002618318867
0.00023754212
0.009599993601
0.044803354671
0.000240257281
0.000242372004
0.000242455112
0.000238845522
0.000245976707
0.000829470525
0.004619815537
0.011015004822
0.000236658199
0.000246152524
0.004394442599
0.000240511643
0.002625437368
0.000239116522
0.007050975722
0.007901677493
0.004441623005
0.000831042544
0.00408959312
0.027794693167
0.000235728906
0.007888549969
0.008723515282
0.00052718868
0.005790937052
0.009296679103
0.000246224655
0.000245997499
0.004756835164
0.000243147334
0.005708905206
0.000528581882
0.005179312594
0.021301190604
0.004970583459
0.015530060323
0.030563159059
0.000240719172
0.00379110659
0.016796996321
0.022888262707
0.001740500445
0.006697983716
0.000234856248
0.000237640164
0.010301915605
0.010884229229
0.00634130793
0.000239696447
0.005339675391
0.030445345048
0.001790758861
0.001415146399
0.006136556951
0.022868447304
0.00024527387
0.003588127378
0.000244009324
0.015960740854
0.000234175807
0.000526881735
0.000234528701
0.000234185857
0.000234519349
0.000242739031
0.010174298582
0.003942203845
0.000240013378
0.003262859791
0.000246525204
0.000233885899
0.004582112512
0.000238004453
0.000238232143
0.000527192191
0.005762052608
0.025766733246
0.002398559454
0.019345069043
0.000246430476
0.005533768421
0.000244935678
0.000245445803
0.000235567768
0.000242096119
0.000235967293
0.006062507712
0.012787692937
0.000244146567
0.000234604535
0.000527430449
0.000236593927
0.000242052852
0.004106242548
0.078793096804
0.000242419959
0.001750785553
0.000238817479
0.003476251444
0.006564981287
0.011506121824
0.007138715899
0.004279045083
0.023033011617
0.000237210348
0.000237960361
0.000234970743
0.005766975118
0.000237810917
0.000530035915
0.002328632091
0.015713865353
0.005811571932
0.000235657818
0.000244155356
0.007008244352
0.015253493837
0.003039098745
0.00513883914
0.000241704056
0.003256738375
0.009344290593
0.03814887096
0.000235650815
0.000527048661
0.001189888461
0.004003587299
0.006793504191
0.000528806064
0.00322663615
0.007238845017
0.000861310311
0.010790118181
0.000241864965
0.000534039917
0.013298751134
0.016248269343
0.000244908584
0.000246543272
0.004512653031
0.000238119791
0.004222796711
0.00052715384
0.005635967981
0.000241341745
0.00053260863
0.018361546759
0.024045311784
0.000235090432
0.000818229302
0.000243196582
0.00575662279
0.000526730416
0.002693601233
0.000531792518
0.000235309993
0.000529834501
0.001755846022
0.010539828338
0.006183453932
0.000527127233
0.000528030507
0.065816648534
0.086172672701
0.000533444906
0.000525753336
0.003013355665
0.000237073762
0.000528074362
0.002081879089
0.002664614603
0.002279560132
0.007578646848
0.03322951458
0.000238428349
0.007320933108
0.062620912582
0.000238238838
0.000239087473
0.000244147705
0.014088040914
0.004303734249
0.007272686937
0.003167355118
0.013461791126
0.024172991407
0.000238748082
0.000235733443
0.000526821768
0.001996906776
0.011277929884
0.000234622593
0.006065138308
0.03109673236
0.049518204825
0.009061258637
0.000239147138
0.013796880238
0.000235161332
0.000525503696
0.010096395219
0.011263636078
0.000239679025
0.000242849688
0.004841697229
0.000243314463
0.005316515841
0.024516379167
0.000239350762
0.003027721899
0.000236682706
0.000821136924
0.00023835986
0.011569290385
0.000835508248
0.00409138598
0.000241742723
0.002968039214
0.006072728746
0.000241461055
0.000533159507
0.00023586349
0.000239449602
0.000238757361
0.000530268571
0.004969784518
0.014981132274
0.015118662897
0.000534181262
0.007385073571
0.026555819835
0.000537152613
0.000529259595
0.006827598832
0.020241337681
0.000243674092
0.000235919995
0.004228639739
0.000234583232
0.000527830989
0.013867523575
0.014793482599
0.000238980507
0.00023938531
0.005461166774
0.001416103285
0.00086386147
0.003278147823
0.000239279803
0.009766897389
0.000526674825
0.000525426344
0.000237537472
0.000236136093
0.000532398766
0.000236004576
0.000528201311
0.000236862816
0.000237874051
0.000528649374
0.001127172915
0.000529737072
0.00143231039
0.013650917374
0.000237423792
0.010937579543
0.009081233398
0.015982353095
0.00362041987
0.00052666655
0.009838886201
0.011020135116
0.000237672846
0.003651540252
0.000236383302
0.003989551524
0.000529588218
0.000241379549
0.000528909563
0.003065016072
0.003647841705
0.028961872718
0.000537449705
0.001158275636
0.001474196791
0.000235884131
0.01112047926
0.000239481506
0.001426243196
0.00646842354
0.00264683283
0.000239020103
0.000239277915
0.004358523114
0.013890019902
0.000241056093
0.000238071184
0.000238531952
0.00024165002
0.000235503063
0.000528289434
0.000235577913
0.000235274152
0.001440768344
0.011122652337
0.002732022026
0.000237537924
0.006877040933
0.004180505709
0.000235983186
0.002017951889
0.003792468955
0.000237894213
0.00316147985
0.014067286469
0.038893028564
0.000530470491
0.000838974902
0.000234600243
0.000244597339
0.000241654596
0.000529573019
0.001127827249
0.000235824697
0.009290433161
0.000243223938
0.003332638666
0.000234720676
0.0008406258
0.004116719804
0.005753793546
0.003668034299
0.000241360929
0.001813716226
0.000243418403
0.000234998778
0.002930091698
0.003994424983
0.009863690949
0.060403217559
0.000536482494
0.000239082739
0.003063159671
0.009272408522
0.00023459752
0.009185826442
0.001763193486
0.000242566334
0.000533215016
0.001143328699
0.000240633091
0.000239174206
0.000529681611
0.000244338108
0.000240929232
0.00052939922
0.001140516867
0.012124814349
0.091410557768
0.000866224228
0.000533994632
0.000526542088
0.007816309662
0.000242269966
0.002732448362
0.000237425485
0.001709332076
0.003230945302
0.004904162057
0.000242094447
0.00239638189
0.000241913108
0.000532610143
0.000241231596
0.000234897638
0.004958699814
0.000241910974
0.000243199741
0.000244825885
0.007013307246
0.008651142377
0.000528735701
0.000233937457
0.000237306033
0.003568331949
0.009412344643
0.000239051192
0.000530121475
0.002714465015
0.000234177965
0.000241711865
0.00086017688
0.000535025739
0.010887611329
0.00183674216
0.000247219757
0.003929170868
0.000239626664
0.000243981267
0.000833314695
0.000527058612
0.001111774104
0.002621160329
0.007969586165
0.004131705037
0.001137869944
0.000241531893
0.00023977766
0.000237405864
0.002316818343
0.012327369042
0.028810701274
0.000834892718
0.000526263903
0.002883487469
0.000237479573
0.000233854372
0.000821197257
0.000234779264
0.002594314521
0.004952564536
0.007059442272
0.000242393205
0.000237734909
0.000529242178
0.003144823779
0.000236712203
0.000851168916
0.001949596716
0.005113845315
0.000853372858
0.000236142981
0.000527307082
0.002022401163
0.000246814879
0.000235321187
0.000526877788
0.002390010722
0.00023665506
0.000527155706
0.000833875068
0.003868391519
0.002354880193
0.001745175997
0.000235275702
0.000240161553
0.000825950203
0.000235519977
0.003848274538
0.009376295253
0.005270277815
0.000240275159
0.000242803112
0.00024118955
0.000821913107
0.007494104053
0.000241855722
0.000237283872
0.00052879819
0.000234693917
0.000526341027
0.009258584705
0.003863756855
0.000858740648
0.000534115649
0.001118513063
0.001708759976
0.012039610889
0.000242063764
0.000241490296
0.000237484497
0.002607807421
0.007007780455
0.000246337967
0.000236548169
0.000528151525
0.000236165766
0.00052767124
0.000243474141
0.008036196487
0.000235292616
0.074871431144
0.000235900522
0.004798287803
0.000238538117
0.000238704179
0.001413751204
0.000238492764
0.000527595639
0.000239179634
0.000532022189
0.000238857801
0.000528991743
0.000245292314
0.000242182051
0.00207770884
0.000243823861
0.002369271471
0.005743390187
0.002591963882
0.006881695021
0.000234789174
0.000856201836
0.000243085753
0.000234864006
0.000239017358
0.000821984682
0.031257356411
0.000235379802
0.005685516002
0.001110375925
0.000242821222
0.000244600859
0.003611671586
0.000235213555
0.004544434769
0.000244476848
0.000238596409
0.000241083162
0.000526163434
0.001768649244
0.000234639036
0.000528861633
0.007791669877
0.001150126375
0.000835847244
0.000243566536
0.000244946808
0.000245399983
0.000241079527
0.000244847815
0.000234800496
0.000236956398
0.000235039718
0.005114936432
0.000237092454
0.000528982001
0.007699628004
0.000236944845
0.000241504524
0.000239398441
0.007641370646
0.000242225596
0.018568359319
0.00024061174
0.000240160909
0.000240177352
0.002662092084
0.026899190449
0.000235502068
0.000243275719
0.000235005855
0.000526718125
0.000237081219
0.00678965061
0.000842862864
0.0005267239
0.000245687119
0.000526401918
0.000240867967
0.000535237606
0.013165824301
0.0008199149
0.000238270676
0.003266825118
0.006489632555
0.000237812113
0.000236999476
0.000242033006
0.000526103981
0.007044334205
0.000243366693
0.000238844595
0.015062179476
0.004800149437
0.000240346051
0.000235857026
0.000528676403
0.000534463342
0.005188514705
0.000246847633
0.000235329122
0.000526669357
