0.000243820723
0.003687005203
0.00710586779
0.000245436859
0.000244058274
0.000243479188
0.00023471448
0.00364719266
0.000243364484
0.006466652998
0.000238708246
0.003317915978
0.000244165593
0.000242629567
0.003831672518
0.000241956754
0.000845317351
0.002320532505
0.00551087822
0.001747165962
0.0407745769
0.003283388379
0.004173362532
0.000240472059
0.001459086096
0.0002382623
0.000529521188
0.004093848067
0.004934829854
0.011105962956
0.000237885834
0.00023902992
0.004944883247
0.000242538881
0.000848383172
0.000242077548
0.000245501986
0.000529874487
0.000529941365
0.003463335303
0.00053276873
0.006960560433
0.000239300136
0.005323853152
0.000233985351
0.000239118746
0.000241490372
0.000235080552
0.000237838264
0.000529541516
0.000234137783
0.000526340741
0.001110149939
0.000240191142
0.000241593955
0.000241704069
0.000236843463
0.000529413084
0.000234581122
0.000241257488
0.000528506388
0.00547420708
0.000242556362
0.00053061302
0.000239838598
0.000241081244
0.000532802115
0.002287211166
0.004644868587
0.000237580135
0.000537183371
0.000527940647
0.002987912769
0.000245392336
0.002630679165
0.000825410012
0.00023748591
0.000846261927
0.00023979913
0.000531430361
0.000237211759
0.000244359347
0.000239064861
0.001113943438
0.00437930128
0.000531762198
0.007938902798
0.000237847148
0.00172052344
0.00468710596
0.000244230968
0.00053592845
0.003818881906
0.000241420385
0.00023517384
0.000527150349
0.000529239337
0.000234896135
0.001148066662
0.000531322347
0.000235130246
0.000526896174
0.002065421628
0.000241407702
0.000234697329
0.001139935419
0.003483557596
0.000237758037
0.00023721558
0.001111092786
0.000242910568
0.000241450412
0.000533339655
0.000236663341
0.000819505773
0.000239609351
0.000242955569
0.00053228293
0.001141397657
0.000534372648
0.000233158464
0.000525818762
0.000233997131
0.000531534187
0.002924149621
0.002632398697
0.00024151795
0.000243862281
0.000242978648
0.000864621319
0.001438524849
0.000842159975
0.000820795296
0.000235695578
0.00024019148
0.0002400035
0.000246375567
0.000823126895
0.000246074569
0.000235245188
0.000820696181
0.010164607493
0.000243162504
0.000241531866
0.000234539614
0.000237917564
0.000238188058
0.001479975213
0.000235785783
0.000527951706
0.000242481591
0.000246454319
0.000245845401
0.000240318166
0.000238843423
0.00024240059
0.000239500787
0.000235498096
0.000854228526
0.000237379896
0.002014362884
0.000243598692
0.00274088507
0.001173988519
0.000244359465
0.001169945109
0.000235394373
0.000240015079
0.044150807778
0.000237111949
0.00024367869
0.028730489213
0.000244046898
0.000237156409
0.029802310371
0.015720793209
0.00023615582
0.000245743426
0.000235851633
0.000247523691
0.000240040698
