0.000238590472
0.000537186077
0.026067521072
0.000239479448
0.012682714326
0.017723272067
0.001752534696
0.016376822693
0.00024274083
0.000237798971
0.000536211367
0.000533865592
0.000240510677
0.05900992834
0.009445835118
0.016785638654
0.000245717098
0.000245053943
0.000242352622
0.004986042688
0.017174525358
0.071576869828
0.118356354399
0.019766950496
0.039808554531
0.076667447546
0.000234072794
0.000242489412
0.005696367673
0.000243020423
0.000236803387
0.038444281964
0.041941927707
0.062796518746
0.059325267091
0.013402945269
0.016127832086
0.006171516434
0.000241750125
0.006995774009
0.010807511026
0.000241869855
0.006784015945
0.008536872307
0.011625133
0.068977232244
0.013256010473
0.017743515285
0.000240591103
0.000536627007
0.003182823858
0.023048251735
0.027708156833
0.005154604301
0.000237914767
0.018277969137
0.031040050365
0.000242929444
0.002222019355
0.018961179253
0.000244323203
0.016043083017
0.008600113436
0.00024498137
0.070819261944
0.09047145415
0.100354508175
0.000527503418
0.009842063492
0.004732586124
0.025191239184
0.041853868579
0.000236630364
0.00746094642
0.004641449572
0.008761924612
0.036675442969
0.054724914303
0.000241770897
0.000246658492
0.000529622273
0.008634811648
0.015231683768
0.000240559415
0.000240712687
0.00899708748
0.000241929449
0.014002477645
0.015927986669
0.029170480035
0.043803221758
0.000240113875
0.000235490533
0.000527014269
0.005142369467
0.000235353265
0.000242157638
0.000526393492
0.007211311712
0.000528701384
0.032460918685
0.000238852676
0.000234258099
0.011638423016
0.019999824731
0.050477964436
0.012622458287
0.017624806438
0.000241324819
0.008047029771
0.011456074616
0.005009674419
0.027302689533
0.000527928269
0.006422044687
0.009917970473
0.011374877167
0.00258266356
0.011271059268
0.017736327276
0.072070850257
0.000245233138
0.001746624912
0.006293593302
0.019404137624
0.012626912249
0.021640093846
0.003466103858
0.000237670983
0.010501295836
0.030548191668
0.000234413256
0.000236970284
0.014153173831
0.000236242621
0.000527271027
0.008244329897
0.000240290292
0.027813135983
0.076320641702
0.079186804396
0.009513964085
0.032865799113
0.003968094759
0.005938858309
0.009607380616
0.000235646304
0.005980633887
0.033467150292
0.062981152942
0.000238631447
0.004980202909
0.000234295167
0.005899179361
0.012147252211
0.000236507618
0.000237142269
0.002061990167
0.018602933251
0.007397743928
0.024140499631
0.000244601283
0.000236700046
0.000528067709
0.003354760361
0.022947246456
0.000240848915
0.000246158553
0.005804732113
0.000247063626
0.007370589892
0.005787442881
0.008295604173
0.067862114622
0.00722489763
0.016022672845
0.000233662965
0.000527439314
0.006610275881
0.000246865671
0.000247276337
0.01060180968
0.065053255441
0.078055732018
0.003752928627
0.029339385984
0.042468436183
0.050997668102
0.003280941297
0.017063320969
0.000238566614
0.00357275503
0.000234255328
0.000242409963
0.000526256411
0.000526257346
0.000528033874
0.007833310295
0.01236284829
0.000242347299
0.005446589542
0.00023920496
0.000240013971
0.000532070161
0.009510278411
0.000240064851
0.006353070567
0.000530359759
0.000244204498
0.011740172187
0.016057480844
0.078360292811
0.00024551707
0.00024606638
0.000828379828
0.001180415941
0.000237933987
0.013159356712
0.014323577555
0.002393960498
0.00024755003
0.008749162951
0.002870451191
0.00023896543
0.000531442554
0.002052811061
0.004688857521
0.000241217779
0.001129714774
0.001711759844
0.061437346859
0.002965326436
0.009346721359
0.023068049499
0.000825497231
0.034818570415
0.074511023826
0.002352154057
0.008546926976
0.000235512785
0.017965308
0.056399877188
0.001463045356
0.007948802119
0.000236579493
0.007510752205
0.000234154112
0.00925681944
0.076693340309
0.004050515301
0.006396243623
0.009311282129
0.073036366529
0.076207138916
0.00023742178
0.003252168631
0.001130756635
0.006403416104
0.019592078631
0.000238962716
0.000531584765
0.002039758013
0.027041949137
0.000525841424
0.000817875815
0.005141260522
0.004495182589
0.001139165103
0.000528540287
0.001402014518
0.009042113913
0.058709301986
0.00023654478
0.006414674451
0.009909340377
0.000242589473
0.006396932266
0.000236338534
0.000844793961
0.000851445611
0.009001646245
0.000245548183
0.01581989593
0.061626939952
0.006692016754
0.00023375426
0.000244910042
0.012182288516
0.00023965146
0.000531483606
0.000532524935
0.00758850729
0.001993124229
0.003475536118
0.005096367345
0.000236043346
0.002066732166
0.000238785529
0.000529412453
0.000819453398
0.000242603128
0.001146324525
0.000240740912
0.001151260744
0.021896686174
0.000243187082
0.002927194784
0.000853602305
0.000241809976
0.000240467534
0.018498139053
0.04509073266
0.000244748719
0.001447864651
0.00023938432
0.004259481252
0.00023913781
0.000241267303
0.000823034179
0.005246493326
0.00052819461
0.00112488813
0.010653269902
0.002380817572
0.001696633065
0.007155878069
0.000237683351
0.000820008949
0.003400908408
0.000238155773
0.00861434388
0.000535831919
0.000236667988
0.005279176987
0.005049766212
0.00082684659
0.014440061006
0.000834752459
0.000823010785
0.003940921689
0.001142081137
0.017614167726
0.000235864527
0.000843787256
0.007031976537
0.023687261425
0.04242190497
0.000234724898
0.000817767703
0.000239526302
0.000819192931
0.006452523067
0.000234676538
0.000233951719
0.000525252857
0.000534571784
0.006391951217
0.000244952477
0.000245205568
0.004855154129
0.005536867916
0.001109941203
0.001693436078
0.001126756839
0.002012783028
0.009491900408
0.045306226429
0.000245152572
0.000237840383
0.009979532155
0.019183310468
0.022398100773
0.01719036988
0.024360731908
0.033255829255
0.000526209913
0.007293911359
0.000532787023
0.022667048798
0.028140254331
0.000236324291
0.01213702328
0.013593045155
0.06659729425
0.00024029956
0.000820092819
0.005987627618
0.000243882168
0.001449684303
0.003831717743
0.000236270961
0.000528782739
0.000529459907
0.000242926391
0.009499813951
0.000236534451
0.000238520161
0.001112372113
0.010023951385
0.000238467676
0.000529491032
0.002656132813
0.011698601631
0.00024377718
0.001690845236
0.011376577837
0.000237338579
0.000528213754
0.007682937457
0.000235945253
0.001745530098
0.000241359896
0.001746273816
0.008877866725
0.017220968104
0.000237668422
0.000238117683
0.000822345459
0.000236489809
0.001412856194
0.010846259511
0.000529944497
0.006574951712
0.013516473962
0.000241269932
0.007269221282
0.006215552361
0.000242597105
0.001122370327
0.000234888293
0.00486549504
0.00118907334
0.000236901896
0.00052972488
0.001137865865
0.009773412685
0.013560671738
0.03035763646
0.05444066118
0.000234435144
0.000526859062
0.000817576799
0.002579674515
0.016176734288
0.007026009659
0.009975212272
0.018023844258
0.001984073409
0.015933741948
0.036239924858
0.000240116128
0.000527652904
0.004054664889
0.005219502792
0.011718437955
0.000237491922
0.000528676368
0.000529063574
0.036773566018
0.044780668104
0.071434931328
0.000244371195
0.000235188638
0.000819469284
0.01676163224
0.000526197493
0.00576277819
0.000530903055
0.0026879092
0.004153723544
0.000235815761
0.000527967273
0.004391117703
0.010242172903
0.01274820539
0.000239491896
0.002977880167
0.000237945443
0.002897508194
0.004935319743
0.000526029331
0.00676247088
0.01265194642
0.000245654983
0.004369858489
0.012267364065
0.000245434713
0.003826142844
0.010957835527
0.004190354436
0.00023918863
0.00575315747
0.000239543301
0.001444812396
0.029699061582
0.00023811447
0.000530850628
0.003493293467
0.009142146689
0.000238843539
0.001183003235
0.011140297605
0.000235427738
0.004051819752
0.019344342799
0.020524387224
0.000526120017
0.000526629188
0.000237964598
0.000528697813
0.003952786907
0.000818055795
0.001998444171
0.000235969268
0.000240981502
0.009876908988
0.000532062684
0.004446979291
0.004471816284
0.00609076433
0.004748077803
0.000234433293
0.000818161303
0.002302433724
0.009483867071
0.000234572347
0.008296725607
0.007709446496
0.018085047669
0.035410154539
0.000531176639
0.000237092745
0.003501538146
0.008592756621
0.006975975619
0.022283516863
0.022866853151
0.05955678597
0.000242202115
0.000240367101
0.005208486199
0.007589466932
0.000235733807
0.005298296905
0.014834749793
0.001112191683
0.008369056143
0.065412989881
0.000244124182
0.000527518368
0.004609492578
0.019864464357
0.028855852723
0.000245273476
0.000528156951
0.004143786778
0.000235473263
0.00940937898
0.000234881315
0.002945545957
0.003332239232
0.004521147993
0.000234106423
0.000239638783
0.001401179686
0.004934907558
0.001770395438
0.012199809826
0.00023969048
0.002768139556
0.000242181229
0.010215300474
0.031881694203
0.044793030296
0.000240500439
0.005081699091
0.002720909289
0.00516024653
0.000241790811
0.001741830721
0.000236456886
0.000529071782
0.012583051341
0.00781144247
0.000243681823
0.001110374753
0.006887922048
0.000236576892
0.002884572343
0.010158051232
0.020176532887
0.013049117461
0.022840918355
0.000237184587
0.000819779921
0.014806804961
0.00023959935
0.000243780244
0.000237500219
0.004424367942
0.01721004636
0.007926462436
0.022906481725
0.000239802923
0.000237045663
0.000237428161
0.004996403635
0.005883643321
0.004165475402
0.000245044943
0.003188282305
0.004354625335
0.020429229632
0.000238447291
0.001412433336
0.004653964029
0.000241135514
0.002010780814
0.007173871514
0.000233657983
0.000527232012
0.002287432025
0.004355072596
0.012142835159
0.001771133762
0.000237649248
0.003277503078
0.005040395814
0.000239243963
0.00023670025
0.011050738261
0.000533209046
0.001154451997
0.000234018109
0.004821586447
0.00332899767
0.006780537398
0.008705822415
0.000527123479
0.002050232517
0.005886153553
0.004628375057
0.00521052466
0.011083122854
0.02006807465
0.010504578203
0.020960569964
0.025496369447
0.033843714393
0.000237038691
0.000850492231
0.002381253713
0.006748098884
0.007332029905
0.000836156214
0.002567759096
0.008298297131
0.000533861637
0.001155698857
0.00731322637
0.003331845713
0.008281491857
0.021848589055
0.03259819999
0.04832538178
0.000245329857
0.003215146669
0.005306705267
0.000246455748
0.002030109442
0.003194278403
0.000524657397
0.000526117979
0.006062701695
0.007239605674
0.00203573403
0.007675812481
0.000528825802
0.004675077916
0.00179211554
0.005840233941
0.000534576988
0.001129660502
0.000238752884
0.006828675813
0.000234924528
0.000235835643
0.000527028384
0.000239741275
0.000837900128
0.003522218276
0.000841511525
0.003491234314
0.004386652674
0.00676962652
0.002152313059
0.011365437218
0.006731856788
0.010531907808
0.000234758663
0.002876725555
0.004800183863
0.000238523661
0.0036342353
0.003245325211
0.000237620167
0.000528911308
0.002659867406
0.001628408927
0.000845607358
0.003755533289
0.015219332574
0.017730445474
0.001110265275
0.010409112107
0.000240339765
0.000820755615
0.00901250312
0.000244393428
0.00024424782
0.000234602124
0.001123686545
0.003226240186
0.011798805339
0.002999032371
0.000234078894
0.00023874042
0.011978498053
0.021531323551
0.000244571927
0.004211989322
0.005464960639
0.012762032702
0.014032570005
0.000526270346
0.001135919458
0.004698793621
0.000242065406
0.000526667299
0.00411457413
0.000235224925
0.003368106367
0.006296893905
0.000527690811
0.008428932219
0.000243660023
0.000238920809
0.002673382569
0.006033975571
0.001448272034
0.002670444465
0.001740184834
0.004676217817
0.005550558504
0.006089613001
0.000530232332
0.008132175874
0.008714791706
0.014198828764
0.017893108239
0.002702257342
0.001118491316
0.008963834546
0.000532586024
0.000532944491
0.004402033925
0.000235772104
0.003486958828
0.004363420015
0.009877324115
0.000243118289
0.000234978953
0.001809102387
0.000234509838
0.000238995282
0.001995952492
0.004924646466
0.007254738133
0.000240285781
0.000235566919
0.000527243969
0.000238936026
0.000238349573
0.000244532846
0.000234099711
0.000238996922
0.000526322041
0.000246212032
0.000245847224
0.000526056843
0.000845365961
0.000535208481
0.00113239032
0.006175571657
0.000238992682
0.003307803218
0.002026625755
0.000243015084
0.000534468164
0.001144854617
0.000234443805
0.00329409058
0.001419427797
0.002622672214
0.003191072481
0.004355130466
0.009527095386
0.010109094382
0.000238874752
0.000531963114
0.000237371447
0.000243101422
0.000238214468
0.00114005859
0.001744868702
0.00085253702
0.001445712715
0.002900959834
0.00052659181
0.003317400079
0.000246117286
0.000241695564
0.001113230929
0.006174516498
0.001749363787
0.000821753296
0.00141899825
0.003193193581
0.004093224947
0.004674996561
0.000236285112
0.002936017442
0.000243166257
0.001783390282
0.000526318203
0.00111073515
0.00084575666
0.00272177189
0.000527822385
0.001109993658
0.002274430112
0.000533370771
0.002688202282
0.000239864157
0.000243378824
0.000239884736
0.000240402397
0.003217977304
0.002693854532
0.000822344022
0.000234592738
0.003161298037
0.004035853763
0.008411085769
0.012429195301
0.000532798242
0.001116338897
0.000246463803
0.000235155567
0.000239506963
0.00116038165
0.00023452421
0.021303356057
0.000236651412
0.001137939966
0.007091053919
0.001110443606
0.004393118106
0.000240905415
0.000862833711
0.000241630744
0.000246295438
0.000240247856
0.000235499922
0.001149743451
0.000236493237
0.001124904253
0.000537375887
