191
204
177
184
184
202
62
56
56
54
54
157
219
95
89
65
64
48
40
32
50
43
61
40
70
48
59
89
73
81
68
76
82
54
78
132
153
75
74
70
73
72
64
77
182
214
198
228
121
84
133
172
67
116
127
140
121
97
97
139
104
123
110
137
101
98
100
87
107
91
107
80
118
84
110
91
93
86
91
94
110
114
113
116
110
131
131
135
139
191
162
100
213
159
268
183
90
263
90
159
94
132
116
152
164
134
209
155
133
263
161
132
172
153
180
162
150
182
156
158
168
159
170
165
182
172
449
209
271
208
208
367
261
226
121
499
338
248
194
136
171
125
216
164
149
185
218
253
283
325
301
241
488
304
356
380
199
189
570
285
242
175
143
449
422
291
424
237
375
232
325
226
254
315
336
302
251
329
280
135
287
278
114
89
311
162
73
112
262
343
279
144
347
333
288
80
56
307
68
87
