198
207
217
180
189
191
43
44
43
57
50
162
209
104
82
64
70
52
37
47
50
54
54
43
65
55
49
70
55
61
64
68
60
62
81
132
199
69
70
91
59
88
77
67
161
245
190
216
130
80
149
169
83
130
145
115
129
118
130
147
110
107
126
129
101
81
103
83
80
87
107
90
119
75
80
86
78
62
84
92
103
104
126
96
116
116
129
129
180
185
195
88
200
189
288
194
78
271
82
132
67
144
92
148
157
137
251
140
141
283
139
139
149
137
183
147
144
178
174
153
159
164
160
151
179
167
496
209
315
181
235
388
288
220
117
493
330
320
197
114
147
123
158
122
175
225
211
261
278
315
323
277
531
342
379
394
189
235
579
288
210
172
115
360
409
307
449
245
357
248
346
248
218
291
295
270
273
328
294
143
309
298
99
74
301
173
109
158
269
362
286
139
347
339
286
66
143
313
143
111
