134
92
113
79
92
79
43
98
81
206
172
109
115
103
88
108
75
54
78
60
91
68
81
68
94
93
104
78
92
106
115
124
149
155
186
121
203
169
84
92
222
110
94
60
59
203
311
144
131
110
135
106
104
116
162
117
97
109
81
111
139
116
145
145
68
113
140
129
73
82
131
98
262
255
163
282
136
160
342
158
127
99
368
196
113
169
186
225
198
274
226
131
326
507
179
183
109
114
400
128
428
129
82
99
62
386
494
74
55
137
337
396
53
157
127
129
95
90
82
79
80
85
85
391
373
75
349
290
68
267
366
67
326
230
54
315
51
43
210
310
202
339
260
34
25
18
12
12
5
4
