134
88
90
70
90
86
50
89
76
203
142
92
127
105
91
95
74
74
77
70
90
58
91
69
83
72
57
79
87
84
98
112
115
136
141
81
183
151
58
73
205
81
69
56
63
170
302
160
123
100
140
104
91
106
142
87
92
106
95
96
118
124
126
111
77
116
137
147
71
83
116
119
235
274
143
275
150
166
308
162
139
105
342
164
92
177
182
246
201
274
255
131
315
510
202
174
102
115
403
140
427
143
103
99
68
417
491
96
84
140
295
423
51
155
135
137
103
96
93
93
84
93
85
366
372
78
310
307
72
268
351
68
324
234
57
292
53
45
198
313
216
323
234
34
23
18
11
12
5
3
