21
14
19
24
25
22
15
13
15
17
18
1
3
34
29
26
22
14
16
17
16
14
13
15
21
18
19
29
21
22
23
24
29
34
24
7
1
25
51
38
26
49
41
34
43
46
40
32
35
16
36
51
14
40
47
33
38
37
41
50
40
27
47
37
38
27
42
32
24
34
50
38
33
24
34
30
35
29
33
37
27
33
38
26
37
42
32
30
79
0
68
25
11
69
12
69
31
15
26
44
26
22
28
29
35
32
75
42
36
89
46
30
55
35
43
29
34
54
36
22
26
34
24
47
30
28
27
78
130
18
93
18
117
99
33
24
27
108
64
33
42
25
55
31
26
46
31
40
51
46
42
104
73
39
49
42
86
88
62
54
98
89
75
40
29
51
96
75
101
60
96
65
67
90
89
75
62
75
64
66
54
42
47
57
45
65
38
37
51
56
44
56
61
57
50
24
25
52
16
31
