18
18
20
20
24
17
14
12
14
19
15
1
4
34
22
21
23
13
15
16
22
15
17
15
29
22
14
23
20
30
21
21
28
36
24
9
5
22
40
45
21
53
41
36
58
65
12
55
59
13
42
51
20
64
60
44
45
54
60
74
50
40
64
58
36
26
43
34
23
38
56
40
33
27
37
32
29
21
27
34
27
32
37
28
35
41
31
33
75
2
72
18
10
84
8
82
26
10
27
36
23
32
28
21
31
28
65
35
32
79
39
31
39
36
52
33
33
42
32
30
27
29
22
42
22
18
40
82
111
17
75
16
109
94
28
31
28
123
50
23
46
22
52
24
24
52
27
41
41
45
42
131
92
38
44
46
92
89
67
54
98
80
74
41
34
39
101
72
115
70
100
76
76
88
92
59
79
75
75
65
42
49
51
42
41
63
41
36
44
52
39
52
52
42
50
23
28
55
18
28
