0.000243467788
0.01222851523
0.008994863765
0.000244589755
0.000241943131
0.000244288363
0.000244725993
0.006868876851
0.000240772442
0.003633452315
0.000240182066
0.004268173628
0.000245447232
0.000244207047
0.003603235484
0.000235674936
0.001769133699
0.002351998562
0.004523994349
0.001449961876
0.009081658936
0.005283006616
0.029955285483
0.000242191469
0.001445041283
0.000237005945
0.000528255829
0.003865435179
0.001431766224
0.012706674165
0.00024204058
0.004141496976
0.000237647883
0.001136595894
0.000238371503
0.000234863965
0.000234114351
0.000819380092
0.003358580656
0.000531181134
0.004601551384
0.000239060953
0.001438175767
0.000242163339
0.000242663007
0.000235650351
0.000233505967
0.000236601202
0.000236707362
0.000241866987
0.000530862843
0.001697267758
0.000239230697
0.000246046509
0.000246314458
0.000233990493
0.000235106377
0.000244177344
0.004342304504
0.000234592448
0.000526215937
0.001134935923
0.000235625342
0.000241808968
0.000533882191
0.000533793986
0.006388482556
0.000244429553
0.000535322838
0.002676261753
0.000236150145
0.000858787036
0.001153809518
0.000234222888
0.000526230461
0.000239829141
0.000243782682
0.000235732714
0.000835565744
0.00305754529
0.001132439707
0.003794628866
0.000246715289
0.000534459909
0.007175987728
0.000243530566
0.000244273418
0.00143609969
0.000529702673
0.000238222553
0.000529368717
0.000531100699
0.000243341376
0.0005350284
0.00052924511
0.00023961974
0.001761425458
0.00024404494
0.000237546171
0.000534891663
0.001751214796
0.000239586192
0.000243735144
0.000236643094
0.000847645195
0.000245856073
0.000236320304
0.000241476312
0.001141585914
0.000527159814
0.000244487969
0.000234381109
0.000241899149
0.005198150186
0.000243632502
0.000235998528
0.000243682642
0.001158337893
0.001501791664
0.000239035477
0.000857723818
0.000237245939
0.000237455509
0.000235169265
0.000236512437
0.001116972527
0.003954019187
0.000242872322
0.000241650253
0.000243859874
0.000238293327
0.000245591002
0.000237396012
0.000530018342
0.001466213153
0.00023689914
0.000246036386
0.003022112787
0.000242266975
0.000244573095
0.001136701399
0.047972967404
0.001439211144
0.000242803415
0.003330144019
0.014583074086
0.000237779625
0.000242590752
0.00296954113
0.000241418186
0.000246380962
0.000241582848
0.000238468329
0.00401158208
0.000236619941
0.000239450785
0.000234685104
0.000244145963
0.000247045528
0.041244973466
0.000240787467
0.000244871273
0.000242733152
