0.000234673006
0.004863430446
0.000243326287
0.000235484558
0.000239458172
0.003334699984
0.006110807892
0.006399831327
0.000246327925
0.011204759366
0.012822153725
0.003268313447
0.013355733838
0.001712443424
0.00082117476
0.004255065635
0.018153688551
0.02877805506
0.005800580242
0.000238301457
0.000241871366
0.006777051222
0.000244366172
0.000246539574
0.000239652981
0.000526247222
0.005255154385
0.023185329014
0.00024588441
0.009630974753
0.018086006906
0.003783053076
0.010463395115
0.02728968404
0.000236520826
0.00519323487
0.000235605357
0.000240812502
0.00310152764
0.000234744336
0.024780503474
0.042792832676
0.076012903504
0.002402847888
0.000838042244
0.001433060227
0.008236282205
0.000241381014
0.000236495957
0.000837110152
0.009759370224
0.021985772409
0.028377591401
0.037812357882
0.053681651879
0.004078905
0.00854725033
0.000234969344
0.003648275684
0.000239187019
0.000240840745
0.001119650893
0.005230568593
0.01607286855
0.002421454419
0.003654384313
0.00024329999
0.006333997487
0.007339598347
0.018172096559
0.000527604941
0.016527170246
0.025643288253
0.038936988294
0.000234614632
0.011047117629
0.012190290642
0.021450875978
0.000242274279
0.000235718333
0.009640413673
0.005213500534
0.000238730778
0.002051991977
0.002661905666
0.009953374631
0.001727537607
0.003764984649
0.005525264721
0.000239307073
0.000240332391
0.00666427493
0.000236143668
0.003757046462
0.008420928319
0.000235680639
0.000823543779
0.014046418291
0.001729344894
0.019326597933
0.053297279944
0.000246336792
0.00231206699
0.017760757929
0.040733330896
0.000238868621
0.000835258509
0.000238469464
0.007496353214
0.0002407304
0.002066001492
0.003531740192
0.004116003443
0.022488075564
0.033106781466
0.033398827922
0.003563927084
0.000234725513
0.003919644087
0.008893024725
0.00024602171
0.002532655447
0.036211764859
0.045638095489
0.00023619977
0.000240826928
0.001128419255
0.004775774312
0.011096724712
0.000245158262
0.000238547648
0.000531743595
0.006942965747
0.009629102173
0.007044328799
0.000242204981
0.007264255789
0.023877068814
0.004176961209
0.007144726077
0.000237544211
0.007549470452
0.000245428268
0.00023843255
0.003816484862
0.017172200528
0.005502871667
0.000246866747
0.008651734289
0.000236807869
0.000534024714
0.000244188223
0.000244593541
0.001780035902
0.000234204017
0.003832826383
0.00023734964
0.000528899637
0.000526170828
0.001110916079
0.003951331663
0.005669842753
0.02690486361
0.005255589821
0.011464291321
0.000243246533
0.000243814591
0.004285096752
0.000234467523
0.005290704063
0.016163689645
0.026761801096
0.007442455052
0.00024680791
0.004677955045
0.005260982868
0.004249209637
0.021111351308
0.000233999922
0.00023523496
0.000527397562
0.006591934515
0.004970903827
0.005844370128
0.015472943207
0.000528320911
0.004724961086
0.014089265083
0.000526864776
0.00329302438
0.005095017779
0.002315280981
0.008376578011
0.011010974035
0.000238061455
0.00023860349
0.002737712577
0.000236641088
0.00023795446
0.010535357874
0.016782787887
0.000245988058
0.000235422794
0.001417225321
0.002594506599
0.000233709247
0.000239430512
0.008842453373
0.000855901684
0.000239228327
0.001429738042
0.003788419313
0.002005011853
0.021678797281
0.000234953234
0.000525676085
0.006900173582
0.000237218351
0.000242953219
0.001143411409
0.00024284189
0.000243133113
0.0030201141
0.002670891005
0.000246552494
0.008645487128
0.000240305809
0.000237180433
0.003007192208
0.003615748786
0.000239365968
0.003446065727
0.007335005187
0.016012691623
0.000833911979
0.000235618451
0.001149892171
0.003547178353
0.019857533744
0.000237895199
0.001113046775
0.000240361212
0.008939670241
0.00024496139
0.00024443548
0.004078697767
0.00024538073
0.004414598287
0.013216597905
0.000238954109
0.001128371456
0.027480215406
0.000245799321
0.000532971665
0.001159087405
0.001413580006
0.002885968202
0.005203333449
0.001115570696
0.012074241352
0.031302657957
0.001403058142
0.016643744689
0.048245110774
0.000241467598
0.008908108193
0.000239519301
0.000237145792
0.000863082468
0.009407223791
0.000233897343
0.000246625016
0.000526133439
0.004796125221
0.00053685638
0.000238032317
0.000861650895
0.00111767348
0.004352297397
0.009278977301
0.000237887293
0.005016187932
0.001109896608
0.001693328998
0.005217321993
0.000818483091
0.011047123436
0.035456807981
0.000242143241
0.007808593229
0.010135487993
0.000244376666
0.001449573767
0.009681112353
0.002398410269
0.000234342698
0.000246945241
0.004875369345
0.000239633103
0.000237580173
0.014892886912
0.001177895668
0.00052736987
0.001124658224
0.008287971028
0.000239760116
0.002624991837
0.005602287503
0.000240185632
0.000532812968
0.010651886906
0.000244895718
0.005050561976
0.00024015694
0.000837363061
0.002056309759
0.003295389552
0.000241551563
0.002001854628
0.001193257234
0.015377009548
0.000239187244
0.000243096145
0.000852733071
0.01928139835
0.00478052333
0.000235495499
0.000246063953
0.000528925591
0.000243431217
0.00023540593
0.000236881487
0.000242649935
0.000532966616
0.000242025081
0.006438621292
0.000247060996
0.000847884065
0.001429885662
0.000238805437
0.000234974394
0.00082074795
0.000240699332
0.002727727476
0.000239001278
0.00052660371
0.001985983805
0.002275200631
0.000526563871
0.001400244591
0.000239241009
0.004613219141
0.000244008423
0.000851922141
0.008796039155
0.000244372023
0.000239352897
0.000239338327
0.011394641176
0.000246336484
0.000846587319
0.000245755283
0.000235155669
0.004648759522
0.008196906422
0.000236816361
0.002696533565
0.000239805065
0.004377919996
0.009087288037
0.02079479522
0.000245906233
0.000838770894
0.004664720795
0.000236811662
0.000236971062
0.000818613856
0.004052986344
0.00024632285
0.000836562584
0.000239366164
0.005817189069
0.000240164285
0.007491689411
0.000234982091
0.000237583059
0.000532553006
0.000235335636
0.003521324401
0.000244682361
0.002957240773
0.000242757118
0.001142660943
0.000242455135
0.001436247815
0.004098738803
0.014086983557
0.032002740638
0.000847638605
0.013622420785
0.000245584827
0.00384414625
0.00052764227
0.001112906359
0.000234907289
0.001426882437
0.000244576082
0.00731117893
0.000246298445
0.000869227182
0.000242016141
0.004109522261
0.006443137976
0.012656071197
0.000238898374
0.000243115378
0.000238216685
0.000847339893
0.006133818352
0.003585041975
0.000235622555
0.001110728513
0.000527015443
0.007376022055
0.001168393909
0.004982807777
0.01244825782
0.001435832988
0.000244149513
0.000241845517
0.003151025536
0.004382317909
0.000235266982
0.040266755117
0.000243970165
0.000238972159
0.001435161307
0.010771647817
0.000820682013
0.004399684349
0.000243994516
0.002184461192
0.013157312427
0.000241347081
0.000866197426
0.00023774316
0.000240239292
0.003005443714
0.022062973103
0.000532623105
0.000243892367
0.000239624552
0.004890454475
0.000823559219
0.000241807045
0.003515554693
0.000244661843
0.025569556065
0.004232618392
0.000241293995
0.006139139865
0.000237161003
0.010035918922
0.000245617802
0.000239865377
0.000244022732
0.000233789266
0.005855966637
0.000244989036
0.002450699642
0.012172289228
0.008820765571
0.000237351273
0.002629546414
0.006459671555
0.000235102734
0.000239147575
0.005903243493
0.00024345371
0.000245546407
0.00024241553
0.000246759205
0.000526623697
0.004637307343
0.000236686749
0.000235386222
0.001128272143
0.003792157564
0.002573053299
0.003858316176
0.000238727087
0.009677888021
0.001422335019
0.000238031953
0.000236657773
0.000245826779
0.031416346858
0.004636370426
0.000826905383
0.002386885443
0.000238601797
0.005166475524
0.002416743971
0.000236980435
0.010743714237
0.00023543348
0.004590491052
0.005513099936
0.008407899965
0.000243222792
0.00023789274
0.00024423953
0.005440478059
0.000235673116
0.000239142028
0.000242808769
0.000239592664
0.00023933355
0.002611192033
0.008321991438
0.000246102715
0.005116315434
0.000236486193
0.007282875701
0.000239253771
0.000234789153
0.000243524346
0.013715810835
0.000240221654
0.000243950709
0.000826103946
0.000240248347
0.000243178483
0.00084021544
0.012162652018
0.003947703854
0.004927056356
0.000238344733
0.000238602836
0.030810479355
0.00024286045
0.005741379741
0.000239076795
0.000237756226
0.000245290314
0.000244885141
0.002931689091
0.000242479184
0.005227822158
0.000239688537
0.01510073135
0.000242761581
0.001720614691
0.000235839259
0.000237709807
0.000240885689
0.000862001147
0.000236669393
0.002507112318
0.006308505825
0.00023874447
0.004337361109
0.00169378838
0.002277631036
0.01731426957
0.001171405275
0.000867199756
0.000240832835
0.001156904571
0.000237295496
0.000235548375
0.000528916846
0.004655814293
0.002801057395
0.003475560939
0.000237557741
0.000820981947
0.000240756299
0.000842398343
0.000246452209
0.00751906748
0.000234656536
0.000245854799
0.000827943274
0.00024243153
0.00023980657
0.007630840512
0.000236164862
0.000859241845
0.00024280246
0.000238757249
0.002397710478
0.000237827348
0.000245513442
0.000234524971
0.000239261991
0.005898369405
0.000246681276
0.000244254491
0.004567233766
0.000244838658
0.002406669284
0.002014500327
0.010092379666
0.000236023326
0.000246094832
0.000235043397
0.003698028443
0.000237386345
0.008338710862
0.00053503826
0.000244044721
0.003359843054
0.000245976861
0.000538571412
0.011087957063
0.00024373318
0.000243388881
0.000864716865
0.00024582649
0.000236175445
0.000238283021
0.000238139251
0.000241171813
0.000241607007
0.000239703337
0.00024431337
0.000247172638
0.00023835702
0.000242887445
