0.00024406139
0.00053706319
0.006501317215
0.000241067933
0.017284551117
0.039033085553
0.000529680465
0.012335746046
0.000240687955
0.000239110971
0.000525797416
0.000536603513
0.000245180135
0.004160640118
0.006780546633
0.000246882433
0.000235688135
0.000237992975
0.021946473971
0.045313613521
0.031169063775
0.055893143951
0.05778910374
0.000236829688
0.000529938332
0.018220170197
0.060453229486
0.000242965648
0.006120718827
0.00024266309
0.000243943117
0.041852741209
0.063463013401
0.000235705861
0.042006535466
0.00024384077
0.007689790682
0.025276770261
0.007633124289
0.000245581751
0.004702566061
0.017152622308
0.004977462071
0.050763893097
0.058045755008
0.059502127816
0.009591859017
0.000245466679
0.003971464044
0.01881804822
0.048592420204
0.005697763441
0.000233768128
0.00024489389
0.006686123891
0.020737191579
0.046121705784
0.00023840138
0.009180298162
0.049414671821
0.000245427497
0.009945126461
0.00928452485
0.000237897771
0.000244829418
0.007278022802
0.000243957059
0.00724615334
0.014553359933
0.002396646332
0.012042270205
0.035890961722
0.000246771161
0.006296674733
0.00318717352
0.014587575999
0.024185654795
0.026065901451
0.000236681569
0.000529056887
0.002002822143
0.022521207159
0.000236287137
0.000242039579
0.000529275108
0.006695049512
0.026740635379
0.02859466882
0.030669148773
0.000244912741
0.000237620116
0.000529735303
0.00482471487
0.016742843188
0.000235450257
0.000528140719
0.00914338966
0.000236663232
0.000528625381
0.027390694458
0.000235431985
0.000235471891
0.005848372524
0.01333266935
0.018401664642
0.001419273954
0.02085581213
0.021852544728
0.007947587275
0.013813650343
0.012364044615
0.017616255056
0.065231033847
0.003232896274
0.007823268499
0.012221928356
0.001776919389
0.009477685254
0.014231907803
0.03214123984
0.000239349888
0.005736777538
0.017722992663
0.000233659672
0.011157361819
0.016837927132
0.007838888967
0.006011188958
0.058439162561
0.078983182009
0.000236712358
0.021433131492
0.05413789125
0.000234292185
0.000527431552
0.014824249651
0.00024707763
0.059928186141
0.066238787862
0.094572546813
0.00906258836
0.025600505791
0.029106916857
0.001743038039
0.009205977594
0.008479498805
0.00024050884
0.003039652269
0.012014850307
0.020357194959
0.007544830219
0.00571847754
0.006884870519
0.000243472476
0.007977731722
0.019611420972
0.000238561856
0.003511718089
0.021795058994
0.047738614865
0.056366314608
0.000236814498
0.010832162937
0.025626891147
0.032761685673
0.000237186812
0.000239202066
0.003194856931
0.000234845613
0.000526986335
0.006393954777
0.006767280188
0.007758407037
0.008074882957
0.037159914941
0.042554125363
0.000827249588
0.013282598786
0.000526370168
0.006889587179
0.000243134945
0.053590904926
0.072280232502
0.003176597594
0.01134693156
0.031917223972
0.040830331443
0.004253227534
0.022043536005
0.002704439264
0.004140464233
0.018337616602
0.003467993464
0.010893910934
0.012904039752
0.000236276148
0.000826891217
0.02581408048
0.02708909998
0.00024281127
0.000532964651
0.009513446298
0.006147275596
0.010903320404
0.000534645845
0.000235046738
0.002855485718
0.002762206147
0.009002538803
0.000242045865
0.000534923707
0.000857668747
0.000239306919
0.004992706451
0.017591124579
0.003023916972
0.000237083163
0.002532319789
0.001923103352
0.000242622699
0.001117910862
0.000241954089
0.001594953654
0.005881829321
0.003461085789
0.000243378604
0.012269916834
0.027054277201
0.084061840704
0.005602214606
0.071091625816
0.004535456146
0.004974687302
0.000245306944
0.007258705123
0.011896865493
0.000818812154
0.001415803303
0.000234250022
0.007961685177
0.093598693102
0.002579131276
0.006949730867
0.012533784518
0.026273212297
0.042976815826
0.000238997213
0.002737624243
0.000243384999
0.005314870157
0.034628925803
0.00692753821
0.011733910058
0.000239372598
0.00111409361
0.004336319131
0.017750400884
0.004345096209
0.003231862031
0.005625917311
0.000239126022
0.003947271041
0.000239273907
0.009078237757
0.014380965519
0.00024568653
0.001744919046
0.001113384397
0.00820706372
0.011524364804
0.005895150927
0.025172736033
0.000241244961
0.00401505762
0.077747861049
0.010965441256
0.000245460023
0.002346035214
0.000242308888
0.004400663605
0.009673838265
0.000237262833
0.000526907819
0.001123105929
0.002869702308
0.008024091153
0.000234812134
0.001414053517
0.018865525357
0.000233466724
0.000235375006
0.003050531159
0.001174679143
0.000241144724
0.001464138282
0.001707253484
0.012958578244
0.000525802308
0.001110782263
0.004974107239
0.000833514462
0.000235684055
0.000241906482
0.000857052678
0.000236769116
0.006299755185
0.012367423365
0.049000233116
0.000235567546
0.002657785538
0.000238332058
0.000238708939
0.000530370814
0.003585739449
0.001999044876
0.000529880488
0.001404987345
0.003749893236
0.045679128829
0.002123053169
0.000237296253
0.001723433396
0.011579364917
0.000237201754
0.00082177283
0.008631008655
0.000236807924
0.008826110772
0.000244559738
0.000238395069
0.016296591665
0.017765602703
0.03103647156
0.010493305233
0.042091470145
0.006589713846
0.000821170539
0.000856742398
0.008026210141
0.000827499621
0.003755655651
0.068617829147
0.000238327466
0.001452869777
0.001706930295
0.012409101849
0.014900956784
0.000236320877
0.000820288792
0.000528097027
0.033480950879
0.069217732198
0.000238910532
0.000823134885
0.00024346641
0.000535046702
0.007431796147
0.000234644629
0.000243393725
0.00361856646
0.004248155278
0.002026019818
0.011009630176
0.00023721593
0.006133251178
0.007165770388
0.064963568341
0.000245065584
0.000239486754
0.004086860126
0.010681825556
0.00024032168
0.013482900584
0.014518280045
0.023851351751
0.003243867687
0.000234902515
0.000819537438
0.017779724168
0.020856840327
0.000245649441
0.000246267642
0.014515960096
0.000240842593
0.004058708582
0.011099397833
0.049759927718
0.000239000844
0.000236313768
0.000245063672
0.001708096644
0.006989245388
0.000243386212
0.001134814259
0.00024014707
0.000531352998
0.008553379039
0.000237328292
0.001439398616
0.000239224286
0.007994945772
0.000239106686
0.000235931286
0.00140031775
0.011444410033
0.008245790424
0.000237780805
0.002683110411
0.000236987321
0.000526049689
0.02056101481
0.000246083787
0.002025459089
0.010085666405
0.000247321405
0.000527513264
0.00114899588
0.005586728757
0.013470899975
0.000240285408
0.008250366053
0.003955311164
0.000244884594
0.005575868296
0.014559993552
0.000530562555
0.003671958411
0.000825556333
0.000237475727
0.000821009761
0.006378990344
0.008707795471
0.012494618738
0.032960699514
0.042212784643
0.000244375349
0.000245277304
0.002015104538
0.002307296145
0.011132946314
0.00024269604
0.00697007236
0.015737226229
0.003763152277
0.004055238384
0.053620967376
0.000245342434
0.004455597554
0.006204022466
0.000242197293
0.000533277531
0.001143377738
0.005537609789
0.000242280886
0.000529935015
0.01026379813
0.000243388356
0.006334386153
0.000242345488
0.000242528099
0.005605533661
0.000239061689
0.000525057909
0.001122083936
0.007814971145
0.011835929644
0.016978485211
0.062307371388
0.000245722847
0.007838626878
0.002000688878
0.000528723994
0.00609275991
0.000242280657
0.000826678077
0.01136271184
0.020711803794
0.006220940314
0.005244227253
0.012444194625
0.013028508889
0.002292631798
0.004333830664
0.00832834745
0.000819422193
0.0083985264
0.02242474286
0.000241988614
0.000240855683
0.000237927343
0.000834015981
0.000823410238
0.00766619804
0.000245223186
0.00024367308
0.003831986994
0.007934883763
0.009176860642
0.010354039279
0.011102740242
0.016342522394
0.000235050136
0.000235374017
0.0002396137
0.000236346612
0.000819598758
0.000525452519
0.007147949071
0.009768149095
0.000243511136
0.000527919434
0.000528350323
0.00206340069
0.012293641051
0.000236718669
0.000528165359
0.000236459117
0.000527884893
0.00378148619
0.000238177655
0.000529298165
0.000245395523
0.00024646473
0.000867116481
0.000526495795
0.004978858024
0.017854457291
0.000243070023
0.000538671155
0.012006831603
0.000526827609
0.001400012547
0.022591428433
0.038762623633
0.000240488552
0.00024090034
0.000244487911
0.000827036467
0.000244050974
0.006039328119
0.003216948153
0.009443782157
0.000245558685
0.00421717375
0.004801489497
0.000237116609
0.000529489402
0.002024817583
0.000854061679
0.005400012807
0.033578329056
0.004140042866
0.003383350855
0.021823832383
0.005427141918
0.010671647295
0.000238879791
0.005409954517
0.008885313993
0.009469296598
0.024619483591
0.030891344486
0.000241911658
0.002093781619
0.002675795145
0.00024524071
0.000236349289
0.001121660139
0.000243001765
0.000826538514
0.000236502422
0.000527666262
0.000236126928
0.008705527774
0.01700695786
0.004361519065
0.009532782183
0.008508487127
0.048302635542
0.000240608103
0.000239668219
0.000531241453
0.003747851007
0.027178184335
0.000236243107
0.006408152333
0.006387671704
0.010055213018
0.002977637635
0.000245245807
0.001110157616
0.001401922936
0.000239223197
0.001696945455
0.004042144209
0.014875523874
0.020576348002
0.006765030035
0.000234408949
0.000526097743
0.002620492246
0.000235500721
0.000526598558
0.00052698917
0.001439616445
0.000242113651
0.004248984222
0.000242771098
0.003962038265
0.006784212928
0.003995343313
0.004254667194
0.039522877579
0.000234406592
0.000531366513
0.008203361047
0.002298869757
0.009494706632
0.02164479994
0.001109255832
0.002565790841
0.008719692482
0.022628530409
0.000234556328
0.000234891057
0.00024380478
0.001765916667
0.002025970579
0.018125234074
0.000237214207
0.001138049226
0.00023548405
0.000234917152
0.000245626936
0.000528078123
0.000859518494
0.0055542615
0.000240377494
0.002998507673
0.000235739474
0.004823515531
0.002300721221
0.007900195737
0.00465537619
0.004947778427
0.011424480459
0.002884854764
0.005797179115
0.012193803182
0.012775097542
0.010124022398
0.014399999247
0.000242345049
0.000839170127
0.001417538246
0.014717870729
0.000528362683
0.001148333939
0.002637496769
0.000245210676
0.001710363816
0.005311276992
0.000847507718
0.006481300398
0.02749688558
0.000246118567
0.010130818884
0.016474917401
0.000852339487
0.00606087817
0.000234179421
0.000818109113
0.000237321436
0.000242302775
0.000537686891
0.001438677606
0.005737746217
0.013520927655
0.019998597013
0.000242965411
0.000840918816
0.000235057945
0.000528395289
0.001706967635
0.010922044075
0.000236353353
0.000242733882
0.001144610025
0.000836395848
0.01482282086
0.000242756695
0.005255611935
0.018776306342
0.021610684398
0.000247285234
0.00023743037
0.000526970419
0.001738397001
0.007284660438
0.001121733784
0.003057857059
0.024539413445
0.000246515888
0.000235804726
0.000238920985
0.001141137035
0.015115177929
0.000527287962
0.001111705666
0.00085666053
0.00052894813
0.003215813096
0.002037302479
0.000239821437
0.001114061721
0.001720313521
0.004916131374
0.016414613883
0.000237151137
0.000820475416
0.006748624176
0.001163414307
0.000241849836
0.000241607687
0.001157007274
0.002075885735
0.000242473726
0.003537182697
0.000857900519
0.000244396295
0.010495665644
0.000244179468
0.001125188866
0.008387400285
0.000239034679
0.000829417818
0.014892722491
0.00347766802
0.005236635269
0.001133827032
0.000236719887
0.000233158503
0.000526903585
0.00024290681
0.000240840269
0.000532436718
0.000840693905
0.001467984197
0.006203846844
0.000243946696
0.01013384891
0.000527046358
0.005866934297
0.000235559837
0.000835380054
0.003329541896
0.002675339813
0.001726284482
0.000239491271
0.000530498899
0.000239919844
0.000243268456
0.000535325489
0.000535550251
0.006714181079
0.010248576778
0.000234707144
0.00545421714
0.000825763841
0.007788655914
0.000837956596
0.003357092794
0.006585083107
0.003152221302
0.003735917683
0.004317946868
0.005192387695
0.007375903085
0.000234386204
0.000238109622
0.000245965198
0.002391449936
0.000245437297
0.004864003177
0.011539284069
0.001737151827
0.000242492126
0.002339780445
0.044802280008
0.000862740081
0.001122281496
0.001706568654
0.055530563727
0.000240686184
0.000234085515
0.000242953422
0.000241067192
0.002127251167
0.00023806691
0.000238655125
0.00023729093
0.000243200776
0.000244073729
0.000530845005
0.000240041217
0.002013682093
0.0028890404
0.007864160179
0.000236269174
0.000234399018
0.000238797445
0.001127325266
0.001747153427
0.000235503647
0.000241160708
0.000833593218
0.001124670105
0.000239545049
0.000243363248
0.00023651358
0.000243502168
0.004960932704
0.000241791459
0.000867733417
0.001130620148
0.002585772683
0.005509031797
0.003924443627
0.004891605948
0.00024711565
0.000240087731
0.000241757963
0.00053461838
0.000235164953
0.001472546051
0.005535224392
0.006408420289
0.010777572455
0.000851771864
0.000235830009
0.003344927144
0.000238479391
0.000240201503
0.000242011422
0.00083947877
0.000238080827
0.000234361263
0.001148132319
0.00112787271
0.0002405968
0.000243075196
0.00024219489
0.003021265383
0.001610103666
0.001920050269
0.002315274092
0.002899298083
0.000233205492
0.003355528842
0.000236599955
0.000243606393
0.000237645607
0.000825574754
0.001712604878
0.000846385605
0.00023725399
0.000238089968
