0.00024406139
0.00053706319
0.006501317215
0.000241067933
0.017284551117
0.039033085553
0.000529680465
0.012335746046
0.000240687955
0.000239110971
0.000525797416
0.000536603513
0.000245180135
0.004160640118
0.006780546633
0.000246882433
0.000235688135
0.000237992975
0.021946473971
0.045313613521
0.031169063775
0.055893143951
0.05778910374
0.000236829688
0.000529938332
0.018220170197
0.060453229486
0.000245922883
0.010206791859
0.00023586392
0.000235253909
0.039520565593
0.057571041581
0.00023619519
0.025069011213
0.000245442807
0.009759964887
0.025409182757
0.005064943306
0.000238227389
0.004582979929
0.012423946341
0.004629014384
0.013666621062
0.023959266634
0.034215872519
0.01326536101
0.000238300576
0.002350963197
0.023865117436
0.026024433246
0.004049210852
0.000242582624
0.000245266838
0.008971009138
0.035387853081
0.000241232087
0.009731947205
0.035583941848
0.000236182622
0.009829253635
0.00831015732
0.00024021048
0.000244041202
0.000244575465
0.007113991805
0.005558993775
0.035138773303
0.00257152271
0.010706663266
0.055550408318
0.000240811279
0.003940583957
0.003178297385
0.01096002779
0.025186593089
0.048221735059
0.000244184425
0.007917974008
0.01025707681
0.000245474267
0.011016076913
0.022585441964
0.035806986116
0.055848719856
0.000239422605
0.000238748622
0.00733740672
0.030700905865
0.000234668267
0.00024570819
0.007325229053
0.000530608224
0.01073040835
0.000236618741
0.000244571642
0.010550362073
0.024601637426
0.05008151786
0.000819232644
0.01816703678
0.020128861336
0.004964057681
0.01177872559
0.00418655146
0.03354094765
0.052312940258
0.002014689157
0.006312831799
0.022402247755
0.002587932406
0.012934716497
0.036675184496
0.085731982022
0.000240570696
0.004944452455
0.010011691033
0.00948287833
0.04081179049
0.002652163
0.000236054868
0.008312670398
0.025712787868
0.034152834857
0.000527054672
0.012010776913
0.032075701203
0.000234713086
0.000235894537
0.000526948157
0.006802310609
0.000243653856
0.00622313062
0.041175681407
0.003152462311
0.012391158718
0.026711056007
0.00172244503
0.01122768926
0.010471938152
0.000246342618
0.003014554951
0.063479030138
0.073499476367
0.004242865349
0.000527507051
0.004036513875
0.005777202834
0.000235598533
0.003764084525
0.02930479813
0.012400888253
0.014363959235
0.047940361267
0.000245818156
0.010731551206
0.015962960372
0.051185375417
0.000241554318
0.000246906009
0.00339366393
0.000241427181
0.008170683531
0.007490096327
0.037414060531
0.058292664769
0.085382560287
0.000819585169
0.010189803722
0.000243287064
0.006618845716
0.000244486688
0.008161103102
0.070378063422
0.086744547557
0.001111902726
0.013569534941
0.014151407028
0.041932111935
0.003192160079
0.004298189641
0.000237453647
0.003356979554
0.00478310045
0.055480813577
0.006080881585
0.006969225959
0.0110611268
0.000241026391
0.000236856782
0.001710209929
0.011279527538
0.012153784896
0.000236898025
0.000528950408
0.008030292282
0.000821455326
0.012814315168
0.00053504346
0.000241220683
0.000241247611
0.002699846712
0.004991769414
0.000535859092
0.000235496825
0.004691949226
0.01639917888
0.002057175209
0.000236673979
0.008674526101
0.001752153372
0.004099424209
0.067451907606
0.000234799824
0.000528135766
0.001123311949
0.01029438674
0.003583732127
0.0031292255
0.054485714434
0.000528527844
0.01762735009
0.075185513197
0.004544814396
0.007096900691
0.000238373403
0.000242774796
0.006791449214
0.009556886614
0.000241562044
0.000851928857
0.002019031703
0.000238941727
0.009701302608
0.065020381158
0.003447502801
0.015223325785
0.042887371868
0.101297567753
0.000242965708
0.002894898172
0.000237219731
0.001760788065
0.002825025708
0.002312328597
0.003200809325
0.00053246162
0.001114783639
0.003471328479
0.012486694453
0.005910985147
0.000527142865
0.001720310475
0.014050779432
0.000533526784
0.002673892432
0.000239918884
0.006928716888
0.036806613815
0.000244206291
0.000234569593
0.001181656473
0.001409905031
0.003056536016
0.00393099536
0.002806687742
0.008969527731
0.000245208169
0.013030270116
0.013709697275
0.077465973653
0.012952902133
0.000242210754
0.000235981804
0.006476288594
0.000239815095
0.00288547227
0.015979665272
0.00053625267
0.003447517661
0.00461290624
0.008691742883
0.027407137874
0.000242837178
0.000526953763
0.00113574135
0.022801922014
0.000235477241
0.000237357119
0.002949887628
0.001159638526
0.000241407308
0.008218404742
0.014080477428
0.016223513402
0.000528239611
0.004685706253
0.000828271012
0.000238452382
0.000240564554
0.000833843648
0.000239604544
0.015275380627
0.022459822805
0.033048331231
0.000238001354
0.002686219346
0.000239905017
0.000531840205
0.000531952946
0.0036772983
0.000238562267
0.001144250593
0.000534009177
0.001115279193
0.016479399248
0.09332742985
0.002053352185
0.000525309396
0.002023046349
0.010361815305
0.000242298604
0.000826847895
0.004962362051
0.000240628839
0.012187376179
0.000242236122
0.000233556565
0.009867431131
0.02122564608
0.021809305825
0.001757385995
0.021977104642
0.024408315388
0.001475761316
0.000862835986
0.00082414329
0.005120419253
0.000239170355
0.000821332107
0.004218660225
0.019209546202
0.000530132548
0.001444747687
0.002892663073
0.016648677576
0.060242927251
0.00023529418
0.000529114787
0.001113113749
0.000238809578
0.013321495251
0.046991603683
0.000240091294
0.001109791011
0.000240433872
0.000533675238
0.007605943585
0.000235884525
0.003603017352
0.004456753611
0.001898767059
0.013366141377
0.000528666315
0.006153069487
0.013233447942
0.014108164536
0.000240292587
0.000242881011
0.004025141644
0.022616814521
0.023489093545
0.000236344746
0.005832906196
0.025377679972
0.026719170784
0.003563618793
0.000238101184
0.000822736107
0.024056474994
0.034158377769
0.000236989421
0.000237607622
0.005394915861
0.000240185417
0.010994197032
0.026730425034
0.061517917868
0.000236311073
0.000239116372
0.001115023535
0.006027712805
0.000238657695
0.000238827118
0.000822308597
0.000237035855
0.000528621033
0.007045143216
0.000243286538
0.001152230371
0.000242972049
0.007195153494
0.000241757907
0.00023821989
0.001124585429
0.007987968634
0.010174694814
0.00024050656
0.002659836166
0.000527444516
0.00052442643
0.000527023104
0.009375093712
0.024215434143
0.000817651634
0.010866959354
0.000239595193
0.00023610726
0.000528614502
0.000528682671
0.001429582892
0.003468811915
0.015334179096
0.00023748485
0.007485656302
0.006401907399
0.000238618982
0.000822974836
0.006341645368
0.000530145131
0.010352798801
0.00086471392
0.000245750501
0.000528050913
0.001136307608
0.000235547762
0.010736807714
0.012079185171
0.01786355481
0.057212877545
0.000235327363
0.000236229318
0.001115497843
0.014068887551
0.024703670205
0.000234672465
0.006718107042
0.016497114927
0.002603414475
0.003768410074
0.021501170038
0.000246653857
0.000245261582
0.000529160768
0.006400832586
0.00739022243
0.000238994544
0.000530074782
0.001140174989
0.004203025322
0.000237796066
0.001112172723
0.009830528489
0.000244697865
0.006690613179
0.000243255314
0.000243437925
0.010367195051
0.000241885891
0.000525952036
0.001109978063
0.005595490383
0.00847710361
0.012606443292
0.000240136369
0.008334337297
0.001148565345
0.000237766037
0.005854300756
0.000237698735
0.000822096155
0.009805390677
0.016947987778
0.006768225836
0.000526040935
0.006394628953
0.00817020764
0.012439168155
0.002871693555
0.008768402161
0.009590704937
0.002883693816
0.00663576941
0.007219190095
0.000235811904
0.000526157479
0.000242227725
0.000851316363
0.001426329355
0.010142859022
0.000244358226
0.000235135633
0.004072726066
0.006757074724
0.005783118811
0.009291830384
0.011040545432
0.020992551408
0.000239624348
0.000239948229
0.000236154224
0.000241911276
0.000825163422
0.000525852107
0.00407932211
0.018500541403
0.000246367141
0.000234380135
0.002061048861
0.015904652254
0.000241891863
0.000533338553
0.00023799948
0.000529425256
0.004225866712
0.000244009737
0.000531231611
0.000239821011
0.000240890218
0.000822541969
0.000532878145
0.004760135788
0.009616551333
0.000234726003
0.000535637446
0.011989053151
0.000241689214
0.000823835438
0.006502627037
0.017016335021
0.000240196933
0.000240608721
0.000241870755
0.000837419311
0.000240574675
0.005119640911
0.00082255843
0.008292185721
0.000242816652
0.000530197411
0.002606059319
0.009323639241
0.000234838538
0.000527211331
0.002544823143
0.001118515976
0.005203930186
0.032926719192
0.004274087827
0.003200902692
0.020647011456
0.005811535202
0.011080468193
0.000525752046
0.004202444282
0.004938178409
0.014829684347
0.016555388064
0.043517748501
0.00024032522
0.001128124442
0.001419118545
0.000245815785
0.000245720843
0.001170031693
0.000242243554
0.000825780303
0.000237863532
0.000529027372
0.000237561236
0.000526321638
0.00597583797
0.01211126184
0.004516838718
0.012436632488
0.008552027622
0.021669662307
0.000239324967
0.000244986686
0.001131835648
0.00464124785
0.028311788116
0.000243018996
0.007582846594
0.00740715552
0.020278822876
0.004191663634
0.000234479658
0.000234598955
0.000818215832
0.001414378016
0.000529250326
0.001402783462
0.01165230998
0.022166192239
0.033722429162
0.009726299542
0.000238577535
0.000530266329
0.001114182106
0.000235514993
0.000528206754
0.000236100139
0.000820840321
0.001438831114
0.000239544051
0.004246414622
0.000233450493
0.005036190813
0.008102100734
0.004402207385
0.005187048016
0.008811809222
0.000236117234
0.000534406205
0.007051304644
0.002612584089
0.004346656409
0.011705044431
0.001413891676
0.005795677727
0.013533847443
0.035892652675
0.000240339418
0.000240674147
0.000244219333
0.00180533122
0.002587975103
0.01416148277
0.000237897022
0.001138732041
0.000242529823
0.00024018094
0.000531342885
0.000989504691
0.005643554695
0.000239030224
0.003334715196
0.00023543035
0.00869014279
0.002003807564
0.007643422416
0.004824071041
0.005116427974
0.005712720186
0.003740552903
0.005196571109
0.008221445003
0.012464727398
0.004179041916
0.015873528437
0.000244966322
0.0008417914
0.000987590091
0.007974468544
0.000529178861
0.001288050787
0.00263847865
0.002878854457
0.009975281613
0.000997472518
0.003768892455
0.006274108773
0.000244953244
0.011113138134
0.019208892855
0.000841736046
0.009002714756
0.000240752902
0.000824682594
0.000236224797
0.000244243458
0.000531608913
0.002585836862
0.001990908341
0.008883447663
0.032325642684
0.000242829841
0.000827236358
0.000235778899
0.000529116243
0.006377704699
0.009597967998
0.000243694379
0.000235909687
0.00115078583
0.000841762487
0.014668080517
0.000239499994
0.00363138378
0.008495821783
0.03412174802
0.000245365862
0.000243864473
0.000533404522
0.001432979812
0.007192234907
0.001142339057
0.001723514613
0.004665171231
0.000236324608
0.000237271746
0.000527665997
0.00113654491
0.014457591256
0.000241579934
0.001155997638
0.000839302484
0.000528674977
0.002997629696
0.002084276861
0.000243313259
0.001130553543
0.009488389904
0.027374192503
0.000528018495
0.001111362126
0.007174277013
0.001138852242
0.000242816648
0.000235948635
0.001151348222
0.00114711886
0.000242456159
0.002902789353
0.001144022765
0.000235988077
0.004164674428
0.000246371963
0.001429005315
0.010207159978
0.000238439137
0.004874084972
0.013652541178
0.003860070729
0.00475935633
0.001139537885
0.000238185442
0.000234654137
0.000528399219
0.000241307124
0.000237824953
0.000529421402
0.000848189807
0.001739697034
0.008247265133
0.000241279257
0.013059589934
0.000527795219
0.004696405575
0.000237735116
0.000863555333
0.003322893925
0.003368321138
0.001848142096
0.000243398853
0.000534406481
0.000240138201
0.000238514526
0.000530571559
0.000538091958
0.005341408952
0.010222180039
0.000242352357
0.0059286454
0.001128649292
0.004973952469
0.000824128644
0.003952732836
0.012973227523
0.001404663812
0.003153192562
0.004317360487
0.00895034355
0.005545924657
0.000241100202
0.000235069603
0.000242925179
0.002087022512
0.000245232629
0.006817959785
0.013208537114
0.002387816487
0.000239944295
0.001986527272
0.017387278102
0.000234764795
0.001110468893
0.001116095988
0.001698098671
0.006094934393
0.000236278763
0.000239133501
0.00023659349
0.000247176841
0.002320879158
0.000235520254
0.00023649344
0.000235234864
0.000242325018
0.000239854344
0.00052662562
0.00052828199
0.001111748884
0.006689846015
0.011373510595
0.000239133234
0.000235710166
0.000240108593
0.001165339234
0.001806863615
0.000246250328
0.000238779709
0.00085379556
0.00111249949
0.000241593694
0.000239605346
0.000240140129
0.000247058942
0.004342156232
0.000238263737
0.000824132814
0.001116839107
0.002296037468
0.007298497657
0.00400124243
0.004333188811
0.000240905063
0.000236500212
0.000239084774
0.000533534443
0.001401889542
0.002325963397
0.004390501171
0.009360027828
0.012575492499
0.000858466109
0.000235564741
0.003331661876
0.000238430744
0.000246336583
0.000244158732
0.000861153795
0.000238392057
0.000533260867
0.002029545363
0.001855626494
0.000235603721
0.000244050254
0.000236373482
0.00299348907
0.001459917611
0.001812848528
0.002000028417
0.003621587899
0.014158814394
0.000238690172
0.003347245454
0.000239279578
0.00024551389
0.000246947062
0.000844705522
0.001439863237
0.000867682355
0.000245153526
0.00024423209
