0.000234673006
0.004863430446
0.000243326287
0.000235484558
0.000239458172
0.003334699984
0.006110807892
0.006399831327
0.000246327925
0.011204759366
0.012822153725
0.003268313447
0.013355733838
0.001712443424
0.00082117476
0.004255065635
0.018153688551
0.02877805506
0.005800580242
0.000238301457
0.000241871366
0.006777051222
0.000244366172
0.000246539574
0.000239652981
0.000526247222
0.005255154385
0.023185329014
0.00024588441
0.009630974753
0.018086006906
0.003783053076
0.010463395115
0.02728968404
0.000236520826
0.00519323487
0.000235605357
0.000240812502
0.00310152764
0.000234744336
0.024780503474
0.042792832676
0.076012903504
0.002402847888
0.000838042244
0.001433060227
0.008236282205
0.000241381014
0.000236495957
0.000837110152
0.009759370224
0.021985772409
0.028377591401
0.037812357882
0.053681651879
0.004078905
0.00854725033
0.000234969344
0.003648275684
0.000239187019
0.000240840745
0.001119650893
0.005230568593
0.01607286855
0.002421454419
0.003654384313
0.00024329999
0.006333997487
0.007339598347
0.018172096559
0.000527604941
0.016527170246
0.025643288253
0.038936988294
0.000234614632
0.011047117629
0.012190290642
0.021450875978
0.000242274279
0.000235718333
0.009640413673
0.005213500534
0.000238730778
0.002051991977
0.002661905666
0.009953374631
0.001727537607
0.003764984649
0.005525264721
0.000239307073
0.000240332391
0.00666427493
0.000236143668
0.003757046462
0.008420928319
0.000235680639
0.000823543779
0.014046418291
0.001729344894
0.019326597933
0.053297279944
0.000246336792
0.00231206699
0.017760757929
0.040733330896
0.000238868621
0.000835258509
0.000238469464
0.007496353214
0.0002407304
0.002066001492
0.003531740192
0.004116003443
0.022488075564
0.033106781466
0.033398827922
0.003563927084
0.000234725513
0.003919644087
0.008893024725
0.00024602171
0.002532655447
0.036211764859
0.045638095489
0.00023619977
0.000240826928
0.001128419255
0.004775774312
0.011096724712
0.000245158262
0.000238547648
0.000531743595
0.006942965747
0.009629102173
0.007044328799
0.000242204981
0.007264255789
0.023877068814
0.004176961209
0.007144726077
0.000237544211
0.007549470452
0.000245428268
0.00023843255
0.003816484862
0.017172200528
0.005502871667
0.000246866747
0.008651734289
0.000236807869
0.000534024714
0.000244188223
0.000244593541
0.001780035902
0.000234204017
0.003832826383
0.00023734964
0.000528899637
0.000526170828
0.001110916079
0.003951331663
0.005669842753
0.02690486361
0.005255589821
0.011464291321
0.000243246533
0.000243814591
0.004285096752
0.000234467523
0.005290704063
0.016163689645
0.026761801096
0.007442455052
0.00024680791
0.004677955045
0.005260982868
0.004249209637
0.021111351308
0.000233999922
0.00023523496
0.000527397562
0.006591934515
0.004970903827
0.005844370128
0.015472943207
0.000528320911
0.004724961086
0.014089265083
0.000526864776
0.00329302438
0.005095017779
0.002315280981
0.008376578011
0.011010974035
0.000238061455
0.00023860349
0.002737712577
0.000236641088
0.00023795446
0.010535357874
0.016782787887
0.000245988058
0.000235422794
0.001417225321
0.002594506599
0.000233709247
0.000239430512
0.008842453373
0.000855901684
0.000239228327
0.001429738042
0.003788419313
0.002005011853
0.021678797281
0.000234953234
0.000525676085
0.006900173582
0.000237218351
0.000242953219
0.001143411409
0.00024284189
0.000243133113
0.0030201141
0.002670891005
0.000246552494
0.008645487128
0.000240305809
0.000237180433
0.003007192208
0.003615748786
0.000239365968
0.003446065727
0.007335005187
0.016012691623
0.000833911979
0.000235618451
0.001149892171
0.003547178353
0.019857533744
0.000237895199
0.001113046775
0.000240361212
0.008939670241
0.00024496139
0.00024443548
0.004078697767
0.00024538073
0.004414598287
0.013216597905
0.000238954109
0.001128371456
0.027480215406
0.000245799321
0.000532971665
0.001159087405
0.001413580006
0.002885968202
0.005203333449
0.001115570696
0.012074241352
0.031302657957
0.001403058142
0.016643744689
0.048245110774
0.000241467598
0.008908108193
0.000239519301
0.000237145792
0.000863082468
0.009407223791
0.000233897343
0.000246625016
0.000526133439
0.004796125221
0.00053685638
0.000238032317
0.000861650895
0.00111767348
0.004352297397
0.009278977301
0.000237887293
0.005016187932
0.001109896608
0.001693328998
0.005217321993
0.000818483091
0.011047123436
0.035456807981
0.000242143241
0.007808593229
0.010135487993
0.000244376666
0.001449573767
0.009681112353
0.002398410269
0.000234342698
0.000246945241
0.004875369345
0.000239633103
0.000237580173
0.014892886912
0.001177895668
0.00052736987
0.001124658224
0.008287971028
0.000239760116
0.002624991837
0.005602287503
0.000240185632
0.000532812968
0.010651886906
0.000244895718
0.005050561976
0.00024015694
0.000837363061
0.002056309759
0.003295389552
0.000241551563
0.002001854628
0.001193257234
0.015377009548
0.000239187244
0.000243096145
0.000852733071
0.01928139835
0.00478052333
0.000235495499
0.000246063953
0.000528925591
0.000243431217
0.00023540593
0.000236881487
0.000242649935
0.000532966616
0.000242025081
0.006438621292
0.000247060996
0.000847884065
0.001429885662
0.000238805437
0.000234974394
0.00082074795
0.000240699332
0.002727727476
0.000239001278
0.00052660371
0.001985983805
0.002275200631
0.000526563871
0.001400244591
0.000239241009
0.004613219141
0.000244008423
0.000851922141
0.008796039155
0.000244372023
0.000239352897
0.000239338327
0.011394641176
0.000246336484
0.000846587319
0.000245755283
0.000235155669
0.004648759522
0.008196906422
0.000236816361
0.002696533565
0.000239805065
0.004377919996
0.009087288037
0.02079479522
0.000245906233
0.000838770894
0.004664720795
0.000236811662
0.000236971062
0.000818613856
0.004052986344
0.00024632285
0.000836562584
0.000239366164
0.005817189069
0.000240164285
0.007491689411
0.000234982091
0.000237583059
0.000532553006
0.000235335636
0.003521324401
0.000244682361
0.002957240773
0.000242757118
0.001142660943
0.000242455135
0.001436247815
0.004098738803
0.014086983557
0.032002740638
0.000847638605
0.013622420785
0.000245584827
0.00384414625
0.00052764227
0.001112906359
0.000234907289
0.001426882437
0.000244576082
0.00731117893
0.000246298445
0.000869227182
0.000242016141
0.004109522261
0.006443137976
0.012656071197
0.000238898374
0.000243115378
0.000238216685
0.000847339893
0.006133818352
0.003598079367
0.000237881766
0.001125987724
0.000234082394
0.007324254304
0.001132698974
0.005142452008
0.003835503451
0.001422597363
0.000246011865
0.00023892395
0.003376311982
0.004748355471
0.000238775191
0.027797337718
0.000246177316
0.004776907842
0.005943637396
0.000532269465
0.005846788924
0.000237708813
0.002768079412
0.0086111237
0.000245741116
0.002048620805
0.000244186833
0.000240718653
0.002941433444
0.01272782442
0.000534541928
0.000242027378
0.000241851811
0.000537778365
0.004467416157
0.000829809364
0.000238157257
0.003593141736
0.000242585596
0.000239886214
0.048605140205
0.002251391685
0.00023991997
0.005229337303
0.000234258376
0.009137556938
0.000240782144
0.000235306739
0.000238775207
0.005756952578
0.000233763557
0.003360949262
0.013261595596
0.004691986714
0.037642405433
0.000234524907
0.002771360315
0.004839442278
0.00023938838
0.000237739491
0.006930601219
0.000240834933
0.000245895002
0.000235519509
0.000239863184
0.000525758677
0.0045927546
0.000239678449
0.000241459895
0.001137641399
0.003206331123
0.00258389721
0.003152472784
0.000238453228
0.006663531455
0.002407223415
0.000239565982
0.000237614296
0.000238524624
0.006573420729
0.000857205464
0.002407472611
0.000235963326
0.0039392813
0.002394825655
0.000237235567
0.032373310995
0.032029102456
0.000235013618
0.005348547011
0.005650319873
0.002985712946
0.000234591503
0.000236300568
0.000235801139
0.006066039668
0.000246883892
0.000236096078
0.000235000525
0.000235210837
0.002650569581
0.007382411821
0.000239479742
0.005084332441
0.000240250502
0.006233681664
0.000240608305
0.00023658607
0.000236957424
0.010281266434
0.000242447835
0.000236462681
0.000818615918
0.000244488047
0.000240844465
0.001117118926
0.01048164465
0.008776416138
0.004820726644
0.000241726795
0.000241984898
0.026773460007
0.000236852872
0.004160937162
0.000241939015
0.000237801205
0.000236569758
0.000246224271
0.008065610152
0.000237277834
0.003053121534
0.000240967538
0.036055252914
0.000242949519
0.001148609089
0.000246692472
0.000236293531
0.00024029296
0.000822408418
0.00023784898
0.003086674076
0.007182432241
0.000234496778
0.004592144606
0.001126292708
0.003182487445
0.036560701038
0.001138373535
0.000828846482
0.000243186726
0.001134966302
0.000241411523
0.000242480489
0.000847808326
0.003204720626
0.006948437937
0.004573924806
0.0002451759
0.000841600106
0.000245598321
0.000846505629
0.000237114697
0.010471978212
0.000245090318
0.000239947053
0.000861035528
0.00024369985
0.000237733362
0.0071050273
0.000237466946
0.000854249089
0.004478379996
0.000235140925
0.00024040645
0.002425359679
0.000244108999
0.000237632703
0.000234882493
0.000237958012
0.005750667166
0.00023624544
0.000239285711
0.005623089117
0.000243534303
0.002404733571
0.002722498361
0.008459673704
0.000233910277
0.000245389521
0.0039898838
0.000237831257
0.006410545459
0.000533356524
0.000245492157
0.005542887974
0.000235271725
0.000533306588
0.00295690684
0.000244052212
0.000234962753
0.000830290737
0.000239023862
0.000235364207
0.000241755442
0.000238770216
0.00023952762
0.000239962814
0.000234698319
0.000239308352
0.000244563898
0.000238513603
0.000243044028
