0.042204466639
0.000536252486
0.015273808821
0.03177610808
0.000240960758
0.000537247455
0.000529866345
0.007968705773
0.000238910113
0.000247156608
0.085382990731
0.000238132821
0.000241086518
0.006913669828
0.00053539285
0.006704289551
0.000243706528
0.001460945403
0.00023736879
0.00023865091
0.00968710362
0.00141720626
0.015159931559
0.024808659155
0.002255618004
0.003745973248
0.008651097956
0.000239953342
0.000236852782
0.002687780003
0.000240960698
0.000534327397
0.009511826078
0.000244367045
0.006159766488
0.006392780848
0.000239694203
0.000244539862
0.000245433481
0.017043427579
0.004610184169
0.00023425089
0.00023822918
0.005290998476
0.027475096774
0.013775032824
0.026129954409
0.000841513726
0.001152287877
0.017835854895
0.006279370335
0.012001030324
0.000245191838
0.011748255638
0.024188566203
0.00765371522
0.008817934461
0.044978631882
0.006293863335
0.000236071047
0.000238467462
0.003873818873
0.003015795186
0.000233495677
0.009088442209
0.012054409989
0.000238725493
0.00024290715
0.004517800957
0.001136647712
0.000239019141
0.00024038378
0.000245487338
0.000242293611
0.001469432968
0.000244588779
0.001457691318
0.011645295135
0.014122886923
0.000235081452
0.000244955998
0.000240972957
0.000242467745
0.01019767666
0.044878454375
0.061240154122
0.000236514552
0.001796219895
0.001766637794
0.005128528097
0.000242857041
0.003866552612
0.0002387997
0.000239565979
0.003920067756
0.000238708813
0.000821643646
0.000534798331
0.04311426018
0.000239335556
0.00023954306
0.000240716654
0.000235769805
0.000246885142
0.000243635277
0.000535676664
0.000235024127
0.00546969961
0.000241807257
0.005516523987
0.000839125842
0.000535661265
0.00298033529
0.0042273402
0.000245726028
0.000245993017
0.000237497437
0.001821437405
0.000242415653
0.005530252753
0.000243035451
0.000243826168
0.000534618223
0.009347378499
0.00023441559
0.00023458743
0.000238943012
0.006681984504
0.006800545778
0.000244335457
0.002730387177
0.007958640301
0.000238575944
0.003733773536
0.005607896399
0.007956950187
0.000245282736
0.00426320199
0.000246333655
0.000234811685
0.000244284582
0.000245800483
0.004264592233
0.07922999469
0.000245958431
0.000234680581
0.000843474017
0.000238291208
0.003318484563
0.000247028072
0.000236630315
0.00023692278
0.005234445855
0.006707210324
0.000246376998
0.000246898297
0.000236821799
0.000237565684
0.000235473043
0.00023465504
0.00732439295
0.000241323981
0.000235038456
0.000235490861
0.000237466307
0.006715226003
0.000236079829
0.006768064416
0.000243688972
0.000238068502
0.002998592807
0.000244390518
0.000237412768
0.000239106287
0.000531101529
0.000234174109
0.000234247811
0.003290139106
0.000237447661
0.000238227005
0.000244129165
0.004336735559
0.000238080029
0.00597801972
0.000246171652
0.004520559209
0.000243401932
0.000527900928
0.014326878214
0.000235658871
0.000820044646
0.001403612568
0.000537556347
0.005415180703
0.000239175382
0.001114080175
0.002641771773
0.000535680129
0.000233598013
0.000243734115
0.002793729477
0.000860456991
0.000238021154
0.007324672731
0.000818770695
0.013985411304
0.000242372441
0.005319369099
0.000241320104
0.0002426613
0.000855295667
0.000236655883
0.000528694222
0.001998139858
0.000236796826
0.000242191678
0.004479843451
0.004888297441
0.000237634959
0.003488595146
0.00581933663
0.000533110048
0.000243837643
0.000244681373
0.002012375177
0.013993878928
0.006043069236
0.00053030862
0.000243511623
0.003865036101
0.003930937861
0.000234710175
0.007054257327
0.000531634397
0.00452897403
0.002972026733
0.000236776537
0.007679724777
0.013662271262
0.015196790459
0.000239706971
0.001773093678
0.000241678173
0.000819129982
0.004954613841
0.000846094358
0.005907419533
0.000528029497
0.000238503702
0.004247850176
0.000240934902
0.000863615104
0.018154017165
0.004139394296
0.000238124967
0.000243563544
0.000236288364
0.001150122987
0.002643215831
0.000239828499
0.000242753687
0.000535271876
0.000528447103
0.001138348094
0.001153995629
0.001715990108
0.000844741928
0.012727649736
0.003256000993
0.000865016681
0.004152394134
0.010167081646
0.040062920252
0.000242048821
0.001129312356
0.009978702791
0.000242282502
0.001156060001
0.001800937529
0.001450628563
0.000235695966
0.000822180182
0.001128322193
0.018883196181
0.000535596288
0.000242148652
0.00023844175
0.003291767579
0.010269864318
0.000238427789
0.000244299397
0.001712267584
0.000236287473
0.001137088713
0.000237183865
0.001470590474
0.008330108108
0.01202176399
0.003940751581
0.000237955796
0.006145634801
0.000858016069
0.00023442946
0.00023552792
0.000245491986
0.000529116832
0.000238950803
0.000244067686
0.001724357777
0.00145976426
0.000238815206
0.000864410313
0.000240130043
0.004271226045
0.00024407035
0.001195825653
0.00140154151
0.000246747511
0.000238375702
0.000867721645
0.019319388924
0.000241712251
0.001496504846
0.005990650504
0.004606404994
0.013502048154
0.000245882225
0.006800395713
0.000236519565
0.000237053447
0.000238601796
0.001114030933
0.000234555998
0.00024123135
0.000848020427
0.003928988554
0.003304967681
0.000833047563
0.001416587568
0.00053078469
0.000243386559
0.002463209428
0.000234393449
0.000234952306
0.000818359801
0.000247236989
0.00147326161
0.000534955917
0.000236019045
0.000234829498
0.002993982549
0.000244445294
0.000236031173
0.000241182392
0.000241559173
0.0005277954
0.004496088199
0.009636674613
0.000237818225
0.001416226663
0.003013847417
0.001144319888
0.000861004594
0.000246091303
0.000238902109
0.000244165119
0.001774222483
0.000235674641
0.000246981778
0.001486963393
0.001133162985
0.00024473385
0.00024535896
0.000245632959
0.000234048176
0.000234652136
0.000242443479
0.000240203339
0.000526692932
0.000244080873
0.000237354615
0.000236341263
0.000245462975
0.000235916301
0.000235734904
0.000244317918
0.000245052496
0.000235937574
0.002037092479
0.00024438085
0.001746172708
0.000240363213
0.000239962862
0.000246520061
0.000241465042
0.000241835669
0.000246069724
