235
230
226
228
229
174
37
34
43
35
45
64
84
87
57
43
61
38
53
48
60
42
62
69
43
62
56
68
59
79
69
67
84
78
104
84
187
163
89
46
75
73
151
78
56
48
140
71
112
83
253
156
193
201
131
127
182
164
131
145
137
117
121
105
115
134
87
117
125
139
74
112
100
115
94
100
115
100
112
137
95
107
105
138
113
102
105
135
124
131
146
228
226
125
126
122
136
152
221
104
249
64
98
61
98
88
108
120
139
152
154
120
158
163
181
361
153
158
151
123
177
162
167
182
166
142
165
165
177
404
221
226
370
163
164
147
229
437
135
205
129
192
175
197
188
154
199
199
236
258
302
263
321
556
381
362
171
446
147
268
155
403
124
203
167
378
279
221
352
407
221
214
320
307
253
303
260
225
269
272
287
262
82
59
301
128
102
130
309
303
307
58
298
348
318
106
64
326
62
97
