236
230
217
209
226
234
50
50
45
42
39
74
78
70
46
43
46
33
45
47
52
41
46
75
45
79
39
68
63
93
60
65
90
81
101
93
214
178
77
75
71
73
151
101
64
61
145
65
125
84
225
154
168
198
143
137
183
163
120
141
130
122
134
111
114
123
104
124
133
137
77
124
132
122
81
102
111
90
111
119
109
120
122
125
117
134
139
123
140
138
184
222
305
133
126
124
155
190
214
121
292
75
86
71
78
94
90
102
122
179
156
142
143
159
176
397
148
165
149
144
153
148
151
203
155
109
169
148
192
410
257
245
421
158
184
155
247
470
98
212
116
153
178
221
190
184
230
218
281
311
317
324
337
526
363
389
183
471
211
270
201
353
123
202
185
370
269
231
357
403
240
222
348
297
228
309
287
245
281
306
277
293
77
63
283
129
112
138
305
279
329
62
295
336
307
127
77
325
67
98
