87
84
100
43
62
68
50
73
76
89
116
106
92
103
85
85
59
90
97
67
57
113
100
127
111
147
172
110
156
149
162
194
185
202
97
172
189
90
97
165
73
98
113
190
77
95
128
128
137
154
141
106
118
129
132
110
103
118
93
125
105
92
95
96
131
126
140
92
117
132
104
115
234
216
105
290
290
130
117
255
284
107
122
94
114
145
205
217
244
170
111
134
432
108
359
56
93
398
290
139
91
153
112
416
79
323
360
107
86
50
121
182
471
178
155
140
109
106
105
106
96
90
89
369
397
84
291
349
78
266
351
69
318
198
64
290
56
48
154
283
47
312
172
207
37
39
26
19
7
9
