87
84
100
43
62
68
50
73
76
89
116
106
92
103
85
85
59
90
97
67
57
113
100
127
111
147
172
110
156
149
162
194
185
202
97
172
189
90
97
165
73
98
113
190
77
95
128
128
137
154
141
106
118
129
132
110
103
118
93
125
105
92
95
96
131
126
140
92
117
132
104
115
234
216
105
290
291
130
117
255
283
107
122
92
115
142
205
218
245
170
116
135
426
113
363
53
94
404
284
136
96
157
110
433
85
339
377
117
89
56
124
185
454
178
155
144
107
104
104
106
96
91
92
353
389
79
279
338
71
268
363
65
312
205
62
293
55
46
163
282
46
298
168
205
37
39
26
19
7
9
