14
19
20
20
23
13
19
18
19
9
19
20
25
35
17
19
19
18
24
19
28
22
20
28
18
24
28
24
29
20
25
23
22
30
25
24
2
1
34
37
53
50
0
26
39
36
7
54
26
18
39
53
39
41
45
38
42
33
47
49
42
36
38
46
37
43
30
27
41
45
20
34
41
33
30
25
48
30
28
48
39
24
34
38
35
27
43
45
33
27
75
1
6
77
62
40
78
86
16
66
15
12
24
25
31
34
35
35
26
36
38
38
25
30
37
27
37
33
19
21
23
22
38
43
35
27
29
24
77
17
119
120
45
40
88
71
116
14
18
52
11
17
17
26
54
43
34
47
36
34
37
34
59
56
34
55
81
77
82
57
76
50
70
80
89
30
47
66
105
84
47
61
81
73
61
81
66
55
55
59
46
54
50
30
66
62
47
59
46
55
49
24
45
54
54
52
21
55
30
34
