23
16
16
25
23
17
16
18
14
10
17
14
31
24
12
14
13
13
18
10
24
21
22
33
22
29
23
21
28
23
28
31
26
24
23
25
0
1
24
43
43
52
0
22
45
40
5
41
35
21
53
47
42
10
47
46
40
43
38
45
41
37
35
43
36
35
33
28
44
45
22
32
41
39
34
34
46
29
32
51
39
29
36
34
38
30
45
37
36
30
88
1
10
73
73
28
76
94
13
68
17
20
15
26
22
26
35
33
24
43
28
30
36
31
47
31
43
25
19
18
15
16
25
41
27
24
21
21
84
15
110
120
45
38
85
67
104
26
21
49
16
17
13
27
58
39
38
54
45
41
43
37
64
57
31
60
65
101
97
57
90
48
57
73
56
27
45
56
97
97
58
56
89
80
58
83
65
64
67
53
54
65
46
28
71
49
42
65
51
69
58
29
53
47
61
40
23
62
34
34
