0.074949875021
0.056733495674
0.000234064102
0.000246346706
0.000241888788
0.000237133422
0.000243515145
0.000238567828
0.000235593118
0.000236634247
0.000246864526
0.000241882132
0.000239945123
0.02866108214
0.00024403079
0.063016787966
0.000245838215
0.000234639133
0.000246086808
0.000245670201
0.00023969904
0.000245564822
0.000245658289
0.000246281387
0.000234307594
0.00023323943
0.004253276875
0.000238108945
0.000243629632
0.014322155651
0.000245053025
0.001731977886
0.003009052694
0.000240931451
0.038200201254
0.000234481941
0.050550440747
0.001204476415
0.000875162151
0.000243949377
0.000235433207
0.00023636191
0.000240911788
0.026379369334
0.000234931951
0.000238865665
0.008477980069
0.000237474378
0.000233723852
0.003634455006
0.000245154921
0.000237857561
0.025349268864
0.014094658409
0.000238141993
